date,stock_id,Trading_Volume,Trading_money,open,max,min,close,spread,Trading_turnover,Trading_money_rank
2020-11-24,1342,1930110,122253650,63.0,65.6,61.0,65.6,0.0,1383,274
2020-11-25,1342,1178490,78584464,65.6,68.7,65.5,65.8,0.2,865,338
2020-11-26,1342,556770,35174672,64.0,65.0,62.0,64.0,-1.8,442,425
2020-11-27,1342,280000,17598200,63.5,63.5,62.5,63.0,-1.0,220,536
2020-11-30,1342,291250,18205915,63.1,63.7,62.0,62.1,-0.9,229,585
2020-12-01,1342,173597,10818841,62.2,62.8,62.0,62.2,0.1,149,615
2020-12-02,1342,178796,11250254,62.5,63.5,62.5,62.5,0.3,141,614
2020-12-03,1342,188299,11635596,62.5,62.5,61.5,61.7,-0.8,150,602
2020-12-04,1342,203527,12424216,62.0,62.1,60.1,60.6,-1.1,183,591
2020-12-07,1342,484527,28702278,60.6,61.0,58.0,58.3,-2.3,322,511
2020-12-08,1342,165438,9793637,58.2,59.7,58.2,59.2,0.9,121,625
2020-12-09,1342,253100,15457999,59.3,62.5,59.3,62.0,2.8,212,579
2020-12-10,1342,194771,11829492,61.8,61.8,60.2,60.3,-1.7,124,611
2020-12-11,1342,240072,14369392,60.4,61.0,59.0,59.2,-1.1,141,597
2020-12-14,1342,87307,5248515,61.0,61.0,59.5,59.9,0.7,81,676
2020-12-15,1342,71093,4265921,60.5,60.5,59.7,59.7,-0.2,57,730
2020-12-16,1342,116032,6906252,59.8,60.0,59.0,59.5,-0.2,78,681
2020-12-17,1342,87090,5124630,60.3,60.3,58.6,59.0,-0.5,74,675
2020-12-18,1342,130174,7782033,60.2,60.2,59.0,59.7,0.7,100,634
2020-12-21,1342,79760,4775316,60.5,60.5,59.5,59.5,-0.2,60,723
2020-12-22,1342,105301,6216219,59.7,59.7,58.5,58.5,-1.0,88,709
2020-12-23,1342,119301,6946608,58.5,58.5,58.0,58.3,-0.2,107,637
2020-12-24,1342,60200,3525700,58.5,58.8,58.5,58.5,0.2,47,726
2020-12-25,1342,320473,19458524,60.0,61.9,59.9,60.2,1.7,255,516
2020-12-28,1342,172063,10518189,60.1,61.7,60.1,60.7,0.5,135,635
2020-12-29,1342,127300,7656890,61.0,61.0,59.5,59.9,-0.8,88,671
2020-12-30,1342,125606,7486581,60.3,60.3,59.0,59.7,-0.2,96,678
2020-12-31,1342,75508,4519962,59.5,60.4,59.5,60.0,0.3,53,742
2021-01-04,1342,128000,7632700,60.2,60.2,59.0,59.2,-0.8,91,689
2021-01-05,1342,78088,4629454,59.4,59.6,59.1,59.3,0.1,63,734
2021-01-06,1342,155025,9160291,59.2,59.6,58.3,58.9,-0.4,104,708
2021-01-07,1342,67133,3947309,58.6,59.1,58.6,58.7,-0.2,58,745
2021-01-08,1342,143640,8424035,58.8,59.0,58.5,59.0,0.3,94,669
2021-01-11,1342,77000,4509800,59.0,59.0,58.5,58.6,-0.4,66,741
2021-01-12,1342,306184,18449856,60.0,61.3,59.0,60.0,1.4,201,583
2021-01-13,1342,135361,8096958,60.9,60.9,58.9,59.5,-0.5,121,668
2021-01-14,1342,128691,7582904,60.0,60.0,58.4,59.3,-0.2,116,635
2021-01-15,1342,67696,3988184,60.0,60.0,58.3,58.8,-0.5,65,774
2021-01-18,1342,156176,9100389,59.0,59.0,57.9,58.1,-0.7,115,634
2021-01-19,1342,141475,8171358,58.2,58.2,57.1,57.2,-0.9,97,612
2021-01-20,1342,156008,8754097,57.0,57.0,55.6,55.6,-1.6,131,720
2021-01-21,1342,64530,3619966,55.6,57.0,55.6,56.1,0.5,49,748
2021-01-22,1342,56753,3193604,57.3,57.3,56.0,56.2,0.1,45,743
2021-01-25,1342,74200,4157719,56.1,56.4,55.9,56.4,0.2,44,695
2021-01-26,1342,76416,4242970,55.9,55.9,55.3,55.5,-0.9,65,688
2021-01-27,1342,35152,1955166,55.7,55.7,55.5,55.5,0.0,26,757
2021-01-28,1342,67000,3696700,55.1,55.4,55.0,55.3,-0.2,46,702
2021-01-29,1342,35250,1967824,55.6,56.2,55.6,55.7,0.4,33,817
2021-02-01,1342,21010,1167454,55.7,55.7,55.3,55.4,-0.3,21,819
2021-02-02,1342,38200,2136080,55.5,56.5,55.5,56.1,0.7,29,771
2021-02-03,1342,14000,788400,56.1,56.5,56.1,56.3,0.2,13,834
2021-02-04,1342,71197,4063210,56.8,57.4,56.8,56.8,0.5,52,650
2021-02-05,1342,20001,1137356,57.0,57.0,56.6,56.8,0.0,19,827
2021-02-17,1342,92090,5339638,57.2,58.8,57.2,58.6,1.8,64,724
2021-02-18,1342,131082,7812697,60.4,60.4,59.0,59.5,0.9,110,663
2021-02-19,1342,51000,3002200,59.0,59.4,58.5,58.8,-0.7,35,765
2021-02-22,1342,68541,4048588,58.9,59.3,58.9,59.1,0.3,56,763
2021-02-23,1342,61056,3573691,58.6,59.0,58.0,58.9,-0.2,53,798
2021-02-24,1342,112567,6641309,59.0,59.4,58.5,58.5,-0.4,89,718
2021-02-25,1342,160010,9435700,58.6,60.0,58.6,58.6,0.1,96,649
2021-02-26,1342,79100,4613959,58.3,58.9,58.1,58.1,-0.5,67,758
2021-03-02,1342,100000,5863500,58.8,59.1,58.1,58.1,0.0,71,708
2021-03-03,1342,47000,2757500,58.2,59.1,58.1,59.0,0.9,41,785
2021-03-04,1342,52000,3047700,59.0,59.0,58.2,58.2,-0.8,43,775
2021-03-05,1342,21060,1236792,58.8,59.0,58.5,58.6,0.4,20,828
2021-03-08,1342,98031,5813109,58.8,59.7,58.8,59.5,0.9,86,707
2021-03-09,1342,96168,5705095,59.8,59.9,58.5,59.5,0.0,68,706
2021-03-10,1342,59030,3505970,59.6,59.6,59.1,59.1,-0.4,49,751
2021-03-11,1342,69000,4046500,59.1,59.2,58.0,58.5,-0.6,57,766
2021-03-12,1342,32296,1891921,59.4,59.4,58.3,58.7,0.2,31,825
2021-03-15,1342,49734,2897198,58.7,58.7,58.0,58.1,-0.6,51,792
2021-03-16,1342,44200,2577359,58.5,58.5,58.1,58.3,0.2,38,814
2021-03-17,1342,52035,3035500,58.2,58.5,58.2,58.5,0.2,45,812
2021-03-18,1342,44098,2568482,58.5,58.5,58.2,58.3,-0.2,34,817
2021-03-19,1342,76000,4400200,58.3,58.3,57.6,57.7,-0.6,65,785
2021-03-22,1342,65000,3751600,57.7,58.0,57.6,57.7,0.0,44,804
2021-03-23,1342,47013,2702919,57.7,57.7,57.3,57.4,-0.3,47,824
2021-03-24,1342,87014,4969882,57.4,57.4,57.0,57.1,-0.3,54,736
2021-03-25,1342,80000,4544100,57.8,57.8,56.6,56.6,-0.5,64,746
2021-03-26,1342,44560,2523126,56.6,56.8,56.5,56.6,0.0,41,826
2021-03-29,1342,68139,3871567,56.7,57.1,56.6,56.7,0.1,60,811
2021-03-30,1342,101000,5726500,56.7,57.2,56.6,56.6,-0.1,71,746
2021-03-31,1342,82300,4674910,56.6,56.9,56.6,56.9,0.3,49,770
2021-04-01,1342,25000,1422600,57.0,57.0,56.8,56.8,-0.1,21,869
2021-04-06,1342,74589,4219810,57.0,57.0,56.4,56.6,-0.2,67,805
2021-04-07,1342,58000,3283400,56.6,56.7,56.5,56.7,0.1,43,818
2021-04-08,1342,64216,3645474,56.7,56.9,56.6,56.7,0.0,57,833
2021-04-09,1342,224002,12980317,57.0,58.8,57.0,58.5,1.8,175,701
2021-04-12,1342,649392,39784489,59.7,63.2,59.7,62.0,3.5,531,579
2021-04-13,1342,316096,19412617,63.0,63.0,60.0,60.0,-2.0,267,680
2021-04-14,1342,165040,9796500,60.0,61.0,58.3,58.7,-1.3,138,766
2021-04-15,1342,105010,6176678,58.8,59.6,58.5,58.6,-0.1,80,762
2021-04-16,1342,71159,4189822,59.0,59.0,58.6,58.9,0.3,52,817
2021-04-19,1342,137189,8211880,58.9,61.1,58.9,59.8,0.9,104,812
2021-04-20,1342,69200,4140980,59.3,60.4,59.3,59.6,-0.2,61,855
2021-04-21,1342,77222,4560486,59.4,59.4,58.8,58.9,-0.7,68,842
2021-04-22,1342,123135,7268550,59.1,59.9,58.5,58.6,-0.3,97,834
2021-04-23,1342,63000,3671300,58.5,58.5,58.1,58.4,-0.2,51,845
2021-04-26,1342,96100,5652150,59.5,59.5,58.4,58.6,0.2,72,815
2021-04-27,1342,39002,2299018,58.6,59.4,58.5,59.4,0.8,37,879
2021-04-28,1342,140082,8225998,59.4,59.4,58.4,58.5,-0.9,114,783
2021-04-29,1342,115010,6702680,58.5,58.9,57.9,58.6,0.1,68,797
2021-05-03,1342,115500,6630849,58.4,58.4,56.8,57.1,-1.5,95,825
2021-05-04,1342,133200,7465220,56.9,57.0,55.4,56.2,-0.9,120,829
2021-05-05,1342,47000,2640900,56.0,56.6,56.0,56.4,0.2,30,847
2021-05-06,1342,80095,4483100,57.0,57.0,55.3,55.8,-0.6,50,793
2021-05-07,1342,26000,1461300,55.8,57.0,55.6,56.5,0.7,23,879
2021-05-10,1342,52010,2922963,56.2,56.9,55.9,56.2,-0.3,49,847
2021-05-11,1342,154010,8524954,56.0,56.6,54.5,54.7,-1.5,122,799
2021-05-12,1342,199454,10324141,54.0,54.5,50.2,51.1,-3.6,175,815
2021-05-13,1342,75065,3809679,51.1,51.5,50.0,51.0,-0.1,64,857
2021-05-14,1342,72001,3681250,52.0,52.0,50.2,50.6,-0.4,60,829
2021-05-17,1342,93082,4612803,49.3,50.7,48.7,49.0,-1.6,82,830
2021-05-18,1342,96000,4781900,49.7,51.0,49.0,51.0,2.0,67,787
2021-05-19,1342,100164,5031349,50.7,50.8,50.0,50.3,-0.7,58,749
2021-05-20,1342,80000,4050100,51.0,51.5,50.0,50.7,0.4,51,754
2021-05-21,1342,24002,1222401,51.4,51.4,50.8,51.3,0.6,23,850
2021-05-24,1342,23000,1178300,50.8,51.9,50.8,51.6,0.3,21,851
2021-05-25,1342,65000,3401500,51.9,53.0,51.7,52.5,0.9,41,785
2021-05-26,1342,25000,1317500,52.5,53.0,52.5,52.9,0.4,21,828
2021-05-27,1342,70050,3748875,53.5,54.3,52.9,54.0,1.1,55,729
2021-05-28,1342,78435,4283194,54.2,54.9,54.0,54.8,0.8,63,744
2021-05-31,1342,62001,3390360,55.0,55.3,54.2,54.4,-0.4,56,771
2021-06-01,1342,19000,1038900,55.2,55.2,54.5,54.7,0.3,19,860
2021-06-02,1342,108203,5907297,54.7,55.0,54.4,54.6,-0.1,95,724
2021-06-03,1342,58100,3025630,52.2,52.3,51.6,52.0,0.0,53,788
2021-06-04,1342,47100,2447600,52.0,52.2,51.8,51.9,-0.1,42,793
2021-06-07,1342,94000,4947100,53.0,53.4,52.0,52.5,0.6,64,737
2021-06-08,1342,24000,1267700,53.3,53.3,52.5,53.1,0.6,23,825
2021-06-09,1342,55000,2903900,53.1,53.1,52.7,52.7,-0.4,29,762
2021-06-10,1342,151020,7895852,52.9,52.9,51.7,52.7,0.0,67,635
2021-06-11,1342,42158,2198226,52.5,52.5,51.9,52.5,-0.2,33,787
2021-06-15,1342,22000,1148400,52.3,52.4,52.1,52.2,-0.3,16,855
2021-06-16,1342,17000,886600,52.3,52.3,52.0,52.1,-0.1,16,866
2021-06-17,1342,20072,1051884,52.1,52.8,52.1,52.8,0.7,20,840
2021-06-18,1342,89419,4809395,53.0,54.7,53.0,53.7,0.9,80,736
2021-06-21,1342,218653,11865518,53.8,55.2,53.0,55.2,1.5,142,642
2021-06-22,1342,204095,11386925,55.3,56.4,55.2,55.7,0.5,132,605
2021-06-23,1342,47022,2585705,55.7,55.8,54.2,54.8,-0.9,38,796
2021-06-24,1342,66440,3671490,54.9,56.0,54.8,55.0,0.2,45,760
2021-06-25,1342,49000,2712400,55.9,55.9,55.1,55.1,0.1,38,811
2021-06-28,1342,23406,1283048,55.1,55.5,54.6,54.6,-0.5,31,858
2021-06-29,1342,35226,1909617,55.0,55.0,53.7,53.7,-0.9,34,845
2021-06-30,1342,40000,2156900,55.3,55.3,53.7,53.8,0.1,32,829
2021-07-01,1342,35000,1889300,54.0,54.2,53.7,53.9,0.1,24,854
2021-07-02,1342,24000,1292200,53.5,54.3,53.5,54.3,0.4,22,869
2021-07-05,1342,20001,1095956,54.9,54.9,54.5,54.8,0.5,21,883
2021-07-06,1342,42163,2300807,54.9,55.0,54.3,54.6,-0.2,32,831
2021-07-07,1342,84280,4635772,54.5,55.9,54.2,54.8,0.2,68,766
2021-07-08,1342,167231,9255531,55.0,55.8,55.0,55.0,0.2,101,657
2021-07-09,1342,93245,5173591,55.5,55.8,55.0,55.2,0.2,50,750
2021-07-12,1342,63014,3484957,55.6,55.6,55.0,55.0,-0.2,53,816
2021-07-13,1342,46016,2530600,55.2,55.5,54.8,54.9,-0.1,37,839
2021-07-14,1342,54001,2949555,55.1,55.1,54.2,54.2,-0.7,35,807
2021-07-15,1342,61447,3324087,54.2,54.7,53.8,54.6,0.4,52,775
2021-07-16,1342,37000,2015600,54.7,54.8,54.0,54.5,-0.1,24,825
2021-07-19,1342,92000,4960800,54.3,54.4,53.1,54.1,-0.4,61,742
2021-07-20,1342,30000,1605500,54.9,54.9,53.1,53.4,-0.7,25,847
2021-07-21,1342,45500,2422200,53.5,53.8,53.1,53.6,0.2,41,824
2021-07-22,1342,17000,914300,54.5,54.5,53.5,53.9,0.3,16,881
2021-07-23,1342,67000,3616800,54.7,54.8,53.8,54.0,0.1,43,771
2021-07-26,1342,22002,1195007,54.8,54.8,54.0,54.5,0.5,19,862
2021-07-27,1342,42003,2275262,54.5,54.5,53.5,54.5,0.0,33,810
2021-07-28,1342,44001,2349953,54.0,54.0,52.7,53.1,-1.4,31,823
2021-07-29,1342,33002,1760408,54.9,54.9,53.0,53.2,0.1,24,804
2021-07-30,1342,14001,754053,54.6,54.6,53.5,54.0,0.8,14,861
2021-08-02,1342,3001,162854,54.0,54.4,54.0,54.4,0.4,4,921
2021-08-03,1342,35000,1878500,53.9,54.2,53.5,54.2,-0.2,16,784
2021-08-04,1342,6000,325300,54.3,54.3,54.2,54.2,0.0,6,903
2021-08-05,1342,18100,976200,54.0,54.1,53.8,53.8,-0.4,15,857
2021-08-06,1342,21100,1137560,53.8,54.3,53.7,54.2,0.4,20,856
2021-08-09,1342,57164,3074512,54.0,54.3,53.4,53.8,-0.4,43,777
2021-08-10,1342,39101,2116144,54.1,54.6,53.8,53.8,0.0,29,808
2021-08-11,1342,93010,4989840,54.3,54.3,52.9,53.0,-0.8,66,739
2021-08-12,1342,24000,1282100,53.5,53.8,53.2,53.5,0.5,17,823
2021-08-13,1342,38125,2015064,53.5,53.5,52.5,52.6,-0.9,34,808
2021-08-16,1342,23265,1210089,52.5,52.5,51.8,52.2,-0.4,23,863
2021-08-17,1342,26100,1358269,52.2,52.5,51.7,51.7,-0.5,18,845
2021-08-18,1342,20000,1035300,51.7,52.0,51.5,52.0,0.3,17,858
2021-08-19,1342,25000,1284300,52.0,52.0,51.0,51.0,-1.0,21,848
2021-08-20,1342,29100,1478610,51.0,51.0,50.5,50.9,-0.1,24,819
2021-08-23,1342,37000,1883200,50.5,51.2,50.5,51.0,0.1,25,800
2021-08-24,1342,14000,713700,51.1,51.1,50.8,50.8,-0.2,11,850
2021-08-25,1342,37289,1903654,51.4,51.4,51.0,51.0,0.2,21,786
2021-08-26,1342,49121,2514019,51.1,51.6,51.0,51.5,0.5,19,743
2021-08-27,1342,22493,1163189,51.6,52.0,51.5,52.0,0.5,26,833
2021-08-30,1342,10000,523400,52.4,52.4,52.2,52.3,0.3,10,884
2021-08-31,1342,3000,157400,52.8,52.8,52.3,52.3,0.0,3,923
2021-09-01,1342,17000,891300,52.7,52.7,52.3,52.5,0.2,15,861
2021-09-02,1342,26200,1376320,52.5,52.8,52.0,52.5,0.0,19,811
2021-09-03,1342,31000,1623300,52.5,52.6,52.0,52.5,0.0,23,815
2021-09-06,1342,20000,1053200,52.9,52.9,52.5,52.5,0.0,16,832
2021-09-07,1342,15000,781800,52.1,52.6,52.0,52.1,-0.4,12,847
2021-09-08,1342,57210,2922871,51.8,51.8,50.4,51.0,-1.1,54,738
2021-09-09,1342,19638,1007220,51.8,51.9,50.8,51.2,0.2,19,816
2021-09-10,1342,22249,1149445,51.3,52.0,51.3,51.5,0.3,26,804
2021-09-13,1342,33000,1703600,51.6,51.8,51.5,51.6,0.1,20,790
2021-09-14,1342,20000,1029900,51.6,51.9,51.4,51.5,-0.1,18,818
2021-09-15,1342,13000,668800,51.5,51.6,51.2,51.5,0.0,12,855
2021-09-16,1342,29000,1494500,52.1,52.1,51.3,51.3,-0.2,19,789
2021-09-17,1342,33000,1702500,51.5,51.8,51.4,51.7,0.4,24,778
2021-09-22,1342,298000,16015100,51.8,55.0,51.8,53.7,2.0,193,519
2021-09-23,1342,91500,4959650,54.3,54.9,53.8,54.0,0.3,77,622
2021-09-24,1342,26000,1390300,54.0,54.0,53.2,53.2,-0.8,24,812
2021-09-27,1342,36000,1901900,52.8,53.2,52.6,52.8,-0.4,32,791
2021-09-28,1342,17001,899053,52.7,53.7,52.5,52.8,0.0,17,845
2021-09-29,1342,31080,1631636,53.3,53.3,52.3,52.4,-0.4,29,827
2021-09-30,1342,7000,369100,52.3,53.2,52.3,52.4,0.0,7,890
2021-10-01,1342,54060,2811337,52.3,52.8,51.5,51.6,-0.8,51,814
2021-10-04,1342,89040,4612584,51.7,52.4,51.5,51.5,-0.1,51,730
2021-10-05,1342,33000,1702300,51.5,52.4,51.3,52.4,0.9,20,820
2021-10-06,1342,31000,1619400,53.4,53.4,52.0,52.3,-0.1,19,788
2021-10-07,1342,40000,2108300,52.4,52.8,52.4,52.8,0.5,29,780
2021-10-08,1342,86040,4503799,52.9,53.4,51.5,51.7,-1.1,56,639
2021-10-12,1342,49000,2495700,50.9,51.3,50.7,51.3,-0.4,39,744
2021-10-13,1342,11022,561963,51.3,51.3,50.7,51.3,0.0,12,883
2021-10-14,1342,2015,104487,51.8,51.9,51.8,51.9,0.6,3,921
2021-10-15,1342,15000,774800,51.5,51.9,51.5,51.9,0.0,13,860
2021-10-18,1342,12012,620263,51.6,51.8,51.5,51.7,-0.2,14,884
2021-10-19,1342,43001,2270255,54.8,54.8,51.7,52.5,0.8,34,763
2021-10-20,1342,12000,622200,51.9,52.4,51.6,52.4,-0.1,12,874
2021-10-21,1342,27000,1407400,51.8,52.5,51.8,51.9,-0.5,22,803
2021-10-22,1342,59014,3118985,52.8,53.7,52.1,52.5,0.6,43,691
2021-10-25,1342,32000,1662500,52.2,52.2,51.9,51.9,-0.6,25,775
2021-10-26,1342,42010,2171460,51.9,51.9,51.5,51.8,-0.1,33,802
2021-10-27,1342,12013,625779,52.0,52.6,52.0,52.0,0.2,13,875
2021-10-28,1342,13000,672600,51.5,52.0,51.5,51.8,-0.2,12,861
2021-10-29,1342,34000,1757800,51.8,52.0,51.5,52.0,0.2,22,796
2021-11-01,1342,25451,1321195,51.8,52.2,51.7,52.0,0.0,31,838
2021-11-02,1342,46000,2391300,52.0,52.4,51.7,51.7,-0.3,33,787
2021-11-03,1342,24079,1249208,52.0,52.0,51.7,51.7,0.0,20,830
2021-11-04,1342,41000,2119500,51.8,52.0,51.6,51.6,-0.1,26,786
2021-11-05,1342,20001,1033551,51.6,51.8,51.6,51.8,0.2,19,859
2021-11-08,1342,26000,1345700,51.8,51.9,51.6,51.9,0.1,18,829
2021-11-09,1342,153000,8134900,52.0,53.8,51.9,53.1,1.2,126,623
2021-11-10,1342,110001,5836556,53.4,53.8,52.4,53.2,0.1,95,691
2021-11-11,1342,80004,4269613,53.2,54.0,52.8,53.9,0.7,62,729
2021-11-12,1342,356319,20062186,54.2,58.1,53.9,56.6,2.7,282,497
2021-11-15,1342,210422,12007515,57.0,58.5,56.4,56.8,0.2,166,611
2021-11-16,1342,124341,6955149,56.6,56.6,55.3,56.4,-0.4,92,679
2021-11-17,1342,142262,8082806,56.5,57.6,56.0,57.6,1.2,119,653
2021-11-18,1342,63122,3612471,57.6,57.6,56.4,57.2,-0.4,62,769
2021-11-19,1342,78002,4382308,57.2,57.2,55.4,56.3,-0.9,57,724
2021-11-22,1342,63120,3545865,56.0,56.8,55.8,56.4,0.1,49,746
2021-11-23,1342,74042,4137856,56.5,56.5,55.4,56.3,-0.1,67,733
2021-11-24,1342,36000,2026200,56.7,56.7,56.0,56.1,-0.2,26,798
2021-11-25,1342,26000,1463000,56.0,56.6,56.0,56.3,0.2,22,828
2021-11-26,1342,54001,3011555,56.3,56.3,55.1,56.0,-0.3,52,795
2021-11-29,1342,77038,4249188,55.6,55.6,54.8,55.1,-0.9,53,735
2021-11-30,1342,41100,2294660,56.0,56.1,55.5,55.6,0.5,37,775
2021-12-01,1342,24019,1331167,55.9,55.9,55.2,55.7,0.1,23,830
2021-12-02,1342,32010,1794859,56.0,56.4,55.9,55.9,0.2,26,800
2021-12-03,1342,162140,9220468,56.0,57.4,56.0,56.8,0.9,132,547
2021-12-06,1342,472550,28012912,57.5,60.7,57.1,59.4,2.6,388,408
2021-12-07,1342,388679,23473706,59.7,60.9,59.3,60.2,0.8,290,458
2021-12-08,1342,405424,24735640,60.7,61.5,60.5,61.4,1.2,317,475
2021-12-09,1342,454792,28083265,61.5,62.9,60.3,60.3,-1.1,348,438
2021-12-10,1342,199688,12142107,60.5,61.4,60.2,61.3,1.0,173,549
2021-12-13,1342,196176,12006509,62.2,62.5,60.3,61.0,-0.3,160,588
2021-12-14,1342,244128,14474988,60.6,60.6,58.2,59.2,-1.8,194,562
2021-12-15,1342,65028,3872179,59.5,60.1,59.0,59.3,0.1,56,701
2021-12-16,1342,183052,11072980,60.4,61.0,60.0,60.5,1.2,122,556
2021-12-17,1342,160350,9652238,60.5,60.8,59.8,60.0,-0.5,134,590
2021-12-20,1342,109050,6581509,60.1,60.8,60.0,60.1,0.1,75,612
2021-12-21,1342,208600,12826342,60.1,62.0,60.1,61.6,1.5,178,499
2021-12-22,1342,132158,8121758,61.7,62.5,60.7,60.7,-0.9,139,576
2021-12-23,1342,93075,5653722,61.0,61.2,60.4,61.0,0.3,75,650
2021-12-24,1342,70115,4267956,61.0,61.0,60.6,60.7,-0.3,62,697
2021-12-27,1342,222305,13631145,61.0,62.8,60.8,61.2,0.5,162,551
2021-12-28,1342,642920,40836782,61.3,67.3,61.3,63.8,2.6,518,402
2021-12-29,1342,1002880,67481776,64.5,68.5,64.5,68.2,4.4,801,335
2021-12-30,1342,531019,36141749,68.2,69.9,66.6,68.0,-0.2,523,411
2022-01-03,1342,360995,24608242,68.5,69.1,67.1,67.6,-0.4,290,472
2022-01-04,1342,290074,19650211,67.9,68.3,67.2,67.9,0.3,215,496
2022-01-05,1342,268250,18272675,68.3,69.0,67.1,68.9,1.0,235,512
2022-01-06,1342,986773,71394759,70.0,74.9,69.3,71.7,2.8,832,328
2022-01-07,1342,972648,67858199,73.3,73.8,67.1,68.0,-3.7,821,378
2022-01-10,1342,533857,36195220,67.6,69.7,66.6,66.7,-1.3,389,420
2022-01-11,1342,726389,47279079,67.8,67.9,63.5,64.4,-2.3,538,418
2022-01-12,1342,170321,11042645,64.8,65.5,64.2,64.9,0.5,147,579
2022-01-13,1342,82191,5379706,65.8,65.9,65.0,65.9,1.0,70,656
2022-01-14,1342,138191,8941524,65.9,66.0,63.6,65.1,-0.8,115,624
2022-01-17,1342,122247,7926703,64.2,65.9,64.0,65.3,0.2,112,585
2022-01-18,1342,126086,8306822,66.0,66.7,65.3,65.4,0.1,99,573
2022-01-19,1342,112011,7265212,65.0,65.4,64.6,65.4,0.0,88,589
2022-01-20,1342,72016,4706142,65.5,65.7,65.0,65.4,0.0,65,633
2022-01-21,1342,186403,12050813,65.0,65.5,64.2,65.1,-0.3,124,568
2022-01-24,1342,148417,9523730,64.3,65.1,63.5,64.6,-0.5,125,594
2022-01-25,1342,113102,7223586,64.1,64.5,63.4,64.0,-0.6,103,640
2022-01-26,1342,59220,3787580,63.7,64.4,63.4,64.2,0.2,60,689
2022-02-07,1342,100241,6566385,64.5,66.2,64.5,66.1,1.9,90,623
2022-02-08,1342,108338,7212574,67.1,67.5,66.2,66.5,0.4,117,614
2022-02-09,1342,119436,7996244,67.8,67.8,66.3,66.8,0.3,105,609
2022-02-10,1342,122045,8125097,66.8,66.8,66.3,66.6,-0.2,92,588
2022-02-11,1342,90780,6025428,66.4,66.7,65.8,66.4,-0.2,74,634
2022-02-14,1342,125564,8197264,66.2,66.2,64.7,65.0,-1.4,149,617
2022-02-15,1342,196440,12599272,64.1,65.3,63.6,64.3,-0.7,163,513
2022-02-16,1342,102078,6558266,65.5,65.5,64.0,64.7,0.4,88,617
2022-02-17,1342,88091,5687815,64.8,65.4,64.3,64.6,-0.1,62,648
2022-02-18,1342,49010,3185055,64.8,65.4,64.7,64.9,0.3,39,718
2022-02-21,1342,70162,4550471,65.0,65.4,64.5,64.9,0.0,62,676
2022-02-22,1342,126412,8100787,64.8,65.0,63.6,64.2,-0.7,108,633
2022-02-23,1342,35001,2264965,64.2,65.0,64.2,65.0,0.8,35,733
2022-02-24,1342,127604,8124531,64.5,64.8,62.9,62.9,-2.1,117,684
2022-02-25,1342,457493,27744624,60.0,62.0,59.9,62.0,-0.9,354,437
2022-03-01,1342,91274,5648019,62.0,62.2,61.5,61.9,-0.1,79,648
2022-03-02,1342,38148,2359041,61.9,62.2,61.6,62.0,0.1,35,740
2022-03-03,1342,104644,6593779,63.6,63.7,61.9,63.3,1.3,88,610
2022-03-04,1342,62306,3939969,62.3,63.6,62.3,63.4,0.1,62,703
2022-03-07,1342,114484,7181359,63.2,63.8,62.2,62.7,-0.7,88,715
2022-03-08,1342,98710,6085134,62.0,62.6,61.0,61.9,-0.8,89,718
2022-03-09,1342,67100,4176560,62.0,63.0,61.9,62.3,0.4,45,696
2022-03-10,1342,73441,4616689,62.6,63.9,62.3,63.0,0.7,56,675
2022-03-11,1342,55182,3442983,62.6,62.6,62.1,62.3,-0.7,43,679
2022-03-14,1342,104679,6463682,63.0,63.0,61.1,61.6,-0.7,82,592
2022-03-15,1342,140655,8527795,61.6,61.6,60.4,60.4,-1.2,118,598
2022-03-16,1342,47773,2902058,61.5,61.5,60.3,60.8,0.4,51,742
2022-03-17,1342,116251,7127615,62.0,62.1,60.7,61.1,0.3,78,635
2022-03-18,1342,33000,2015200,60.7,61.4,60.7,61.2,0.1,25,750
2022-03-21,1342,39000,2400000,61.8,62.0,61.2,61.3,0.1,31,750
2022-03-22,1342,50000,3064000,61.6,61.8,60.9,61.1,-0.2,34,703
2022-03-23,1342,113010,7020020,61.1,62.9,61.1,62.0,0.9,93,639
2022-03-24,1342,14100,874309,61.6,62.2,61.6,62.0,0.0,18,870
2022-03-25,1342,31103,1924590,62.0,62.2,61.7,61.8,-0.2,33,796
2022-03-28,1342,126166,7903761,61.6,63.4,61.6,62.6,0.8,99,597
2022-03-29,1342,88261,5590670,62.9,63.7,62.9,63.2,0.6,83,635
2022-03-30,1342,131407,8414422,63.6,64.4,63.6,64.1,0.9,138,616
2022-03-31,1342,122745,7860278,64.3,64.6,63.4,63.6,-0.5,103,582
2022-04-01,1342,47170,2991707,63.2,63.8,63.1,63.5,-0.1,42,724
2022-04-06,1342,76270,4846327,62.9,64.5,62.9,63.5,0.0,69,659
2022-04-07,1342,87212,5548517,63.4,64.0,63.2,63.7,0.2,77,699
2022-04-08,1342,124667,8034852,63.9,64.7,63.8,64.7,1.0,107,601
2022-04-11,1342,125300,8141589,64.8,65.6,64.1,64.9,0.2,101,655
2022-04-12,1342,53718,3447598,64.7,64.8,63.9,64.0,-0.9,78,724
2022-04-13,1342,88250,5639557,64.1,64.5,63.5,64.5,0.5,70,648
2022-04-14,1342,30093,1939535,64.7,64.8,64.2,64.4,-0.1,29,780
2022-04-15,1342,86701,5573064,64.2,64.7,63.7,64.7,0.3,72,652
2022-04-18,1342,80608,5204475,64.6,64.8,64.3,64.3,-0.4,69,664
2022-04-19,1342,207302,13584470,64.0,67.0,64.0,66.8,2.5,143,505
2022-04-20,1342,182821,12263505,67.1,67.8,66.5,66.9,0.1,153,522
2022-04-21,1342,222658,15106707,67.4,68.4,67.4,67.7,0.8,183,504
2022-04-22,1342,1076911,76404769,69.5,73.0,69.1,70.5,2.8,861,294
2022-04-25,1342,398092,27491246,69.7,69.8,68.3,69.5,-1.0,343,475
2022-04-26,1342,265423,18479545,70.0,71.1,68.6,68.7,-0.8,251,468
2022-04-27,1342,263098,17481239,67.4,67.4,65.4,66.1,-2.6,251,539
2022-04-28,1342,94337,6277838,67.9,67.9,66.1,66.7,0.6,89,596
2022-04-29,1342,64969,4363175,67.2,67.4,66.9,66.9,0.2,70,649
2022-05-03,1342,46361,3133806,67.5,68.0,66.2,67.8,0.9,57,682
2022-05-04,1342,391053,27132851,68.7,70.9,68.3,69.5,1.7,296,370
2022-05-05,1342,284012,20007525,70.0,71.6,69.5,71.1,1.6,266,433
2022-05-06,1342,180245,12770494,70.2,71.9,69.4,71.4,0.3,176,499
2022-05-09,1342,258926,18163236,71.4,71.5,69.0,69.0,-2.4,303,496
2022-05-10,1342,242213,16789300,68.6,70.2,67.8,69.6,0.6,190,487
2022-05-11,1342,161413,11108170,71.0,71.0,68.1,68.4,-1.2,173,525
2022-05-12,1342,228658,15596085,68.0,68.7,67.8,68.4,0.0,228,533
2022-05-13,1342,752863,53785320,68.7,72.6,68.7,72.5,4.1,606,298
2022-05-16,1342,1195892,89057629,73.8,75.6,72.2,75.5,3.0,996,234
2022-05-17,1342,568994,42413562,75.5,75.5,73.7,74.7,-0.8,535,309
2022-05-18,1342,797553,60147261,74.7,76.9,74.0,74.4,-0.3,670,281
2022-05-19,1342,462406,33726895,73.2,73.4,72.3,73.4,-1.0,458,352
2022-05-20,1342,871609,65470972,73.8,76.8,73.6,73.6,0.2,731,255
2022-05-23,1342,242691,17838475,73.8,74.3,72.8,73.7,0.1,235,429
2022-05-24,1342,258550,18912381,74.3,74.3,72.7,73.0,-0.7,217,428
2022-05-25,1342,639275,48116419,74.1,76.3,73.5,76.3,3.3,530,289
2022-05-26,1342,375834,28167804,76.7,76.7,74.3,74.5,-1.8,363,359
2022-05-27,1342,388310,28714983,74.9,75.0,73.4,74.1,-0.4,279,348
2022-05-30,1342,125148,9315418,74.5,75.4,73.9,74.3,0.2,104,571
2022-05-31,1342,260531,19122460,74.3,74.3,72.9,73.4,-0.9,197,432
2022-06-01,1342,137353,10132459,73.3,74.3,73.3,73.7,0.3,122,553
2022-06-02,1342,311846,23016289,73.6,74.4,73.3,73.7,0.0,250,389
2022-06-06,1342,609657,42711923,70.7,70.9,69.4,70.2,0.0,450,307
2022-06-07,1342,868074,58923710,70.1,70.1,66.5,66.7,-3.5,717,268
2022-06-08,1342,624627,42316957,67.2,68.6,66.5,68.0,1.3,410,320
2022-06-09,1342,169767,11529476,67.5,68.5,67.5,67.9,-0.1,201,495
2022-06-10,1342,341682,23786820,67.6,70.8,67.6,70.4,2.5,271,393
2022-06-13,1342,497070,35532756,69.9,72.6,69.4,71.5,1.1,404,396
2022-06-14,1342,217240,15475561,71.4,71.9,70.2,71.6,0.1,181,494
2022-06-15,1342,159411,11429847,72.4,72.4,71.3,71.5,-0.1,162,525
2022-06-16,1342,303230,21559595,71.7,72.2,70.0,70.4,-1.1,215,443
2022-06-17,1342,203008,14042230,69.0,70.1,68.3,69.3,-1.1,179,520
2022-06-20,1342,194355,13182169,69.0,69.9,66.7,67.2,-2.1,186,567
2022-06-21,1342,98063,6663841,67.2,68.6,67.2,68.3,1.1,84,628
2022-06-22,1342,238078,15997894,68.4,68.4,66.3,66.9,-1.4,175,478
2022-06-23,1342,130561,8829331,68.1,68.5,66.6,67.8,0.9,110,591
2022-06-24,1342,94503,6394320,67.8,68.4,67.3,67.6,-0.2,73,636
2022-06-27,1342,94120,6376200,67.7,68.2,67.4,67.6,0.0,88,645
2022-06-28,1342,112010,7494470,68.1,68.2,66.4,67.1,-0.5,97,527
2022-06-29,1342,182992,12092204,66.6,66.6,65.7,66.2,-0.9,191,465
2022-06-30,1342,243635,15633645,65.5,65.5,63.6,63.6,-2.6,230,530
2022-07-01,1342,231919,14375724,63.7,64.0,60.7,60.9,-2.7,191,575
2022-07-04,1342,71050,4369085,61.5,62.0,61.0,61.3,0.4,65,678
2022-07-05,1342,84571,5289013,62.2,63.2,61.8,62.9,1.6,79,644
2022-07-06,1342,225246,14251241,63.5,64.2,62.5,63.3,0.4,175,489
2022-07-07,1342,167556,10777805,64.0,64.8,63.9,64.2,0.9,134,520
2022-07-08,1342,118674,7666336,64.5,65.1,64.2,64.4,0.2,96,585
2022-07-11,1342,76000,4913800,64.6,65.5,64.4,64.8,0.4,56,607
2022-07-12,1342,84206,5356318,64.0,64.6,63.1,63.4,-1.4,72,650
2022-07-13,1342,33505,2147295,64.1,64.4,63.8,64.0,0.6,39,760
2022-07-14,1342,42000,2703500,63.4,64.8,63.4,64.4,0.4,37,681
2022-07-15,1342,56589,3620844,64.0,64.4,63.6,64.3,-0.1,56,662
2022-07-18,1342,31165,2023792,64.6,65.1,64.5,65.1,0.8,32,756
2022-07-19,1342,49420,3243534,65.2,65.9,65.0,65.9,0.8,58,657
2022-07-20,1342,100457,6629577,65.7,66.6,65.5,65.8,-0.1,88,615
2022-07-21,1342,101255,6760207,66.2,67.5,65.6,66.7,0.9,103,558
2022-07-22,1342,81110,5449194,66.7,67.6,66.7,67.2,0.5,75,619
2022-07-25,1342,50800,3421478,67.4,67.8,66.7,67.7,0.5,54,637
2022-07-26,1342,80068,5412296,67.8,67.9,67.1,67.6,-0.1,69,605
2022-07-27,1342,81659,5539969,67.0,68.6,67.0,68.1,0.5,83,567
2022-07-28,1342,80974,5502781,68.1,68.6,67.5,67.6,-0.5,75,585
2022-07-29,1342,258067,17900891,70.3,70.3,68.4,68.7,1.1,233,419
2022-08-01,1342,173004,11746188,68.7,68.8,67.5,67.6,-1.1,146,497
2022-08-02,1342,281392,18661182,67.1,67.3,65.4,66.5,-1.1,246,455
2022-08-03,1342,87743,5785961,65.9,66.4,65.7,65.8,-0.7,83,607
2022-08-04,1342,97202,6340488,65.8,65.8,64.7,65.4,-0.4,105,624
2022-08-05,1342,63984,4228423,65.7,66.5,65.6,66.2,0.8,56,659
2022-08-08,1342,47502,3144785,66.4,66.7,65.6,66.7,0.5,48,687
2022-08-09,1342,86195,5846484,67.0,68.4,67.0,68.3,1.6,79,604
2022-08-10,1342,77154,5289041,67.7,69.1,67.7,68.8,0.5,66,649
2022-08-11,1342,128368,8839663,68.0,69.2,68.0,68.6,-0.2,92,602
2022-08-12,1342,39791,2727666,68.6,68.6,68.4,68.5,-0.1,39,753
2022-08-15,1342,57326,3930981,69.3,69.3,68.1,68.6,0.1,50,728
2022-08-16,1342,58187,3981985,68.2,68.7,68.2,68.3,-0.3,51,710
2022-08-17,1342,415837,29481150,69.0,72.2,68.4,71.6,3.3,355,409
2022-08-18,1342,189182,13547140,71.1,72.4,70.4,71.6,0.0,151,508
2022-08-19,1342,128272,9107115,71.7,71.7,70.7,70.7,-0.9,131,602
2022-08-22,1342,59581,4209345,70.3,71.3,70.3,70.6,-0.1,87,712
2022-08-23,1342,92548,6471592,70.6,70.6,69.5,70.0,-0.6,87,622
2022-08-24,1342,84072,5897633,70.0,70.6,69.8,70.2,0.2,60,655
2022-08-25,1342,385356,27625659,70.6,72.7,70.6,71.6,1.4,286,412
2022-08-26,1342,690603,50661833,71.8,74.3,71.8,73.4,1.8,564,338
2022-08-29,1342,356704,25831027,71.4,73.2,71.4,72.3,-1.1,284,440
2022-08-30,1342,124571,9068321,72.5,73.4,72.4,73.0,0.7,112,553
2022-08-31,1342,244897,17782856,72.7,73.3,72.0,73.2,0.2,272,473
2022-09-01,1342,132471,9586478,73.0,73.0,72.1,72.3,-0.9,113,594
2022-09-02,1342,908683,68056298,72.9,76.9,72.7,75.6,3.3,661,269
2022-09-05,1342,2204797,175773792,77.0,81.3,76.9,80.0,4.4,1868,171
2022-09-06,1342,1129520,90292452,80.7,80.8,78.2,80.6,0.6,1041,251
2022-09-07,1342,502946,40107831,80.3,80.4,78.2,80.0,-0.6,714,316
2022-09-08,1342,783271,63748341,80.9,82.7,79.5,82.5,2.5,693,272
2022-09-12,1342,1429763,119219056,83.0,86.1,81.2,81.2,-1.3,2140,221
2022-09-13,1342,1107992,92653655,82.4,84.8,81.4,83.4,2.2,1265,251
2022-09-14,1342,626702,52133071,81.8,84.6,81.2,84.1,0.7,813,309
2022-09-15,1342,636929,52628590,83.7,84.0,81.5,81.7,-2.4,1002,311
2022-09-16,1342,280264,22916399,81.4,82.7,81.2,81.2,-0.5,230,419
2022-09-19,1342,691849,54791285,81.9,81.9,78.0,78.5,-2.7,578,291
2022-09-20,1342,273971,21749196,79.3,80.1,78.8,79.6,1.1,229,370
2022-09-21,1342,233067,18318198,79.8,79.8,78.1,78.2,-1.4,200,428
2022-09-22,1342,441132,34051580,78.2,78.3,76.1,78.3,0.1,345,346
2022-09-23,1342,512214,39324354,77.8,78.3,75.6,76.0,-2.3,420,330
2022-09-26,1342,503079,37422773,74.9,75.7,73.3,73.6,-2.4,409,400
2022-09-27,1342,497794,37759211,73.8,77.3,73.6,77.2,3.6,426,332
2022-09-28,1342,670910,49232446,76.8,76.8,71.7,71.9,-5.3,645,337
2022-09-29,1342,296430,21758238,72.5,74.3,72.3,72.9,1.0,236,408
2022-09-30,1342,597444,42486568,70.9,72.8,70.0,72.4,-0.5,451,303
2022-10-03,1342,215109,15514482,71.6,73.1,71.2,71.9,-0.5,355,410
2022-10-04,1342,1027252,77346388,74.8,77.1,73.7,75.6,3.7,836,234
2022-10-05,1342,502001,38418949,77.0,77.9,75.1,75.5,-0.1,552,317
2022-10-06,1342,352961,26613971,76.0,76.5,74.5,75.6,0.1,286,326
2022-10-07,1342,313485,23937509,75.6,77.3,75.3,76.3,0.7,271,349
2022-10-11,1342,356793,26952347,76.3,76.5,74.5,75.8,-0.5,289,400
2022-10-12,1342,446028,34202597,76.2,77.7,75.5,76.0,0.2,350,328
2022-10-13,1342,799485,58652071,76.3,76.5,71.5,72.2,-3.8,649,310
2022-10-14,1342,680029,51645037,75.0,76.9,74.8,76.0,3.8,514,285
2022-10-17,1342,3229293,262266817,76.6,83.3,76.6,82.6,6.6,2544,122
2022-10-18,1342,5592783,478963315,84.0,89.1,82.8,85.3,2.7,4518,76
2022-10-19,1342,7116493,640381216,85.0,93.4,84.1,92.8,7.5,5773,61
2022-10-20,1342,6723905,592221132,91.0,93.2,84.3,87.7,-5.1,5956,87
2022-10-21,1342,7750067,688441873,88.7,91.7,86.2,86.2,-1.5,5516,52
2022-10-24,1342,2703728,233704475,88.8,88.8,85.1,85.3,-0.9,2387,121
2022-10-25,1342,2258834,189476600,85.9,85.9,82.6,83.1,-2.2,1682,131
2022-10-26,1342,1982169,162570594,83.8,84.5,80.5,80.6,-2.5,1583,139
2022-10-27,1342,1481234,122665208,81.0,84.5,81.0,83.2,2.6,1083,178
2022-10-28,1342,860983,70454859,82.6,83.2,80.6,80.9,-2.3,862,221
2022-10-31,1342,2083504,176858647,82.0,86.6,81.9,85.4,4.5,1511,144
2022-11-01,1342,1630767,141717112,84.8,88.5,84.5,86.8,1.4,1621,164
2022-11-02,1342,1101645,95815316,87.8,88.0,86.1,87.2,0.4,923,205
2022-11-03,1342,1614720,135254781,83.5,84.8,82.8,83.3,-3.9,1577,170
2022-11-04,1342,868622,72763687,83.3,84.8,82.8,83.5,0.2,720,241
2022-11-07,1342,813048,67815144,83.3,84.4,82.8,83.3,-0.2,621,267
2022-11-08,1342,1056869,87406172,83.8,84.2,81.5,81.6,-1.7,866,253
2022-11-09,1342,574418,47080762,81.6,82.6,81.4,82.2,0.6,498,329
2022-11-10,1342,654106,53002159,81.5,82.7,80.2,80.2,-2.0,582,287
2022-11-11,1342,998585,80861705,81.6,82.7,79.3,81.1,0.9,806,295
2022-11-14,1342,739588,60378690,81.6,82.7,81.0,81.4,0.3,645,306
2022-11-15,1342,467566,37947705,80.8,81.8,80.7,81.5,0.1,346,355
2022-11-16,1342,1071062,89062608,81.6,83.9,81.6,83.0,1.5,831,267
2022-11-17,1342,401986,33397378,82.6,83.6,82.4,83.3,0.3,401,358
2022-11-18,1342,2189461,188916645,83.3,88.6,83.3,86.0,2.7,1738,182
2022-11-21,1342,5341916,494507132,86.5,94.6,86.4,94.5,8.5,3926,81
2022-11-22,1342,5157584,485242645,94.7,96.9,90.3,93.4,-1.1,4138,78
2022-11-23,1342,1598155,148555758,94.3,96.0,90.8,90.8,-2.6,1485,172
2022-11-24,1342,1646011,145646123,90.8,91.6,87.2,87.7,-3.1,1400,191
2022-11-25,1342,766396,67316750,87.9,89.4,87.0,87.1,-0.6,675,263
2022-11-28,1342,762633,67128397,86.6,89.4,86.3,87.6,0.5,655,252
2022-11-29,1342,749383,65471656,87.1,88.6,86.1,87.8,0.2,593,271
2022-11-30,1342,1690570,150839144,88.4,90.8,87.2,89.5,1.7,1258,229
2022-12-01,1342,3049838,281374753,89.6,95.0,89.2,94.7,5.2,2341,171
2022-12-02,1342,5713786,589027513,104.0,104.0,99.4,104.0,9.3,3147,85
2022-12-05,1342,4033164,450222502,108.0,114.0,107.0,114.0,10.0,2163,116
2022-12-06,1342,1213354,151669250,125.0,125.0,125.0,125.0,11.0,599,224
2022-12-07,1342,21037911,2629217778,125.0,131.0,117.5,122.5,-2.5,13855,15
2022-12-08,1342,7091571,945327096,129.5,134.5,128.0,134.5,12.0,3694,43
2022-12-09,1342,2137408,288054677,134.5,138.0,131.5,136.0,1.5,1812,130
2022-12-12,1342,955805,129835878,138.0,138.0,134.0,135.0,-1.0,871,208
2022-12-13,1342,1352772,179073023,138.0,138.0,128.0,129.0,-6.0,1269,193
2022-12-14,1342,619608,81066000,129.0,133.5,128.0,133.5,4.5,638,270
2022-12-15,1342,1981434,275411507,133.5,141.0,133.5,141.0,7.5,1715,132
2022-12-16,1342,835298,113929777,136.0,137.5,135.0,136.5,-4.5,789,249
2022-12-19,1342,554700,74960327,138.5,138.5,132.0,134.5,-2.0,561,266
2022-12-20,1342,669751,87216680,133.5,136.0,127.0,127.0,-7.5,729,276
2022-12-21,1342,539075,71227049,127.5,134.5,127.5,134.5,7.5,584,273
2022-12-22,1342,377492,50646925,136.5,136.5,132.5,132.5,-2.0,412,290
2022-12-23,1342,543906,70685759,128.5,132.5,128.5,132.5,0.0,556,231
2022-12-26,1342,841915,113244711,133.5,136.5,131.0,136.0,3.5,774,151
2022-12-27,1342,3779444,475452023,132.5,133.0,122.5,122.5,-13.5,3430,55
2022-12-28,1342,3055723,360981915,119.5,121.0,115.5,119.0,-3.5,2430,88
2022-12-29,1342,2036912,239651888,117.0,122.0,113.0,119.5,0.5,1888,113
2022-12-30,1342,4355048,559643882,119.5,131.0,119.5,131.0,11.5,3776,37
2023-01-03,1342,12333835,1622513911,134.0,136.0,126.5,128.0,-3.0,9308,19
2023-01-04,1342,3627452,460828938,127.0,131.0,124.5,125.0,-3.0,3472,69
2023-01-05,1342,7458898,951803259,129.5,134.5,119.5,120.5,-4.5,5707,40
2023-01-06,1342,4715546,572536632,122.0,124.5,119.0,120.5,0.0,3545,57
2023-01-09,1342,2735102,328653283,120.5,122.5,118.0,121.5,1.0,2076,122
2023-01-10,1342,3503855,433259679,121.0,127.0,120.0,122.0,0.5,2730,84
2023-01-11,1342,1807983,219940385,122.5,125.0,118.5,118.5,-3.5,1458,124
2023-01-12,1342,1763838,207769694,120.0,121.0,115.5,116.0,-2.5,1423,125
2023-01-13,1342,1665256,196777934,117.5,120.0,116.5,118.0,2.0,1327,132
2023-01-16,1342,2042344,242678936,118.5,121.5,115.0,119.5,1.5,1558,96
2023-01-17,1342,1013109,120310856,119.5,120.5,117.5,117.5,-2.0,919,168
2023-01-30,1342,1365978,162981059,119.0,122.0,116.0,119.0,1.5,1161,209
2023-01-31,1342,876608,104591017,119.0,121.0,118.0,119.5,0.5,782,262
2023-02-01,1342,3708719,476297946,121.0,131.0,121.0,131.0,11.5,2408,105
2023-02-02,1342,11200035,1477431996,135.0,138.0,125.5,127.0,-4.0,7807,44
2023-02-03,1342,2155155,269145732,127.0,127.5,123.0,124.5,-2.5,1858,147
2023-02-06,1342,4622090,601386263,126.5,133.0,126.5,128.5,4.0,3825,62
2023-02-07,1342,2639469,344101846,129.0,133.0,129.0,129.5,1.0,2300,105
2023-02-08,1342,1562570,203094612,131.0,132.5,128.5,129.5,0.0,1395,156
2023-02-09,1342,15144624,2111590574,131.5,142.0,131.0,142.0,12.5,10501,27
2023-02-10,1342,30382138,4547456403,144.5,156.0,143.0,144.5,2.5,21684,5
2023-02-13,1342,13609405,2006545347,146.5,151.0,144.0,147.5,3.0,10397,14
2023-02-14,1342,5134397,737197917,145.5,146.0,141.0,144.0,-3.5,4102,57
2023-02-15,1342,9808677,1461542891,147.0,154.0,145.5,146.0,2.0,7432,31
2023-02-16,1342,3854806,563292862,144.0,149.0,143.0,148.5,2.5,3163,76
2023-02-17,1342,13004581,1999867169,150.0,159.0,149.0,149.0,0.5,10067,20
2023-02-20,1342,6487254,992919039,150.0,156.5,149.0,153.5,4.5,5058,50
2023-02-21,1342,15591544,2502263075,157.0,166.5,154.0,157.0,3.5,11754,20
2023-02-22,1342,21194630,3419467610,157.5,167.5,155.0,161.0,4.0,15722,12
2023-02-23,1342,8224747,1316677596,162.0,162.5,157.0,161.5,0.5,6349,42
2023-02-24,1342,4598635,719833574,160.5,160.5,153.0,154.5,-7.0,3949,86
2023-03-01,1342,2478604,387600857,156.5,158.0,153.5,157.0,2.5,2188,123
2023-03-02,1342,4659623,748513873,160.0,162.5,159.0,159.5,2.5,3588,57
2023-03-03,1342,4941779,796813798,161.0,164.5,157.0,157.5,-2.0,3995,61
2023-03-06,1342,6709022,1093308823,160.0,166.0,158.0,161.0,3.5,5544,46
2023-03-07,1342,2368030,382070670,161.5,163.5,159.5,161.0,0.0,2200,120
2023-03-08,1342,3502746,550475608,154.5,159.5,154.5,157.5,-3.5,3048,107
2023-03-09,1342,1509712,237205607,159.5,160.0,155.5,156.0,-1.5,1436,181
2023-03-10,1342,2508172,383700048,156.0,158.5,149.5,151.5,-4.5,2247,152
2023-03-13,1342,1226581,184128327,149.0,152.5,147.0,150.5,-1.0,1034,214
2023-03-14,1342,1024902,155484488,150.0,154.0,149.5,150.0,-0.5,931,216
2023-03-15,1342,987702,150774310,152.5,154.0,151.0,153.5,3.5,899,231
2023-03-16,1342,1586314,228964958,148.5,149.0,141.0,141.0,0.0,1500,176
2023-03-17,1342,626502,90176757,143.5,145.0,142.5,144.0,3.0,600,296
2023-03-20,1342,710316,102852081,143.5,146.0,143.0,145.0,1.0,591,231
2023-03-21,1342,560657,80844649,146.5,146.5,142.5,142.5,-2.5,599,282
2023-03-22,1342,733608,106172893,144.5,146.0,143.0,144.0,1.5,624,255
2023-03-23,1342,3905537,585812362,146.0,153.0,145.5,150.0,6.0,3329,76
2023-03-24,1342,4070561,627666057,151.0,157.0,150.5,154.0,4.0,3463,77
2023-03-27,1342,14189873,2307228208,155.0,168.5,155.0,164.5,10.5,11261,16
2023-03-28,1342,15247986,2431697356,165.5,167.5,151.0,156.0,-8.5,13948,15
2023-03-29,1342,4612812,719674511,159.0,160.5,153.0,153.5,-2.5,3874,62
2023-03-30,1342,1206450,186190491,156.0,156.0,153.5,153.5,0.0,1043,186
2023-03-31,1342,749360,115737541,154.5,155.5,153.5,155.0,1.5,932,239
2023-04-06,1342,4981753,794384825,156.0,163.0,156.0,157.0,2.0,4087,54
2023-04-07,1342,1733013,272598454,156.0,159.5,155.5,157.0,0.0,1442,132
2023-04-10,1342,4462503,717197699,162.5,165.5,157.5,157.5,0.5,3805,62
2023-04-11,1342,1446943,225281159,158.0,158.5,154.0,154.5,-3.0,1642,184
2023-04-12,1342,1756709,275099726,156.0,158.0,155.5,156.0,1.5,1485,162
2023-04-13,1342,7238985,1164917877,158.0,164.5,157.5,159.0,3.0,5649,53
2023-04-14,1342,4594928,726589999,159.5,163.5,155.0,156.5,-2.5,3755,78
2023-04-17,1342,2528837,400384770,156.5,160.5,155.0,157.5,1.0,2106,126
2023-04-18,1342,2338645,366190896,158.5,160.0,153.5,153.5,-4.0,2234,146
2023-04-19,1342,926081,142706500,154.5,155.0,153.0,154.0,0.5,985,275
2023-04-20,1342,1472121,220630535,154.0,154.0,148.0,148.5,-5.5,1543,208
2023-04-21,1342,1819374,263071369,148.5,148.5,142.0,144.0,-4.5,1632,192
2023-04-24,1342,724679,104608388,143.0,146.5,142.5,145.0,1.0,732,242
2023-04-25,1342,1417510,201067873,145.0,147.0,138.0,139.0,-6.0,1476,209
2023-04-26,1342,1221083,167798536,139.5,140.0,135.0,138.0,-1.0,1141,207
2023-04-27,1342,1496958,210425303,138.5,143.0,137.0,143.0,5.0,1511,167
2023-04-28,1342,3580419,535629915,146.5,154.0,146.5,149.0,6.0,2908,93
2023-05-02,1342,1044434,154002469,151.0,151.5,145.5,146.5,-2.5,1275,221
2023-05-03,1342,998142,146304646,147.0,149.0,144.0,145.5,-1.0,918,201
2023-05-04,1342,976700,139602425,145.5,147.0,141.0,142.5,-3.0,870,230
2023-05-05,1342,1091772,153692055,142.5,144.0,139.0,139.5,-3.0,917,214
2023-05-08,1342,791460,110940981,140.5,141.5,139.0,140.0,0.5,635,264
2023-05-09,1342,668528,91619843,140.0,140.5,135.5,135.5,-4.5,804,285
2023-05-10,1342,1246131,166394463,135.5,136.0,132.0,133.0,-2.5,1002,188
2023-05-11,1342,1516083,196045107,131.5,132.0,126.5,129.0,-4.0,1328,191
2023-05-12,1342,639446,82292251,128.5,130.5,126.5,129.5,0.5,598,267
2023-05-15,1342,634246,80217449,128.0,128.0,125.5,127.0,-2.5,685,274
2023-05-16,1342,444778,56661943,127.5,128.0,126.5,127.5,0.5,437,320
2023-05-17,1342,1042581,136886118,128.0,133.0,128.0,131.5,4.0,941,238
2023-05-18,1342,737567,95682947,132.0,132.5,128.0,128.5,-3.0,735,282
2023-05-19,1342,1623163,215205110,131.5,134.5,131.0,132.0,3.5,1420,203
2023-05-22,1342,908273,120061506,133.0,134.5,130.5,131.0,-1.0,809,250
2023-05-23,1342,520915,68314837,131.5,132.5,129.5,131.5,0.5,509,308
2023-05-24,1342,761068,100328394,131.5,134.0,130.0,130.0,-1.5,765,275
2023-05-25,1342,604692,77450221,130.5,130.5,127.0,127.0,-3.0,707,303
2023-05-26,1342,754218,94676736,127.5,128.0,124.0,124.0,-3.0,911,289
2023-05-29,1342,647699,81457549,124.5,127.5,122.5,126.5,2.5,589,303
2023-05-30,1342,441896,55154814,126.0,127.0,124.0,124.5,-2.0,467,348
2023-05-31,1342,332424,41525504,124.0,126.0,123.5,126.0,1.5,343,413
2023-06-01,1342,319078,39925354,125.0,126.5,124.0,125.0,-1.0,368,397
2023-06-02,1342,376748,47112857,125.0,126.0,124.5,125.0,0.0,415,410
2023-06-05,1342,790566,99858869,125.0,128.5,123.5,127.0,2.0,842,311
2023-06-06,1342,612226,78204946,127.5,129.0,126.0,127.5,0.5,645,342
2023-06-07,1342,768501,99739804,128.5,131.5,128.5,129.5,2.0,788,326
2023-06-08,1342,361819,46439287,130.0,130.0,127.5,127.5,-2.0,401,425
2023-06-09,1342,393752,49894545,127.5,128.5,126.0,126.0,-1.5,454,404
2023-06-12,1342,645180,79763481,126.0,126.0,122.5,123.0,-3.0,770,346
2023-06-13,1342,440476,54910767,123.0,126.5,123.0,125.5,2.5,436,387
2023-06-14,1342,344672,43038552,125.5,126.5,124.0,124.0,-1.5,348,426
2023-06-15,1342,332512,41477377,124.0,126.0,123.5,125.0,1.0,349,425
2023-06-16,1342,357888,45133870,125.0,127.5,125.0,126.0,1.0,420,446
2023-06-19,1342,1368534,177184715,125.0,132.5,125.0,127.5,1.5,1264,232
2023-06-20,1342,442726,56367411,128.0,129.5,126.5,126.5,-1.0,431,389
