date,stock_id,Trading_Volume,Trading_money,open,max,min,close,spread,Trading_turnover,Trading_money_rank
2018-01-23,1760,3698304,224691884,60.5,62.3,58.6,60.5,0.0,2716,110
2018-01-24,1760,1010929,60385659,60.5,60.5,59.1,59.6,-0.9,804,240
2018-01-25,1760,480631,28846060,59.6,60.7,59.6,59.6,0.0,392,336
2018-01-26,1760,574511,33645633,59.6,59.6,58.0,58.1,-1.5,513,292
2018-01-29,1760,501287,28655959,58.5,58.8,56.3,57.0,-1.1,439,317
2018-01-30,1760,592451,32755273,57.0,57.0,54.2,55.5,-1.5,506,317
2018-01-31,1760,263510,14394030,55.0,55.2,54.1,54.3,-1.2,245,416
2018-02-01,1760,473668,26787332,54.5,57.5,54.5,56.5,2.2,408,311
2018-02-02,1760,276467,15450608,55.8,56.8,55.4,55.4,-1.1,221,382
2018-02-05,1760,213120,11526100,53.7,54.5,53.6,54.5,-0.9,185,463
2018-02-06,1760,522624,27358886,53.6,53.6,50.8,51.5,-3.0,383,492
2018-02-07,1760,159217,8348188,52.5,52.9,51.8,52.0,0.5,142,547
2018-02-08,1760,140237,7292413,52.0,52.5,51.5,52.4,0.4,137,500
2018-02-09,1760,225338,11383676,50.8,51.4,50.0,51.4,-1.0,201,510
2018-02-12,1760,182095,9327712,51.0,51.8,50.8,51.6,0.2,143,487
2018-02-21,1760,277645,14553448,52.0,53.0,51.6,52.9,1.3,230,425
2018-02-22,1760,448738,24826328,53.5,57.0,53.1,56.2,3.3,429,295
2018-02-23,1760,294134,16446504,56.2,56.6,55.1,55.7,-0.5,236,416
2018-02-26,1760,204111,11310408,55.0,56.4,55.0,55.2,-0.5,199,435
2018-02-27,1760,131015,7160500,55.6,55.6,54.1,54.4,-0.8,131,521
2018-03-01,1760,52633,2846098,53.5,54.5,53.5,54.1,-0.3,100,636
2018-03-02,1760,92510,4950919,54.0,54.0,53.3,53.4,-0.7,99,554
2018-03-05,1760,137525,7466275,54.0,55.0,53.9,54.3,0.9,135,516
2018-03-06,1760,278583,15214282,54.0,55.2,53.7,54.2,-0.1,176,379
2018-03-07,1760,553659,30981590,54.4,57.0,54.4,56.9,2.7,431,295
2018-03-08,1760,1047569,61626864,57.1,61.0,56.3,59.9,3.0,742,221
2018-03-09,1760,497564,29567894,60.1,60.6,58.3,59.6,-0.3,365,313
2018-03-12,1760,420485,24991143,59.6,60.5,58.4,59.5,-0.1,268,355
2018-03-13,1760,312492,18402507,59.5,59.8,58.5,58.6,-0.9,239,405
2018-03-14,1760,705016,42419856,58.7,61.5,58.6,60.2,1.6,547,258
2018-03-15,1760,1021589,63508368,60.2,63.6,59.6,63.6,3.4,861,200
2018-03-16,1760,2975461,204616419,66.3,69.9,65.5,69.9,6.3,1879,150
2018-03-19,1760,2796687,202500540,70.0,76.4,68.3,75.9,6.0,2001,115
2018-03-20,1760,3052093,241795048,75.5,83.3,74.3,83.0,7.1,2325,93
2018-03-21,1760,2134778,171216662,81.4,82.7,78.8,79.1,-3.9,1707,137
2018-03-22,1760,2076785,162638175,79.2,82.0,74.0,74.5,-4.6,1618,144
2018-03-23,1760,1919397,144409211,71.6,78.8,71.0,78.8,4.3,1448,150
2018-03-26,1760,4155124,353514916,80.4,86.6,80.4,86.6,7.8,2639,63
2018-03-27,1760,5036012,453709937,88.9,95.2,86.6,91.0,4.4,3721,54
2018-03-28,1760,2498483,227961788,88.8,93.6,88.0,92.9,1.9,2041,96
2018-03-29,1760,2298837,212682247,94.0,94.8,90.0,90.7,-2.2,1877,106
2018-03-30,1760,2617602,241164951,91.2,94.8,88.6,93.0,2.3,2073,94
2018-03-31,1760,4962753,494823206,93.9,102.0,92.3,102.0,9.0,3191,25
2018-04-02,1760,4738605,510980760,104.0,112.0,101.0,112.0,10.0,3258,41
2018-04-03,1760,3579674,420306402,113.0,123.0,108.5,123.0,11.0,2723,62
2018-04-09,1760,4656317,597440344,127.0,135.0,120.0,133.0,10.0,3635,52
2018-04-10,1760,4459878,548228860,128.0,129.5,120.0,120.0,-13.0,3188,65
2018-04-11,1760,5854049,706151468,118.0,132.0,108.5,132.0,12.0,4680,36
2018-04-12,1760,2793279,361247933,128.0,133.5,126.0,127.5,-4.5,2244,78
2018-04-13,1760,2553244,311290651,126.5,127.5,118.0,119.5,-8.0,2086,86
2018-04-16,1760,1899411,228673231,118.5,124.5,114.5,121.5,2.0,1559,104
2018-04-17,1760,2044626,236492238,122.0,123.0,110.0,113.0,-8.5,1684,111
2018-04-18,1760,2189380,255296340,111.5,121.5,111.5,118.0,5.0,1749,91
2018-04-19,1760,2051113,251791611,119.0,125.5,118.0,121.0,3.0,1629,110
2018-04-20,1760,1243180,148557148,121.5,123.0,117.0,117.5,-3.5,1040,138
2018-04-23,1760,2507088,311783623,118.0,128.5,118.0,126.5,9.0,2130,85
2018-04-24,1760,1861490,224435810,126.5,126.5,116.0,119.0,-7.5,1520,113
2018-04-25,1760,1387022,166492706,116.0,123.5,115.5,123.0,4.0,1137,128
2018-04-26,1760,1962213,232886208,122.5,124.5,114.0,115.0,-8.0,1526,116
2018-04-27,1760,2121502,232631462,117.5,119.0,105.0,108.0,-7.0,1730,99
2018-04-30,1760,1148807,123127349,107.5,110.5,105.5,106.0,-2.0,998,147
2018-05-02,1760,780606,83367842,106.0,108.5,104.0,106.5,0.5,697,183
2018-05-03,1760,1611771,178161852,106.5,114.5,105.5,111.5,5.0,1412,117
2018-05-04,1760,1598401,169772006,109.5,111.0,103.5,104.5,-7.0,1333,114
2018-05-07,1760,1037500,105607741,105.5,106.0,100.0,101.0,-3.5,899,145
2018-05-08,1760,879700,91154147,101.0,106.0,100.0,101.5,0.5,744,177
2018-05-09,1760,555646,56820392,103.0,104.0,101.0,102.0,0.5,468,224
2018-05-10,1760,1247321,132335668,103.0,109.5,101.0,108.5,6.5,1049,155
2018-05-11,1760,932382,99414610,107.5,109.0,105.0,105.0,-3.5,776,192
2018-05-14,1760,1053005,113319041,107.0,110.5,105.0,108.5,3.5,874,185
2018-05-15,1760,1485731,165732410,109.0,114.0,109.0,111.0,2.5,1223,146
2018-05-16,1760,906391,99522920,109.0,112.5,108.0,108.0,-3.0,756,187
2018-05-17,1760,668580,71213688,109.0,109.0,105.5,105.5,-2.5,554,213
2018-05-18,1760,428800,45315897,107.0,107.0,105.0,105.0,-0.5,379,247
2018-05-21,1760,713650,75485075,108.0,108.0,104.0,105.0,0.0,566,206
2018-05-22,1760,421038,44330990,106.5,106.5,104.0,104.5,-0.5,371,254
2018-05-23,1760,446059,47240724,104.0,107.0,104.0,106.5,2.0,379,247
2018-05-24,1760,713350,77464300,106.5,110.5,106.0,108.0,1.5,623,196
2018-05-25,1760,1227236,127451425,108.0,108.0,101.0,102.5,-5.5,1000,152
2018-05-28,1760,1657486,164176389,102.5,102.5,96.5,96.6,-5.9,1273,133
2018-05-29,1760,1747435,160143356,95.1,96.6,88.2,89.0,-7.6,1458,126
2018-05-30,1760,952002,87163781,89.6,94.1,89.6,91.5,2.5,796,208
2018-05-31,1760,1602471,149529520,92.2,99.0,88.9,96.0,4.5,1284,183
2018-06-01,1760,2892845,296827546,97.2,105.5,94.9,105.5,9.5,1917,86
2018-06-04,1760,4190667,462382358,107.0,115.0,107.0,108.5,3.0,2953,67
2018-06-05,1760,1313102,142681959,111.0,111.0,107.0,107.0,-1.5,1076,172
2018-06-06,1760,1595108,165858176,108.0,108.0,102.0,103.0,-4.0,1329,158
2018-06-07,1760,1490654,156527324,103.0,110.0,100.0,105.0,2.0,1194,175
2018-06-08,1760,1527050,153531921,104.5,106.5,97.4,99.9,-5.1,1218,153
2018-06-11,1760,681002,68456502,101.5,102.0,99.9,100.0,0.1,504,239
2018-06-12,1760,677484,68673026,100.0,103.5,99.1,101.0,1.0,540,244
2018-06-13,1760,1149360,120659397,102.0,107.5,102.0,103.0,2.0,955,177
2018-06-14,1760,905600,91342497,103.0,104.0,99.6,100.0,-3.0,725,210
2018-06-15,1760,480368,48064278,102.0,102.0,99.5,99.6,-0.4,415,297
2018-06-19,1760,613720,59244601,99.0,99.1,94.5,94.8,0.0,514,254
2018-06-20,1760,542320,51092280,95.7,96.5,92.1,92.8,-2.0,441,268
2018-06-21,1760,845908,83007600,93.4,101.0,93.2,100.5,7.7,757,193
2018-06-22,1760,676050,65835154,98.5,98.8,96.0,96.8,-3.7,590,216
2018-06-25,1760,434462,42551714,97.5,100.5,96.2,97.3,0.5,371,267
2018-06-26,1760,285112,27833388,98.0,98.5,96.0,97.1,-0.2,275,339
2018-06-27,1760,355548,34077308,98.0,98.1,94.8,95.0,-2.1,306,283
2018-06-28,1760,248750,23768700,95.0,97.3,94.5,94.5,-0.5,235,325
2018-06-29,1760,226059,21567809,94.7,96.0,94.7,96.0,1.5,203,332
2018-07-02,1760,359780,33938962,96.0,96.0,92.8,93.0,-3.0,286,279
2018-07-03,1760,805538,72855280,93.5,94.1,88.1,88.8,-4.2,630,209
2018-07-04,1760,1112103,95348315,88.8,89.0,84.6,84.8,-4.0,870,149
2018-07-05,1760,524874,44141254,85.4,86.8,81.1,81.1,-3.7,447,242
2018-07-06,1760,778305,62076710,82.0,83.1,78.3,78.7,-2.4,670,221
2018-07-09,1760,1361744,114785854,80.0,86.5,79.0,86.5,7.8,1047,156
2018-07-10,1760,1197525,101895928,87.2,87.3,83.2,84.8,-1.7,1002,160
2018-07-11,1760,1713426,153433092,83.3,92.5,83.3,88.3,3.5,1460,116
2018-07-12,1760,1764702,164327803,91.4,94.5,91.0,93.3,5.0,1412,120
2018-07-13,1760,2475141,242964936,95.0,100.5,93.5,99.6,6.3,2060,100
2018-07-16,1760,3104296,322309988,101.5,106.0,101.5,103.0,3.4,2476,77
2018-07-17,1760,1995331,202473963,104.0,105.0,99.1,101.0,-2.0,1575,116
2018-07-18,1760,2207881,230267178,103.5,107.5,101.0,103.5,2.5,1857,115
2018-07-19,1760,1049411,108356422,104.5,106.0,100.5,100.5,-3.0,884,160
2018-07-20,1760,1249403,122683100,100.5,101.5,96.0,96.0,-4.5,1072,156
2018-07-23,1760,923724,85506080,95.6,95.6,90.7,91.8,-4.2,784,178
2018-07-24,1760,1899939,186575566,93.4,100.5,93.4,100.5,8.7,1537,111
2018-07-25,1760,1546486,154750024,102.0,103.0,98.0,98.0,-2.5,1303,128
2018-07-26,1760,2471813,254930452,99.1,105.5,99.1,102.0,4.0,2002,92
2018-07-27,1760,1159280,119001340,104.0,104.5,101.0,102.0,0.0,990,153
2018-07-30,1760,734195,72855905,102.0,102.5,98.1,98.5,-3.5,636,187
2018-07-31,1760,4677137,493416796,98.7,108.0,98.7,108.0,9.5,3301,61
2018-08-01,1760,6891678,755861204,112.0,112.5,103.0,104.0,-4.0,4576,37
2018-08-02,1760,4009580,434833140,106.5,111.0,105.5,108.0,4.0,3162,60
2018-08-03,1760,6867546,777635790,110.5,118.0,107.0,115.5,7.5,5158,28
2018-08-06,1760,8117270,982130210,117.0,124.5,116.0,123.0,7.5,6253,24
2018-08-07,1760,3214749,385701502,121.0,123.0,117.0,118.0,-5.0,2640,63
2018-08-08,1760,3299879,391856085,119.5,123.0,114.0,115.0,-3.0,2632,70
2018-08-09,1760,3300351,385637269,115.5,120.5,112.0,119.0,4.0,2622,57
2018-08-10,1760,2910484,334011692,118.0,118.0,111.5,112.0,-7.0,2336,74
2018-08-13,1760,2757143,291834872,112.0,112.5,101.0,103.0,-9.0,2184,114
2018-08-14,1760,1628755,166786895,104.0,106.0,100.0,103.0,0.0,1319,127
2018-08-15,1760,1463564,150852741,103.5,106.0,101.0,101.5,-1.5,1246,144
2018-08-16,1760,1587530,156650400,100.5,100.5,94.4,99.1,-2.4,1283,128
2018-08-17,1760,999530,100591664,102.0,103.0,98.3,98.3,-0.8,834,157
2018-08-20,1760,888052,86595680,99.0,100.5,95.1,97.0,-1.3,766,172
2018-08-21,1760,981405,98297500,98.5,102.0,98.0,100.0,3.0,818,159
2018-08-22,1760,2610609,273653445,102.0,106.5,101.5,105.5,5.5,2093,84
2018-08-23,1760,1252979,128683274,105.0,105.5,100.5,101.5,-4.0,1009,141
2018-08-24,1760,593031,59033031,100.0,101.0,98.3,99.5,-2.0,525,198
2018-08-27,1760,491821,49436106,101.0,102.0,99.6,100.5,1.0,403,203
2018-08-28,1760,580273,58739400,101.0,102.5,99.8,101.0,0.5,508,209
2018-08-29,1760,563409,56805476,101.0,102.5,99.9,99.9,-1.1,400,207
2018-08-30,1760,894974,91316274,100.0,104.0,99.5,101.0,1.1,742,172
2018-08-31,1760,907080,93373240,101.5,105.0,101.0,102.5,1.5,740,164
2018-09-03,1760,644014,65624400,104.0,104.5,100.0,101.0,-1.5,527,191
2018-09-04,1760,683706,70256771,101.0,104.5,101.0,104.0,3.0,563,176
2018-09-05,1760,616601,63301504,103.0,104.5,101.0,101.0,-3.0,474,205
2018-09-06,1760,397750,40205874,102.0,102.5,100.0,100.0,-1.0,353,236
2018-09-07,1760,693857,68511986,100.0,101.0,96.1,97.6,-2.4,579,226
2018-09-10,1760,662633,63283635,98.6,99.4,92.5,94.9,-2.7,550,234
2018-09-11,1760,656308,62826160,96.2,98.4,94.0,94.0,-0.9,589,195
2018-09-12,1760,531780,49473440,95.0,95.1,91.3,92.2,-1.8,485,229
2018-09-13,1760,861338,81673773,93.1,96.9,92.9,94.3,2.1,727,163
2018-09-14,1760,1193147,113131212,93.5,96.5,93.5,95.3,1.0,1011,153
2018-09-17,1760,404201,37768412,94.7,95.0,92.6,92.8,-2.5,348,220
2018-09-18,1760,347280,32195760,92.9,94.0,91.6,91.6,-1.2,318,250
2018-09-19,1760,316746,29240332,91.8,93.0,91.8,91.9,0.3,280,263
2018-09-20,1760,509101,47604293,93.6,95.4,92.0,92.0,0.1,467,214
2018-09-21,1760,214930,19938990,93.3,93.3,92.2,93.0,1.0,194,317
2018-09-25,1760,331303,31033767,93.4,94.8,92.7,93.3,0.3,293,264
2018-09-26,1760,364150,33928535,93.9,94.3,92.3,92.8,-0.5,310,242
2018-09-27,1760,264019,24312362,92.8,93.3,91.3,91.5,-1.3,228,292
2018-09-28,1760,548100,49523650,91.8,92.5,89.3,89.7,-1.8,464,228
2018-10-01,1760,225591,20299072,89.7,90.5,89.6,90.2,0.5,204,290
2018-10-02,1760,201000,18091500,90.6,90.6,89.7,89.8,-0.4,169,302
2018-10-03,1760,228100,20455719,90.2,90.9,88.8,89.2,-0.6,209,309
2018-10-04,1760,188650,16663450,89.2,89.6,87.6,88.1,-1.1,174,326
2018-10-05,1760,423014,36040902,87.6,88.9,80.1,84.1,-4.0,372,305
2018-10-08,1760,691515,56467909,83.0,83.9,80.5,81.5,-2.6,565,208
2018-10-09,1760,1048791,80448592,80.7,81.0,74.1,75.3,-6.2,920,182
2018-10-11,1760,896737,61613890,70.5,70.5,67.8,68.1,-7.2,691,279
2018-10-12,1760,690501,48767607,67.5,71.5,67.5,71.4,3.3,609,240
2018-10-15,1760,382100,27079054,71.0,71.6,70.0,70.3,-1.1,323,281
2018-10-16,1760,392651,28299305,71.0,73.3,70.9,71.3,1.0,330,267
2018-10-17,1760,289779,20952599,72.5,73.3,71.5,71.5,0.2,277,292
2018-10-18,1760,274557,19742717,72.4,73.0,71.2,71.5,0.0,258,284
2018-10-19,1760,238000,16719700,71.5,71.5,69.0,70.7,-0.8,196,389
2018-10-22,1760,305638,22014054,70.1,72.8,70.1,72.2,1.5,264,265
2018-10-23,1760,210232,15052749,71.2,72.9,70.8,71.0,-1.2,181,329
2018-10-24,1760,201102,14087789,71.0,71.4,69.1,69.6,-1.4,185,339
2018-10-25,1760,714720,46719318,67.1,67.5,62.7,63.3,-6.3,592,224
2018-10-26,1760,352050,22501500,64.4,65.3,62.7,62.7,-0.6,307,308
2018-10-29,1760,220054,13609156,63.2,64.5,61.0,61.0,-1.7,198,334
2018-10-30,1760,338091,20491642,61.5,61.7,59.3,59.7,-1.3,306,262
2018-10-31,1760,369040,22851820,61.0,63.2,60.6,61.3,1.6,328,275
2018-11-01,1760,731120,48093686,62.4,67.4,62.0,67.4,6.1,595,201
2018-11-02,1760,519306,35102896,67.4,69.0,66.0,66.8,-0.6,457,248
2018-11-05,1760,220030,14381500,66.7,66.7,64.8,65.2,-1.6,201,306
2018-11-06,1760,221400,14445978,66.5,66.5,64.1,64.2,-1.0,205,314
2018-11-07,1760,438000,29014100,63.0,68.0,63.0,66.6,2.4,349,233
2018-11-08,1760,441877,29891981,67.3,68.8,66.6,66.6,0.0,393,251
2018-11-09,1760,417171,28165116,67.0,68.8,66.6,68.0,1.4,377,229
2018-11-12,1760,294034,20055230,68.9,69.1,67.2,67.6,-0.4,255,272
2018-11-13,1760,276741,18155678,66.5,66.5,64.9,65.9,-1.7,252,286
2018-11-14,1760,161560,10645277,66.9,66.9,65.2,65.5,-0.4,152,377
2018-11-15,1760,196302,12748861,65.5,66.5,64.3,64.8,-0.7,179,355
2018-11-16,1760,353001,22840267,65.7,65.7,63.8,64.0,-0.8,260,275
2018-11-19,1760,129082,8363320,64.0,65.2,63.8,65.2,1.2,119,395
2018-11-20,1760,277108,17722942,64.8,64.8,63.3,63.5,-1.7,239,288
2018-11-21,1760,297197,18788541,61.5,64.6,61.5,62.9,-0.6,240,302
2018-11-22,1760,564100,36686739,63.7,66.0,63.5,64.2,1.3,493,234
2018-11-23,1760,280400,17819378,64.3,64.8,63.0,63.0,-1.2,235,302
2018-11-26,1760,934000,62718000,64.7,69.3,63.9,69.3,6.3,726,183
2018-11-27,1760,1558942,111961210,68.9,74.9,67.8,73.8,4.5,1322,156
2018-11-28,1760,912500,66717897,73.0,74.3,71.8,72.8,-1.0,764,214
2018-11-29,1760,897556,67360700,73.9,76.4,73.3,75.2,2.4,741,214
2018-11-30,1760,494410,36861640,75.4,75.6,73.3,73.6,-1.6,401,291
2018-12-03,1760,528838,40092813,75.0,76.8,75.0,75.2,1.6,461,303
2018-12-04,1760,309101,23056174,75.7,75.7,73.9,74.0,-1.2,260,345
2018-12-05,1760,564926,40748307,73.8,73.8,71.0,71.5,-2.5,473,251
2018-12-06,1760,480157,34008656,70.9,73.5,68.6,70.0,-1.5,411,302
2018-12-07,1760,266630,18725549,71.0,71.4,69.0,70.5,0.5,233,299
2018-12-10,1760,387015,27460550,70.5,72.5,69.9,69.9,-0.6,320,260
2018-12-11,1760,222316,15743072,71.0,71.4,70.0,70.7,0.8,193,321
2018-12-12,1760,464903,33874597,71.3,73.5,71.3,73.2,2.5,374,271
2018-12-13,1760,352050,25705753,73.7,73.8,72.0,73.1,-0.1,280,296
2018-12-14,1760,442050,31732089,73.1,73.5,71.0,71.1,-2.0,356,263
2018-12-17,1760,267756,19236824,71.8,73.2,71.2,71.2,0.1,239,322
2018-12-18,1760,163048,11534852,71.1,71.5,70.1,70.5,-0.7,191,380
2018-12-19,1760,290012,20110676,71.6,71.7,68.1,69.0,-1.5,244,307
2018-12-20,1760,250006,16973144,68.9,69.2,66.8,67.6,-1.4,189,344
2018-12-21,1760,252500,17096744,67.1,69.0,66.0,68.5,0.9,214,335
2018-12-22,1760,83002,5610142,67.9,68.4,67.0,67.3,-1.2,77,364
2018-12-24,1760,987741,71816034,68.7,74.0,68.6,74.0,6.7,753,176
2018-12-25,1760,2328710,181904122,73.7,81.2,72.4,80.5,6.5,1856,80
2018-12-26,1760,1765924,144090548,80.5,83.9,79.5,80.9,0.4,1437,87
2018-12-27,1760,1085001,89404578,83.9,83.9,81.3,81.8,0.9,863,153
2018-12-28,1760,945550,76970719,81.1,83.5,79.9,83.5,1.7,833,153
2019-01-02,1760,3289646,293389840,86.1,91.2,86.1,90.0,6.5,2699,50
2019-01-03,1760,2060750,185020870,88.2,91.8,87.8,88.7,-1.3,1832,95
2019-01-04,1760,2168847,194809383,88.5,91.8,87.3,88.3,-0.4,1831,98
2019-01-07,1760,1500940,135754777,90.2,91.7,88.7,90.5,2.2,1244,143
2019-01-08,1760,3624703,345615482,91.6,98.1,91.6,94.0,3.5,3070,56
2019-01-09,1760,1273543,118656848,93.2,94.7,92.1,93.0,-1.0,1091,170
2019-01-10,1760,1119873,104502187,92.7,94.4,92.3,92.4,-0.6,916,157
2019-01-11,1760,1834354,163203736,93.2,93.4,87.3,87.7,-4.7,1541,108
2019-01-14,1760,778498,68817461,87.7,89.4,86.6,88.1,0.4,686,164
2019-01-15,1760,530879,46868907,89.3,89.4,87.6,88.0,-0.1,471,209
2019-01-16,1760,1194358,102723630,88.3,88.5,84.5,85.2,-2.8,942,166
2019-01-17,1760,768396,66478256,86.7,87.4,85.3,86.4,1.2,637,186
2019-01-18,1760,473264,41057514,87.1,87.7,86.0,86.5,0.1,459,219
2019-01-21,1760,2233923,202702470,87.2,92.8,86.7,90.2,3.7,1871,98
2019-01-22,1760,1223210,111641981,90.9,92.6,89.8,90.4,0.2,1024,142
2019-01-23,1760,1911779,177635382,91.1,94.5,90.7,94.2,3.8,1594,87
2019-01-24,1760,6571677,666788262,97.0,103.5,97.0,103.5,9.3,4116,28
2019-01-25,1760,5406023,570145892,106.5,107.5,103.5,104.5,1.0,3884,44
2019-01-28,1760,3021255,323497775,105.0,109.5,105.0,105.5,1.0,2303,63
2019-01-29,1760,2736439,290986095,105.0,108.5,103.0,105.0,-0.5,2085,73
2019-01-30,1760,1717905,178939715,105.5,106.5,102.0,103.0,-2.0,1403,112
2019-02-11,1760,2088230,220422380,105.0,107.5,102.0,106.5,3.5,1619,112
2019-02-12,1760,1667731,178050384,109.5,109.5,104.0,104.5,-2.0,1330,143
2019-02-13,1760,1202162,126848496,105.0,108.0,103.5,107.5,3.0,934,172
2019-02-14,1760,4159387,465414570,107.5,115.0,106.0,111.0,3.5,3344,54
2019-02-15,1760,2102558,232477980,110.0,113.0,108.0,108.5,-2.5,1728,110
2019-02-18,1760,1102934,120431386,109.5,111.5,107.5,108.0,-0.5,882,163
2019-02-19,1760,1362952,143793967,108.5,109.0,104.0,105.0,-3.0,1118,141
2019-02-20,1760,2123921,221588284,108.0,109.0,101.0,104.0,-1.0,1770,128
2019-02-21,1760,1736206,175682306,104.5,105.0,100.0,101.0,-3.0,1431,143
2019-02-22,1760,1688831,169069262,100.5,102.0,98.9,101.5,0.5,1333,139
2019-02-25,1760,826660,84231636,102.0,103.0,100.5,102.5,1.0,699,206
2019-02-26,1760,2364061,249674344,102.5,107.5,102.5,105.0,2.5,1809,110
2019-02-27,1760,1087840,114201200,105.5,106.5,103.5,104.5,-0.5,845,168
2019-03-04,1760,1276923,134990838,106.0,108.0,104.5,105.0,0.5,1004,162
2019-03-05,1760,655841,68214838,105.5,106.0,102.0,102.0,-3.0,618,198
2019-03-06,1760,1209901,121880402,102.0,103.0,100.0,100.0,-2.0,1038,158
2019-03-07,1760,1250650,124963151,100.5,102.0,97.8,98.1,-1.9,1081,159
2019-03-08,1760,1671105,168918110,100.0,102.5,99.0,101.0,2.9,1282,123
2019-03-11,1760,581296,58336396,101.0,101.5,99.7,100.5,-0.5,553,220
2019-03-12,1760,4590872,494845352,102.0,110.5,102.0,110.5,10.0,3254,41
2019-03-13,1760,6654887,739803955,111.5,113.5,109.0,111.0,0.5,4862,21
2019-03-14,1760,2214497,246654676,111.5,114.0,109.0,109.0,-2.0,1776,105
2019-03-15,1760,1488551,161338152,110.5,111.5,106.0,107.5,-1.5,1191,169
2019-03-18,1760,7754375,886793750,114.0,118.0,109.5,109.5,2.0,5005,25
2019-03-19,1760,3099636,342288114,110.5,112.5,108.0,109.0,-0.5,2200,86
2019-03-20,1760,6075689,701020613,113.0,119.0,112.0,118.0,9.0,4490,37
2019-03-21,1760,2884357,333705714,117.5,117.5,113.5,115.5,-2.5,2234,75
2019-03-22,1760,3289521,386897237,117.0,120.0,114.5,120.0,4.5,2558,79
2019-03-25,1760,2403950,276743250,114.5,117.0,114.0,114.0,-6.0,1828,89
2019-03-26,1760,2246839,261723485,115.5,118.5,115.0,115.0,1.0,1710,90
2019-03-27,1760,954532,109499296,116.0,116.0,113.5,114.0,-1.0,940,175
2019-03-28,1760,1053659,119770808,114.5,115.5,112.0,112.0,-2.0,1001,159
2019-03-29,1760,642277,71920524,112.5,113.5,111.0,111.0,-1.0,657,217
2019-04-01,1760,877812,96613790,113.0,113.0,108.5,109.0,-2.0,975,203
2019-04-02,1760,1171692,126162044,108.5,109.5,105.5,107.5,-1.5,895,168
2019-04-03,1760,1586643,175778087,109.5,113.5,108.5,109.0,1.5,1328,139
2019-04-08,1760,1116035,119609859,110.0,110.5,106.0,106.5,-2.5,924,196
2019-04-09,1760,891251,96742228,108.0,110.0,107.0,108.5,2.0,785,201
2019-04-10,1760,1135894,121355764,109.0,109.5,105.5,106.5,-2.0,895,185
2019-04-11,1760,871618,91450578,107.0,107.0,104.0,104.0,-2.5,692,218
2019-04-12,1760,1659103,169462242,104.5,105.5,100.5,100.5,-3.5,1232,138
2019-04-15,1760,1060444,106940620,101.5,102.0,100.0,101.0,0.5,879,183
2019-04-16,1760,2853249,278429045,101.0,101.5,94.8,98.1,-2.9,2361,93
2019-04-17,1760,1053173,103629300,98.7,99.6,97.5,97.6,-0.5,876,208
2019-04-18,1760,1281014,122537986,97.9,98.0,94.4,94.4,-3.2,1079,203
2019-04-19,1760,1763340,170359720,96.3,98.1,95.2,96.4,2.0,1386,121
2019-04-22,1760,1908069,186955500,96.1,99.8,96.1,98.5,2.1,1465,112
2019-04-23,1760,1485482,142900526,99.0,99.0,94.8,95.2,-3.3,1168,148
2019-04-24,1760,1253649,120044437,95.7,97.5,94.5,94.9,-0.3,963,177
2019-04-25,1760,1288469,122210217,95.4,96.5,93.5,95.9,1.0,1008,166
2019-04-26,1760,691580,65527409,95.7,95.9,94.1,94.1,-1.8,579,222
2019-04-29,1760,602055,56801104,94.1,95.5,93.6,93.6,-0.5,459,243
2019-04-30,1760,972723,92643836,94.0,96.5,93.8,96.5,2.9,763,181
2019-05-02,1760,1334161,129697447,97.0,98.1,96.2,97.3,0.8,1037,142
2019-05-03,1760,631766,61296776,97.0,97.6,96.6,97.2,-0.1,501,217
2019-05-06,1760,853917,80930698,96.7,96.7,93.5,93.5,-3.7,660,210
2019-05-07,1760,413261,39116763,94.5,95.1,94.0,94.6,1.1,342,256
2019-05-08,1760,4812371,478285829,95.0,102.5,95.0,99.0,4.4,3769,51
2019-05-09,1760,1971220,194926340,100.0,101.0,95.8,97.0,-2.0,1681,141
2019-05-10,1760,1122391,108753182,98.3,99.5,94.5,95.0,-2.0,936,188
2019-05-13,1760,962194,91251964,95.4,96.7,93.0,93.5,-1.5,761,191
2019-05-14,1760,841528,77694495,92.7,94.7,90.5,94.7,1.2,676,217
2019-05-15,1760,2280095,225043072,96.9,100.5,95.5,98.9,4.2,1829,103
2019-05-16,1760,1657201,163235799,99.2,100.0,95.6,95.9,-3.0,1353,131
2019-05-17,1760,914212,88061728,97.9,98.4,95.0,95.0,-0.9,766,191
2019-05-20,1760,450003,42913785,95.5,96.5,94.6,95.0,0.0,374,243
2019-05-21,1760,725001,69719897,95.8,97.2,94.7,96.7,1.7,586,203
2019-05-22,1760,1021081,99621999,97.0,98.7,96.0,96.0,-0.7,801,148
2019-05-23,1760,577048,55623204,96.1,97.5,95.1,96.4,0.4,489,220
2019-05-24,1760,1238503,121361038,97.5,99.0,97.1,97.5,1.1,945,144
2019-05-27,1760,696309,67756873,98.6,99.1,96.5,96.6,-0.9,549,184
2019-05-28,1760,404116,38983940,96.8,97.4,96.0,96.0,-0.6,347,279
2019-05-29,1760,309410,29674060,95.8,96.6,94.7,96.0,0.0,292,292
2019-05-30,1760,338902,32757870,96.0,97.4,96.0,96.5,0.5,291,264
2019-05-31,1760,475536,45631956,95.6,96.9,95.3,95.8,-0.7,419,233
2019-06-03,1760,1019522,95278626,95.7,95.7,92.0,92.2,-3.6,874,150
2019-06-04,1760,784876,71906702,92.2,93.0,90.7,91.1,-1.1,684,179
2019-06-05,1760,431570,39360170,92.2,92.6,90.0,90.4,-0.7,374,236
2019-06-06,1760,840785,75215735,90.2,91.1,88.7,89.1,-1.3,692,175
2019-06-10,1760,971918,86405090,89.4,90.3,87.6,90.3,1.2,812,174
2019-06-11,1760,957180,85242720,90.1,90.1,88.4,88.6,-1.7,828,181
2019-06-12,1760,612352,54916980,89.2,90.4,88.6,89.3,0.7,539,208
2019-06-13,1760,327033,29140958,89.8,89.8,88.7,88.7,-0.6,298,252
2019-06-14,1760,481029,43143410,88.8,90.3,88.7,89.6,0.9,406,212
2019-06-17,1760,678709,61597962,90.2,91.6,90.2,90.4,0.8,567,185
2019-06-18,1760,398632,36241056,91.2,91.4,90.6,90.6,0.2,340,245
2019-06-19,1760,512669,46649809,91.7,91.7,90.6,90.7,0.1,431,248
2019-06-20,1760,2780366,263945157,91.4,96.5,91.1,95.9,5.2,2175,96
2019-06-21,1760,945350,89681650,95.3,95.6,94.0,94.4,-1.5,783,207
2019-06-24,1760,478228,45292498,95.2,95.6,93.7,94.8,0.4,406,240
2019-06-25,1760,565978,53288752,95.0,95.6,92.6,92.9,-1.9,456,214
2019-06-26,1760,478215,44446615,92.9,93.5,92.4,92.7,-0.2,357,225
2019-06-27,1760,449163,41352096,91.5,92.6,91.5,92.0,0.0,373,248
2019-06-28,1760,818526,76659030,92.3,94.7,91.8,93.4,1.4,648,175
2019-07-01,1760,475664,44443982,94.0,94.2,92.7,93.5,0.1,378,265
2019-07-02,1760,1386582,132897859,93.1,97.5,93.1,95.3,1.8,1153,154
2019-07-03,1760,652404,61600536,96.1,96.1,93.5,94.3,-1.0,546,219
2019-07-04,1760,1183117,113733209,95.0,97.2,94.7,96.7,2.4,961,152
2019-07-05,1760,949128,91655513,97.2,97.9,95.7,96.0,-0.7,734,163
2019-07-08,1760,676500,64845049,96.0,96.7,94.7,96.5,0.5,509,211
2019-07-09,1760,3241624,321781337,97.7,101.0,97.5,97.5,1.0,2584,61
2019-07-10,1760,868539,84475592,97.5,98.0,96.6,97.4,-0.1,716,197
2019-07-11,1760,1543274,145339334,95.0,95.2,93.1,93.8,-3.6,1201,153
2019-07-12,1760,474592,44651728,94.0,94.7,93.6,93.7,-0.1,370,263
2019-07-15,1760,448201,42407234,94.4,95.3,93.8,94.3,0.6,362,273
2019-07-16,1760,562399,53600305,94.6,95.7,94.6,95.5,1.2,480,256
2019-07-17,1760,651965,62603664,95.8,96.8,95.2,95.3,-0.2,541,223
2019-07-18,1760,5045571,500227143,96.0,100.5,95.8,98.5,3.2,3779,38
2019-07-19,1760,2783676,278509879,100.5,102.0,98.5,98.5,0.0,2125,92
2019-07-22,1760,975160,95800812,98.5,99.9,96.9,97.6,-0.9,823,195
2019-07-23,1760,928200,89883260,98.7,98.7,96.2,96.2,-1.4,771,209
2019-07-24,1760,912272,88012846,96.8,97.8,95.6,95.9,-0.3,741,213
2019-07-25,1760,967382,91618802,95.9,95.9,94.2,94.5,-1.4,806,203
2019-07-26,1760,940134,89473124,94.6,96.3,94.0,95.9,1.4,687,199
2019-07-29,1760,1070101,101577496,95.9,96.5,94.2,94.5,-1.4,853,180
2019-07-30,1760,1916585,175583235,94.5,95.3,89.5,90.7,-3.8,1408,146
2019-07-31,1760,394236,35901284,90.5,91.9,90.5,91.7,1.0,354,278
2019-08-01,1760,269899,24604396,91.3,91.6,90.8,91.1,-0.6,207,317
2019-08-02,1760,899000,80148500,90.7,90.7,88.6,88.8,-2.3,680,227
2019-08-05,1760,550976,48341488,88.1,88.9,86.3,86.5,-2.3,448,249
2019-08-06,1760,485302,41432720,84.3,87.2,83.5,86.4,-0.1,418,282
2019-08-07,1760,364081,31776995,87.4,88.3,86.5,86.5,0.1,298,286
2019-08-08,1760,303500,26365499,86.5,87.8,86.0,86.4,-0.1,258,288
2019-08-12,1760,300033,26148446,87.0,88.0,86.1,87.7,1.3,262,315
2019-08-13,1760,660300,58274139,88.1,89.7,87.2,87.5,-0.2,571,238
2019-08-14,1760,318202,27755375,88.8,88.8,85.3,86.5,-1.0,266,325
2019-08-15,1760,444767,37713895,84.9,85.9,84.2,84.3,-2.2,346,271
2019-08-16,1760,273003,23210267,84.6,85.9,84.1,85.5,1.2,229,339
2019-08-19,1760,541020,47183980,86.0,88.4,86.0,88.2,2.7,441,259
2019-08-20,1760,653004,57510352,88.8,89.1,86.5,86.9,-1.3,531,239
2019-08-21,1760,339685,29626918,87.8,88.2,86.6,86.8,-0.1,299,304
2019-08-22,1760,266002,23311978,87.8,88.4,87.2,87.2,0.4,214,336
2019-08-23,1760,580315,51432135,87.9,89.3,87.5,88.5,1.3,478,242
2019-08-26,1760,335802,29333451,87.1,87.8,87.0,87.4,-1.1,281,299
2019-08-27,1760,706104,61456895,88.0,88.3,86.2,86.2,-1.2,533,233
2019-08-28,1760,266002,22872872,85.9,86.9,85.6,85.7,-0.5,224,321
2019-08-29,1760,432193,37514091,85.8,87.5,85.8,86.8,1.1,378,269
2019-08-30,1760,382007,33293323,87.4,88.0,86.5,86.6,-0.2,326,312
2019-09-02,1760,292091,25581608,87.0,88.0,87.0,87.7,1.1,269,322
2019-09-03,1760,373093,32764560,88.3,88.8,87.0,87.8,0.1,341,293
2019-09-04,1760,706602,62718453,88.5,89.6,88.0,88.7,0.9,584,227
2019-09-05,1760,544560,48121580,89.1,89.4,87.6,88.0,-0.7,455,269
2019-09-06,1760,190082,16671066,88.4,88.4,87.3,87.6,-0.4,164,378
2019-09-09,1760,203131,17741174,87.9,88.3,86.6,86.6,-1.0,193,376
2019-09-10,1760,618101,54503117,87.8,88.7,87.5,87.6,1.0,491,239
2019-09-11,1760,162057,14211916,88.4,88.4,87.4,87.5,-0.1,150,414
2019-09-12,1760,161308,14169950,87.9,88.4,87.4,87.5,0.0,155,400
2019-09-16,1760,155600,13634118,87.5,88.1,87.4,87.5,0.0,141,395
2019-09-17,1760,502424,44657036,88.1,89.6,87.9,89.0,1.5,445,248
2019-09-18,1760,559251,50171437,89.5,90.3,89.1,89.7,0.7,457,248
2019-09-19,1760,403220,36090423,90.1,90.5,88.6,88.6,-1.1,346,262
2019-09-20,1760,238400,21050037,88.7,88.8,87.9,88.1,-0.5,210,355
2019-09-23,1760,257693,22944429,88.0,89.6,87.9,88.8,0.7,236,337
2019-09-24,1760,201132,17923020,88.8,89.6,88.7,88.7,-0.1,177,367
2019-09-25,1760,376820,33551123,88.7,89.9,88.4,88.5,-0.2,310,279
2019-09-26,1760,456201,40047505,88.7,89.1,86.7,86.9,-1.6,404,247
2019-09-27,1760,530245,45295947,87.3,87.3,85.0,85.0,-1.9,454,261
2019-10-01,1760,472050,39650489,85.0,85.6,83.6,83.9,-1.1,382,257
2019-10-02,1760,126632,10668549,83.9,84.8,83.7,84.1,0.2,113,385
2019-10-03,1760,185101,15669473,84.1,85.2,83.8,84.3,0.2,168,331
2019-10-04,1760,135574,11512715,84.3,85.2,84.3,84.9,0.6,131,393
2019-10-07,1760,142061,12047196,85.1,85.5,84.3,84.7,-0.2,118,384
2019-10-08,1760,125001,10593084,85.0,85.0,84.5,84.5,-0.2,97,424
2019-10-09,1760,301401,25671043,84.5,85.9,84.5,85.5,1.0,256,323
2019-10-14,1760,307431,26584491,85.8,87.2,85.7,86.3,0.8,264,346
2019-10-15,1760,345449,30098452,86.5,87.8,86.3,87.5,1.2,320,296
2019-10-16,1760,598289,53044032,88.0,89.8,87.7,88.0,0.5,499,263
2019-10-17,1760,156030,13801040,88.9,88.9,88.0,88.0,0.0,142,407
2019-10-18,1760,178101,15663445,88.1,88.6,87.6,87.6,-0.4,150,440
2019-10-21,1760,144034,12568364,87.6,87.6,86.9,87.2,-0.4,113,429
2019-10-22,1760,251256,22035572,87.8,88.5,87.0,87.2,0.0,208,347
2019-10-23,1760,293295,25849929,87.2,88.8,87.2,87.9,0.7,264,332
2019-10-24,1760,464602,41301978,88.8,89.5,88.3,88.5,0.6,406,269
2019-10-25,1760,628213,56318857,89.4,90.5,89.0,89.0,0.5,507,229
2019-10-28,1760,227798,20236962,89.3,89.5,88.4,88.5,-0.5,201,348
2019-10-29,1760,425877,37902086,89.9,89.9,87.9,89.5,1.0,377,294
2019-10-30,1760,2640533,244116608,90.2,94.3,89.6,93.2,3.7,2136,116
2019-10-31,1760,891040,82838374,93.5,94.4,91.8,92.4,-0.8,738,215
2019-11-01,1760,1559090,146860460,93.2,95.0,92.7,94.1,1.7,1204,138
2019-11-04,1760,1288629,122455839,95.0,95.6,94.3,94.6,0.5,911,174
2019-11-05,1760,2281307,220431791,96.5,98.5,95.1,95.2,0.6,1775,123
2019-11-06,1760,1042210,98134892,95.2,95.8,93.1,94.0,-1.2,762,190
2019-11-07,1760,913501,85327690,95.0,95.3,92.1,92.2,-1.8,706,198
2019-11-08,1760,571561,52790065,92.8,93.7,91.6,92.3,0.1,422,236
2019-11-11,1760,893378,79939642,91.5,91.6,88.2,88.2,-4.1,645,219
2019-11-12,1760,310151,27591808,89.9,89.9,88.3,88.8,0.6,236,293
2019-11-13,1760,352031,31301890,89.3,89.8,88.3,88.3,-0.5,300,291
2019-11-14,1760,423002,36933880,88.6,88.6,86.8,87.2,-1.1,352,290
2019-11-15,1760,149907,13124762,86.8,88.1,86.8,87.5,0.3,139,426
2019-11-18,1760,162604,14294689,87.6,88.2,87.6,87.9,0.4,131,406
2019-11-19,1760,199047,17553277,87.7,88.8,87.3,88.5,0.6,190,362
2019-11-20,1760,154687,13592556,88.6,88.6,87.6,88.1,-0.4,135,402
2019-11-21,1760,137350,12080505,87.7,88.3,87.5,88.2,0.1,119,424
2019-11-22,1760,496018,44377212,88.6,90.0,88.5,89.5,1.3,414,245
2019-11-25,1760,240591,21484719,90.3,90.3,88.7,88.7,-0.8,213,351
2019-11-26,1760,160667,14320496,88.7,89.6,88.7,89.2,0.5,143,421
2019-11-27,1760,251234,22564413,89.0,90.4,89.0,89.5,0.3,177,349
2019-11-28,1760,351365,31710230,90.1,90.6,89.8,90.2,0.7,297,280
2019-11-29,1760,308625,27784211,90.4,91.4,89.1,89.1,-1.1,277,306
2019-12-02,1760,237252,20930948,89.7,89.7,87.4,87.8,-1.3,218,335
2019-12-03,1760,157109,13839935,87.5,88.8,87.2,88.2,0.4,139,381
2019-12-04,1760,123000,10805699,87.9,88.3,87.5,88.2,0.0,112,413
2019-12-05,1760,104385,9249271,88.3,88.9,88.3,88.9,0.7,96,448
2019-12-06,1760,486024,43737870,88.9,90.6,88.9,90.6,1.7,418,252
2019-12-09,1760,350004,31724680,90.6,91.4,90.0,90.0,-0.6,263,292
2019-12-10,1760,398603,36024791,90.1,91.0,89.3,90.9,0.9,335,285
2019-12-11,1760,1174833,108420836,92.8,94.0,91.0,91.0,0.1,926,168
2019-12-12,1760,440175,39529878,90.6,91.2,89.0,89.0,-2.0,378,296
2019-12-13,1760,305857,27064399,89.3,89.6,88.0,88.0,-1.0,247,352
2019-12-16,1760,148193,13083577,88.1,88.7,88.1,88.3,0.3,123,437
2019-12-17,1760,124279,11040500,88.4,89.2,88.4,88.7,0.4,123,480
2019-12-18,1760,172164,15166412,88.7,88.7,87.5,87.9,-0.8,137,426
2019-12-19,1760,189220,16604460,87.8,88.3,87.5,87.8,-0.1,142,391
2019-12-20,1760,280006,24702328,88.4,89.1,87.7,87.8,0.0,232,347
2019-12-23,1760,76439,6737261,87.8,88.5,87.8,88.0,0.2,76,525
2019-12-24,1760,144803,12685862,88.0,88.0,87.2,87.6,-0.4,133,411
2019-12-25,1760,198306,17352328,88.1,88.1,87.2,87.5,-0.1,186,364
2019-12-26,1760,292107,25430018,87.5,87.7,86.8,86.9,-0.6,261,304
2019-12-27,1760,223671,19400640,87.0,87.5,86.4,86.6,-0.3,194,358
2019-12-30,1760,262255,22565640,86.6,86.6,85.8,85.9,-0.7,230,350
2019-12-31,1760,206348,17721728,86.4,86.4,85.6,85.8,-0.1,180,378
2020-01-02,1760,331532,28877984,85.9,88.0,85.9,87.2,1.4,272,331
2020-01-03,1760,216050,18743839,87.9,87.9,86.3,86.4,-0.8,174,435
2020-01-06,1760,151608,13010488,85.3,86.4,85.3,85.7,-0.7,134,445
2020-01-07,1760,240104,20493720,86.0,86.3,85.0,85.2,-0.5,180,376
2020-01-08,1760,158100,13373100,85.1,85.1,84.4,84.4,-0.8,136,445
2020-01-09,1760,100742,8527819,85.1,85.1,84.4,84.6,0.2,94,466
2020-01-10,1760,149103,12681745,85.2,85.6,84.3,85.0,0.4,133,399
2020-01-13,1760,102700,8757600,85.5,85.7,85.0,85.5,0.5,95,491
2020-01-14,1760,72062,6138041,85.5,85.5,85.1,85.2,-0.3,84,533
2020-01-15,1760,179110,15411670,85.3,86.7,85.3,85.9,0.7,140,388
2020-01-16,1760,119719,10266042,86.1,86.2,85.5,85.7,-0.2,109,427
2020-01-17,1760,152226,13047307,85.7,86.1,85.5,85.9,0.2,112,407
2020-01-20,1760,98230,8405461,85.9,86.0,85.4,85.5,-0.4,85,507
2020-01-30,1760,701664,60457712,86.0,88.9,82.1,82.1,-3.4,617,350
2020-01-31,1760,294105,24302694,83.0,85.0,81.2,82.7,0.6,252,407
2020-02-03,1760,511167,40471659,82.0,82.0,78.0,78.7,-4.0,391,344
2020-02-04,1760,253422,20185441,79.0,80.5,78.9,79.5,0.8,211,388
2020-02-05,1760,276201,21978278,79.5,80.8,78.9,79.6,0.1,235,360
2020-02-06,1760,223467,17864405,80.4,80.5,79.6,80.0,0.4,179,391
2020-02-07,1760,220016,17418280,80.0,80.0,78.7,79.2,-0.8,179,400
2020-02-10,1760,234100,18271743,79.0,79.0,77.0,77.9,-1.3,210,389
2020-02-11,1760,151088,11853507,78.0,78.9,78.0,78.6,0.7,131,417
2020-02-12,1760,387111,31020585,78.9,81.0,78.9,80.1,1.5,349,294
2020-02-13,1760,178063,14242856,80.5,80.5,79.5,80.0,-0.1,177,410
2020-02-14,1760,122035,9731540,80.3,80.3,79.3,79.9,-0.1,121,428
2020-02-17,1760,203132,16003288,79.6,79.6,78.4,78.8,-1.1,205,383
2020-02-18,1760,180201,14134484,78.5,79.0,78.1,78.2,-0.6,173,390
2020-02-19,1760,279058,22233413,79.0,80.4,78.8,80.0,1.8,269,340
2020-02-20,1760,152590,12224124,80.5,80.8,79.5,79.9,-0.1,145,409
2020-02-21,1760,138663,11103866,79.9,80.5,79.6,80.3,0.4,141,438
2020-02-24,1760,1886287,159616890,81.8,86.5,80.9,85.0,4.7,1552,148
2020-02-25,1760,497595,41344585,84.0,84.0,82.2,83.0,-2.0,439,284
2020-02-26,1760,210500,17320038,82.0,83.3,81.6,81.9,-1.1,194,362
2020-02-27,1760,1039501,87944877,84.1,86.3,82.2,82.2,0.3,897,242
2020-03-02,1760,362517,29832170,83.5,83.6,81.5,82.0,-0.2,333,364
2020-03-03,1760,329739,27131698,83.6,83.6,81.3,82.0,0.0,286,324
2020-03-04,1760,475522,39659304,83.8,84.8,82.3,82.5,0.5,423,272
2020-03-05,1760,239417,19743573,82.9,83.1,82.1,82.1,-0.4,210,350
2020-03-06,1760,165171,13519156,81.7,82.5,81.3,81.5,-0.6,171,418
2020-03-09,1760,3939192,340939110,82.8,89.4,82.4,84.0,2.5,3001,127
2020-03-10,1760,1501441,120693221,82.8,83.5,78.5,80.1,-3.9,1184,214
2020-03-11,1760,860539,71106528,82.7,83.9,81.2,81.6,1.5,700,234
2020-03-12,1760,941195,73485375,82.0,82.2,74.6,76.8,-4.8,747,288
2020-03-13,1760,1206936,83752220,69.4,70.5,69.2,69.9,-6.9,761,290
2020-03-16,1760,663719,45517754,69.9,71.0,65.5,66.0,-3.9,537,303
2020-03-17,1760,1036045,62417400,59.4,62.7,59.4,59.4,-6.6,730,280
2020-03-18,1760,901154,52234889,61.0,61.0,55.1,55.3,-4.1,788,282
2020-03-19,1760,1278649,64362159,51.3,52.5,49.8,50.2,-5.1,912,294
2020-03-20,1760,309300,17073360,55.2,55.2,55.2,55.2,5.0,228,453
2020-03-23,1760,1194036,67094773,58.5,58.5,54.6,56.1,0.9,865,217
2020-03-24,1760,593100,34396442,56.6,59.0,56.6,58.0,1.9,503,298
2020-03-25,1760,650141,38417675,58.8,60.1,57.6,58.2,0.2,513,319
2020-03-26,1760,498500,29282100,58.5,59.5,57.5,59.2,1.0,436,329
2020-03-27,1760,1489768,92370020,60.0,64.6,59.7,61.0,1.8,1159,226
2020-03-30,1760,1525638,98295709,60.1,67.1,58.7,67.1,6.1,993,173
2020-03-31,1760,2868940,207990584,72.8,73.8,70.4,73.0,5.9,1982,126
2020-04-01,1760,1983058,139884418,72.9,72.9,68.6,71.0,-2.0,1482,143
2020-04-06,1760,3354150,254465812,71.1,78.1,69.6,78.1,7.1,2174,118
2020-04-07,1760,3506985,279259530,81.0,83.9,77.0,77.5,-0.6,2506,130
2020-04-08,1760,1221375,94242625,78.3,78.7,75.6,77.9,0.4,981,221
2020-04-09,1760,3406877,277666271,79.1,83.2,78.2,81.5,3.6,2391,125
2020-04-10,1760,3692283,308327098,82.4,86.0,81.5,83.1,1.6,2567,75
2020-04-13,1760,1556728,129928024,83.5,84.9,82.1,82.7,-0.4,1215,153
2020-04-14,1760,2542014,215756268,83.5,86.2,83.4,84.6,1.9,1941,133
2020-04-15,1760,1199660,100820992,85.3,85.6,83.2,83.6,-1.0,935,231
2020-04-16,1760,819234,68406244,83.0,84.7,82.4,82.8,-0.8,678,249
2020-04-17,1760,3091446,260612810,84.4,86.2,82.0,85.0,2.2,2216,146
2020-04-20,1760,9578938,883941398,88.5,93.5,88.4,93.5,8.5,5459,25
2020-04-21,1760,9862079,920696172,95.0,96.7,89.2,89.6,-3.9,6966,34
2020-04-22,1760,12066843,1152239628,90.6,98.3,90.0,96.2,6.6,8523,19
2020-04-23,1760,6630749,691305012,101.5,105.5,101.0,105.5,9.3,3720,48
2020-04-24,1760,4599821,528589236,114.0,116.0,113.0,116.0,10.5,2532,52
2020-04-27,1760,2726192,347589474,127.5,127.5,127.5,127.5,11.5,1307,100
2020-04-28,1760,18118852,2211596889,125.0,135.0,115.0,115.5,-12.0,13047,13
2020-04-29,1760,14427257,1673663583,115.5,123.5,106.5,120.0,4.5,9944,18
2020-04-30,1760,8139008,979226953,121.5,123.5,117.5,120.0,0.0,5372,43
2020-05-04,1760,11877575,1526007400,116.5,132.0,116.0,132.0,12.0,8052,15
2020-05-05,1760,17628664,2512691780,140.0,145.0,138.0,145.0,13.0,10842,10
2020-05-06,1760,33289329,5060949389,149.0,159.5,136.5,141.0,-4.0,21156,3
2020-05-07,1760,23495833,3543068615,149.5,155.0,143.5,155.0,14.0,15393,4
2020-05-08,1760,33236003,5093254924,162.0,164.0,142.0,146.5,-8.5,22150,5
2020-05-11,1760,2193689,289566948,132.0,132.0,132.0,132.0,-14.5,1258,129
2020-05-12,1760,29404821,3872624119,119.0,140.0,119.0,140.0,8.0,17602,4
2020-05-13,1760,27293183,4035527576,141.0,154.0,141.0,154.0,14.0,16502,5
2020-05-14,1760,45395317,6980490014,154.0,162.0,139.0,142.0,-12.0,28676,3
2020-05-15,1760,26053444,3770323589,149.0,150.0,138.5,146.0,4.0,16350,5
2020-05-18,1760,20942775,3130384750,147.0,154.5,144.0,150.0,4.0,14211,8
2020-05-19,1760,25003802,3616846780,151.5,153.5,135.5,140.0,-10.0,16046,8
2020-05-20,1760,36553926,5468632104,143.5,154.0,140.0,154.0,14.0,20413,5
2020-05-21,1760,32618660,5091131140,155.5,160.5,152.0,154.0,0.0,21469,3
2020-05-22,1760,46193643,7551469095,156.5,169.0,155.0,165.0,11.0,28706,2
2020-05-25,1760,35173122,6044898228,169.0,176.0,167.0,174.0,9.0,24136,3
2020-05-26,1760,38335646,6479567954,176.5,181.0,158.0,162.5,-11.5,26343,2
2020-05-27,1760,27169975,4129991825,159.0,163.0,146.5,146.5,-16.0,17773,4
2020-05-28,1760,30014235,4408444810,146.0,152.0,140.0,146.0,-0.5,20135,4
2020-05-29,1760,25082862,3745570863,147.5,152.5,145.0,149.0,3.0,16225,6
2020-06-01,1760,17228973,2477779193,151.0,152.0,138.0,140.0,-9.0,11440,10
2020-06-02,1760,19526946,2608854228,141.5,141.5,129.0,134.5,-5.5,12773,11
2020-06-03,1760,15099357,2056611838,136.5,139.5,132.0,134.0,-0.5,9859,13
2020-06-04,1760,8931448,1191135505,134.5,136.5,129.5,129.5,-4.5,5672,31
2020-06-05,1760,17625401,2269016833,124.5,134.0,122.5,133.0,3.5,11704,12
2020-06-08,1760,14254524,1829309776,134.5,135.5,122.0,125.0,-8.0,8849,14
2020-06-09,1760,19926207,2552616203,126.0,132.5,123.0,129.0,4.0,12902,9
2020-06-10,1760,13337753,1704591625,128.5,132.0,123.5,124.0,-5.0,8895,20
2020-06-11,1760,11846467,1456165974,125.0,127.0,118.0,121.5,-2.5,7356,35
2020-06-12,1760,12502286,1546175036,120.5,126.5,120.5,126.0,4.5,7705,22
2020-06-15,1760,12428364,1602375178,127.0,131.0,125.0,125.5,-0.5,8133,18
2020-06-16,1760,6935430,872685250,128.5,129.5,123.5,125.0,-0.5,4424,42
2020-06-17,1760,18205013,2437948785,127.5,137.5,126.0,137.5,12.5,10773,8
2020-06-18,1760,30786851,4351467354,139.5,145.5,137.5,138.5,1.0,18992,6
2020-06-19,1760,12197525,1698226681,144.0,144.0,134.5,138.0,-0.5,8408,25
2020-06-22,1760,9217051,1302220242,140.0,143.0,138.0,143.0,5.0,6307,21
2020-06-23,1760,5607411,785048807,145.0,145.5,135.0,135.0,-8.0,4054,52
2020-06-24,1760,4148308,545572040,137.5,138.0,128.0,129.5,-5.5,2983,74
2020-06-29,1760,6550508,913773136,133.5,142.0,133.0,142.0,12.5,4344,41
2020-06-30,1760,8866027,1204951253,141.0,141.0,131.5,131.5,0.0,5959,29
2020-07-01,1760,4014098,532827632,133.0,134.5,131.0,132.5,1.0,2641,71
2020-07-02,1760,11819490,1624109640,133.5,141.5,132.0,135.0,2.5,8107,19
2020-07-03,1760,4175713,559372395,135.5,136.0,132.0,134.5,-0.5,2991,88
2020-07-06,1760,3677585,493459890,134.5,137.0,132.0,133.5,-1.0,2667,111
2020-07-07,1760,6168355,831124388,135.0,139.0,131.5,131.5,-2.0,4555,71
2020-07-08,1760,5909825,798821550,133.0,138.5,132.5,134.0,2.5,4200,61
2020-07-09,1760,16350932,2270193344,136.0,144.5,133.5,142.0,8.0,11296,17
2020-07-10,1760,13254652,1814741368,145.0,145.0,131.5,133.0,-9.0,9489,22
2020-07-13,1760,5784486,755001680,134.0,135.0,128.0,130.0,-3.0,4084,65
2020-07-14,1760,4606676,592454204,131.0,133.5,124.0,126.0,-4.0,3459,73
2020-07-15,1760,7504536,921479536,127.0,128.0,119.5,124.5,-1.5,5330,56
2020-07-16,1760,6207461,785203625,128.0,129.5,124.0,124.0,-0.5,4318,50
2020-07-17,1760,10880567,1268550906,124.5,125.5,112.0,112.0,-12.0,7329,22
2020-07-20,1760,18220655,2034272825,109.0,119.0,103.5,113.5,1.5,11337,15
2020-07-21,1760,7980400,912158000,114.0,116.5,111.0,115.5,2.0,4808,47
2020-07-22,1760,7850030,927632051,116.0,121.0,115.5,117.0,1.5,4950,50
2020-07-23,1760,5130443,606788489,118.0,120.5,116.0,120.0,3.0,3456,70
2020-07-24,1760,4498073,532333260,121.0,122.0,116.0,118.5,-1.5,2758,82
2020-07-27,1760,5006726,572891398,119.0,119.5,111.0,113.5,-5.0,3266,72
2020-07-28,1760,8347819,949679780,113.5,118.0,108.0,118.0,4.5,5448,47
2020-07-29,1760,9425876,1111851740,119.0,123.0,112.5,112.5,-5.5,6200,33
2020-07-30,1760,5926763,690420323,114.5,120.0,113.0,120.0,7.5,3853,54
2020-07-31,1760,5320108,627020352,120.0,120.0,115.0,117.0,-3.0,3495,67
2020-08-03,1760,9887924,1201886728,119.0,125.5,119.0,119.0,2.0,6274,33
2020-08-04,1760,7116819,864928056,120.0,123.5,118.0,123.0,4.0,4532,56
2020-08-05,1760,3916342,482778250,122.0,125.0,121.5,124.0,1.0,2511,101
2020-08-06,1760,4008038,489401560,125.0,126.0,119.5,119.5,-4.5,2652,107
2020-08-07,1760,3496423,425442183,120.5,123.0,118.5,122.0,2.5,2241,98
2020-08-10,1760,1849530,224833600,123.0,124.0,119.5,121.5,-0.5,1239,160
2020-08-11,1760,2850886,334883215,122.0,122.0,114.0,116.5,-5.0,1974,121
2020-08-12,1760,2326611,273828898,116.5,120.0,116.0,118.5,2.0,1639,130
2020-08-13,1760,2328690,268581540,118.0,120.0,113.5,115.0,-3.5,1616,140
2020-08-14,1760,3246076,384142196,114.0,122.0,113.0,121.0,6.0,2164,107
2020-08-17,1760,6544770,810078250,120.5,126.5,119.0,125.0,4.0,4157,50
2020-08-18,1760,5328286,669994678,127.0,129.0,123.0,123.0,-2.0,3478,80
2020-08-19,1760,13024235,1684640080,123.5,134.5,123.5,128.0,5.0,8048,29
2020-08-20,1760,9331504,1115491468,127.0,129.0,115.5,116.0,-12.0,6159,63
2020-08-21,1760,6023951,724128144,123.0,123.0,116.0,120.5,4.5,4027,62
2020-08-24,1760,5046634,616039580,122.0,125.5,119.0,120.0,-0.5,2844,70
2020-08-25,1760,2234002,269892742,121.5,122.5,119.5,121.0,1.0,1429,152
2020-08-26,1760,3418179,421743923,121.5,125.5,120.5,122.5,1.5,2181,89
2020-08-27,1760,16997982,2223967073,125.0,134.5,123.5,134.5,12.0,9567,16
2020-08-28,1760,32797007,4638108966,144.0,147.0,134.5,134.5,0.0,20077,4
2020-08-31,1760,10241294,1347357273,135.0,137.0,127.5,127.5,-7.0,6352,34
2020-09-01,1760,6480780,838499020,130.0,134.0,125.5,134.0,6.5,4307,52
2020-09-02,1760,6318433,841409089,131.0,135.5,130.0,133.0,-1.0,4035,52
2020-09-03,1760,5795854,748166947,133.0,134.0,126.0,129.0,-4.0,3841,62
2020-09-04,1760,8540838,1122426468,126.0,136.0,125.0,136.0,7.0,5504,37
2020-09-07,1760,11597179,1593743523,137.0,142.0,133.5,135.5,-0.5,7129,25
2020-09-08,1760,0,0,0.0,0.0,0.0,0.0,0.0,0,928
2020-09-09,1760,22455577,3080413244,130.0,144.5,128.5,130.0,0.0,14627,9
2020-09-10,1760,7139420,946837860,134.0,136.0,130.0,132.0,2.0,4625,43
2020-09-11,1760,3632330,468656240,131.0,132.0,126.5,127.5,-4.5,2692,82
2020-09-14,1760,3357522,428878498,130.0,130.5,126.0,126.5,-1.0,2272,80
2020-09-15,1760,3992061,523369565,126.5,133.5,126.5,133.5,7.0,2693,65
2020-09-16,1760,2926607,383943017,130.5,133.0,130.0,130.5,-3.0,1924,95
2020-09-17,1760,1871393,245982376,130.5,133.5,130.0,132.0,1.5,1348,141
2020-09-18,1760,4655921,623967072,133.0,136.5,132.0,132.0,0.0,3374,70
2020-09-21,1760,2259133,299808596,132.5,134.5,131.5,131.5,-0.5,1511,113
2020-09-22,1760,2105459,275033211,132.5,133.0,129.0,129.0,-2.5,1521,116
2020-09-23,1760,1822110,238848718,130.0,133.0,129.5,129.5,0.5,1287,124
2020-09-24,1760,3827167,503982377,130.5,133.0,129.0,132.0,2.5,2429,97
2020-09-25,1760,5949798,748648356,134.0,134.5,119.0,120.0,-12.0,3687,55
2020-09-28,1760,7148478,938424096,129.0,132.0,127.5,132.0,12.0,3209,33
2020-09-29,1760,5560110,715254250,132.0,133.0,123.5,124.5,-7.5,3350,47
2020-09-30,1760,2840122,351276310,125.5,126.5,121.0,124.0,-0.5,1909,74
2020-10-05,1760,3448302,438800503,126.0,130.5,123.5,126.0,2.0,2259,70
2020-10-06,1760,1664468,209173468,126.5,127.5,124.5,125.5,-0.5,1108,137
2020-10-07,1760,1397050,174056400,126.0,126.5,123.0,124.0,-1.5,1018,142
2020-10-08,1760,1521422,186834112,124.5,124.5,122.0,122.5,-1.5,1074,134
2020-10-12,1760,3540825,417827607,121.0,122.5,116.0,116.0,-6.5,2572,92
2020-10-13,1760,2975701,344303120,115.5,119.0,112.0,118.5,2.5,2080,102
2020-10-14,1760,1279175,149819737,118.0,119.0,116.0,116.5,-2.0,924,186
2020-10-15,1760,1210705,138868575,116.0,117.0,113.5,113.5,-3.0,870,193
2020-10-16,1760,1690907,193380919,113.5,116.5,113.5,113.5,0.0,1212,161
2020-10-19,1760,1205054,137518210,114.5,116.0,113.0,113.0,-0.5,649,183
2020-10-20,1760,1307310,149963494,114.0,117.0,113.0,113.5,0.5,937,157
2020-10-21,1760,495101,56446615,114.5,115.0,113.5,114.5,1.0,395,300
2020-10-22,1760,718358,81698990,114.5,115.5,113.0,113.0,-1.5,534,283
2020-10-23,1760,608113,69556495,113.5,115.0,113.5,114.0,1.0,454,252
2020-10-26,1760,882407,99345594,115.0,115.0,111.0,112.0,-2.0,660,219
2020-10-27,1760,595975,67325203,112.0,114.0,111.0,112.0,0.0,494,273
2020-10-28,1760,825275,92006825,113.0,113.5,110.0,110.5,-1.5,613,238
2020-10-29,1760,1295162,143795843,109.5,113.0,109.0,110.0,-0.5,941,171
2020-10-30,1760,2193050,233026420,111.0,111.5,104.0,104.5,-5.5,1602,138
2020-11-02,1760,2355971,250584158,105.0,109.0,103.0,107.5,3.0,1505,100
2020-11-03,1760,2295632,253981937,108.5,113.5,107.0,112.5,5.0,1589,107
2020-11-04,1760,1273814,142748716,112.5,114.0,110.5,113.0,0.5,784,168
2020-11-05,1760,1116410,127519908,113.0,115.5,112.5,114.5,1.5,781,188
2020-11-06,1760,1290177,147951813,116.5,117.0,113.0,113.5,-1.0,858,180
2020-11-09,1760,1382244,159991308,114.5,117.0,113.5,116.0,2.5,884,207
2020-11-10,1760,3453226,376827527,115.0,115.0,105.0,107.0,-9.0,2440,134
2020-11-11,1760,1456029,153839609,107.0,108.5,104.0,105.5,-1.5,1005,232
2020-11-12,1760,1043610,109021353,106.0,106.5,103.0,104.0,-1.5,780,259
2020-11-13,1760,2281289,233512342,102.5,105.0,99.3,104.0,0.0,1665,150
2020-11-16,1760,747241,78115235,105.0,105.5,103.0,104.0,0.0,556,317
2020-11-17,1760,1561801,158496930,103.0,103.5,100.0,101.0,-3.0,1061,223
2020-11-18,1760,1043313,106575728,100.5,104.0,100.5,101.5,0.5,779,250
2020-11-19,1760,655125,66980313,102.0,103.5,101.0,102.0,0.5,501,316
2020-11-20,1760,1323328,133287889,101.0,102.0,100.0,100.5,-1.5,725,243
2020-11-23,1760,1650391,164186511,101.5,101.5,98.7,99.0,-1.5,1274,229
2020-11-24,1760,1890480,185690317,100.0,101.0,96.8,97.0,-2.0,1438,209
2020-11-25,1760,1672566,165512679,98.0,101.0,97.5,97.9,0.9,1290,228
2020-11-26,1760,1628591,157307614,98.7,99.5,95.1,96.1,-1.8,1362,224
2020-11-27,1760,2733604,263768122,96.5,98.8,94.3,96.7,0.6,2080,172
2020-11-30,1760,1059692,102823722,97.0,98.0,96.0,97.0,0.3,875,339
2020-12-01,1760,1233689,117630343,97.3,97.9,94.7,94.9,-2.1,992,287
2020-12-02,1760,2014868,190878927,95.0,97.0,93.0,97.0,2.1,1528,232
2020-12-03,1760,5341902,535254758,101.0,104.5,96.5,96.5,-0.5,3796,106
2020-12-04,1760,1134382,108798158,96.9,97.0,95.0,95.0,-1.5,953,302
2020-12-07,1760,1962728,180934694,95.1,95.7,91.0,91.1,-3.9,1528,266
2020-12-08,1760,2179796,200730179,91.0,94.5,89.8,91.1,0.0,1715,217
2020-12-09,1760,1423545,128425443,91.2,92.3,89.1,89.1,-2.0,1082,288
2020-12-10,1760,1188476,106636110,89.5,90.6,89.0,89.0,-0.1,970,314
2020-12-11,1760,2138903,185603416,89.6,90.0,85.0,85.5,-3.5,1567,236
2020-12-14,1760,1549861,134713948,86.9,89.5,85.5,86.1,0.6,1263,238
2020-12-15,1760,940409,79784663,87.2,87.2,83.6,83.6,-2.5,811,327
2020-12-16,1760,1951381,166865834,84.4,87.7,83.1,86.9,3.3,1454,213
2020-12-17,1760,873453,74496597,86.1,86.3,84.8,84.8,-2.1,743,303
2020-12-18,1760,631591,53892205,85.0,86.3,84.2,85.0,0.2,492,376
2020-12-21,1760,414717,35151768,85.5,85.5,83.6,84.3,-0.7,359,459
2020-12-22,1760,3266977,287957563,86.0,91.0,85.4,88.9,4.6,2536,192
2020-12-23,1760,4064629,355964514,90.0,92.5,84.3,84.9,-4.0,3019,123
2020-12-24,1760,1203285,102046788,84.3,86.5,83.6,84.6,-0.3,934,278
2020-12-25,1760,755745,64326927,86.4,86.4,84.5,84.6,0.0,536,339
2020-12-28,1760,446801,37821589,85.0,85.5,84.1,84.5,-0.1,368,465
2020-12-29,1760,684383,57518916,84.9,84.9,83.6,84.1,-0.4,535,391
2020-12-30,1760,850792,72601526,84.2,86.3,84.2,84.8,0.7,673,347
2020-12-31,1760,650039,55621398,85.0,86.5,84.8,85.1,0.3,546,390
2021-01-04,1760,733051,61664303,85.6,85.6,83.6,83.6,-1.5,572,406
2021-01-05,1760,440302,37061318,84.3,85.0,83.6,83.8,0.2,363,472
2021-01-06,1760,1406982,114918322,84.0,84.4,80.0,80.6,-3.2,1020,347
2021-01-07,1760,940961,76573312,80.7,82.4,80.0,81.4,0.8,720,355
2021-01-08,1760,556042,45308259,82.2,82.2,80.6,81.4,0.0,422,430
2021-01-11,1760,1109447,87716968,81.2,81.2,78.1,78.6,-2.8,917,345
2021-01-12,1760,2764679,227452317,79.7,84.6,79.1,81.8,3.2,2237,225
2021-01-13,1760,1445468,115026304,82.0,82.0,78.6,79.1,-2.7,1181,292
2021-01-14,1760,523301,41325858,78.6,79.8,78.5,78.6,-0.5,436,419
2021-01-15,1760,1269502,96946269,79.1,79.3,75.1,75.3,-3.3,946,339
2021-01-18,1760,2375978,184903720,77.3,80.5,75.5,76.0,0.7,1799,221
2021-01-19,1760,1735932,135563847,76.7,79.8,75.3,78.6,2.6,1300,253
2021-01-20,1760,2550016,204211875,79.7,81.6,79.2,79.5,0.9,1770,256
2021-01-21,1760,1183599,92721466,79.5,79.9,77.5,77.9,-1.6,853,309
2021-01-22,1760,683540,53489909,78.2,79.3,77.6,78.3,0.4,488,358
2021-01-25,1760,2154583,174736615,81.0,83.0,79.2,80.0,1.7,1674,216
2021-01-26,1760,1393878,112628613,80.0,81.6,79.4,81.2,1.2,906,267
2021-01-27,1760,801863,64075287,81.2,81.8,78.6,78.9,-2.3,638,312
2021-01-28,1760,826489,63888814,78.1,79.1,76.5,76.6,-2.3,633,308
2021-01-29,1760,775325,58508353,77.4,77.4,73.8,74.1,-2.5,632,343
2021-02-01,1760,727665,54154503,74.9,76.0,73.3,74.1,0.0,617,336
2021-02-02,1760,402801,29783518,74.5,74.6,73.3,74.3,0.2,360,392
2021-02-03,1760,662565,49935365,75.9,76.3,74.5,74.5,0.2,540,323
2021-02-04,1760,1900331,146599260,75.3,78.4,75.0,77.2,2.7,1519,171
2021-02-05,1760,1334922,103530007,76.7,79.1,76.1,77.0,-0.2,1147,222
2021-02-17,1760,983615,73199449,77.0,77.0,73.6,74.2,-2.8,777,338
2021-02-18,1760,1187802,90726428,74.5,78.4,74.5,77.4,3.2,900,330
2021-02-19,1760,3251061,261365697,77.6,83.9,77.6,80.5,3.1,2536,180
2021-02-22,1760,3303929,284598118,82.8,88.5,81.5,88.5,8.0,1862,198
2021-02-23,1760,8552817,759627005,97.3,97.3,83.2,84.3,-4.2,5713,86
2021-02-24,1760,2577223,219379306,84.0,87.7,82.6,84.9,0.6,2042,229
2021-02-25,1760,2923018,252995637,85.3,88.8,85.1,85.5,0.6,1997,182
2021-02-26,1760,1003862,85305467,84.5,86.5,83.9,84.1,-1.4,771,342
2021-03-02,1760,879934,72746710,84.4,85.3,81.5,81.6,-2.5,755,373
2021-03-03,1760,464635,38091883,82.2,82.8,81.4,82.0,0.4,395,443
2021-03-04,1760,591806,47940520,82.0,82.4,80.0,80.2,-1.8,492,399
2021-03-05,1760,964909,78862966,80.0,83.8,79.7,81.6,1.4,851,321
2021-03-08,1760,493772,40083886,82.8,82.9,80.1,80.4,-1.2,478,423
2021-03-09,1760,376211,30282336,80.8,81.3,79.8,80.3,-0.1,379,466
2021-03-10,1760,847072,69215536,81.9,83.5,80.4,80.5,0.2,739,330
2021-03-11,1760,616309,50120816,81.4,82.3,80.5,81.2,0.7,513,409
2021-03-12,1760,428185,34737205,82.0,82.0,80.8,80.8,-0.4,428,435
2021-03-15,1760,421151,34268805,81.1,82.1,80.7,81.2,0.4,359,457
2021-03-16,1760,575762,47146669,81.6,82.8,81.1,81.4,0.2,541,437
2021-03-17,1760,726623,58478770,81.6,81.8,80.0,80.2,-1.2,806,405
2021-03-18,1760,935047,76407244,80.4,82.8,80.1,82.3,2.1,960,364
2021-03-19,1760,1143017,94244524,82.3,84.0,81.0,81.0,-1.3,1035,349
2021-03-22,1760,437873,35459332,81.6,81.8,80.1,80.8,-0.2,525,510
2021-03-23,1760,2009671,167034994,81.1,85.0,80.8,82.0,1.2,1647,272
2021-03-24,1760,3601111,305583684,83.8,86.4,82.8,83.9,1.9,2861,162
2021-03-25,1760,1439658,121044546,84.7,85.5,83.2,83.3,-0.6,1283,300
2021-03-26,1760,943291,79489955,84.8,85.2,83.5,83.5,0.2,897,335
2021-03-29,1760,589921,49530341,84.0,84.8,83.4,83.4,-0.1,722,460
2021-03-30,1760,578458,47885130,84.0,84.2,82.2,82.3,-1.1,710,444
2021-03-31,1760,654406,53426497,82.5,82.7,81.0,81.2,-1.1,581,445
2021-04-01,1760,312326,25430333,81.4,81.9,81.1,81.4,0.2,392,551
2021-04-06,1760,429467,34684690,81.8,81.8,80.5,80.7,-0.7,428,542
2021-04-07,1760,391900,31847617,81.4,82.0,80.9,81.2,0.5,387,549
2021-04-08,1760,423384,34303555,81.2,81.7,80.8,81.1,-0.1,373,576
2021-04-09,1760,793863,65001473,81.5,82.8,80.7,82.3,1.2,678,487
2021-04-12,1760,1583555,132309355,83.0,85.0,82.3,82.8,0.5,1175,397
2021-04-13,1760,821983,67282319,83.3,83.4,81.0,81.1,-1.7,649,497
2021-04-14,1760,678443,54456174,81.3,81.7,78.5,79.9,-1.2,556,526
2021-04-15,1760,433319,34569011,80.0,80.4,79.2,79.8,-0.1,351,510
2021-04-16,1760,344108,27462732,80.9,80.9,79.5,79.7,-0.1,322,580
2021-04-19,1760,468393,37002716,79.9,79.9,78.6,78.9,-0.8,387,609
2021-04-20,1760,368271,28844268,78.9,78.9,77.8,78.5,-0.4,326,620
2021-04-21,1760,477470,37802221,78.9,80.3,78.3,78.6,0.1,405,576
2021-04-22,1760,741021,57329949,78.4,79.0,76.4,76.6,-2.0,645,589
2021-04-23,1760,380343,28941104,76.1,77.0,75.8,75.8,-0.8,349,588
2021-04-26,1760,325843,24994208,76.5,77.2,76.3,76.3,0.5,278,632
2021-04-27,1760,1333081,105629480,76.5,81.2,76.2,78.4,2.1,1084,390
2021-04-28,1760,355127,27502611,78.7,78.8,77.0,77.1,-1.3,331,610
2021-04-29,1760,320708,24766843,77.1,77.9,76.8,76.9,-0.2,272,630
2021-05-03,1760,1858941,147992281,78.0,82.0,77.6,78.1,1.2,1362,373
2021-05-04,1760,1126596,87738319,80.9,81.0,74.0,76.0,-2.1,910,482
2021-05-05,1760,417249,31914281,77.6,77.8,75.5,75.5,-0.5,419,536
2021-05-06,1760,341751,25639035,75.3,76.3,74.1,74.7,-0.8,304,567
2021-05-07,1760,258242,19416332,74.8,75.7,74.8,75.2,0.5,238,588
2021-05-10,1760,356525,26705730,75.5,75.7,74.5,74.6,-0.6,303,573
2021-05-11,1760,786983,57124083,74.5,74.5,71.0,71.1,-3.5,677,527
2021-05-12,1760,1500989,115955422,74.0,78.2,73.4,78.2,7.1,934,454
2021-05-13,1760,3055415,262765690,86.0,86.0,86.0,86.0,7.8,1134,245
2021-05-14,1760,18864788,1717948370,94.6,94.6,83.3,91.7,5.7,11736,49
2021-05-17,1760,1762756,177156964,100.5,100.5,100.5,100.5,8.8,671,298
2021-05-18,1760,24168290,2566385537,110.0,110.0,97.9,107.5,7.0,16112,27
2021-05-19,1760,23023054,2529379035,106.0,115.5,102.0,110.0,2.5,15556,31
2021-05-20,1760,19082493,2188616709,111.0,118.0,110.0,112.5,2.5,13267,32
2021-05-21,1760,5193436,557152301,114.5,114.5,102.0,102.0,-10.5,4066,109
2021-05-24,1760,5360943,582123038,110.0,112.0,104.5,112.0,10.0,3944,99
2021-05-25,1760,4531045,497902346,113.0,113.0,105.5,112.0,0.0,3539,139
2021-05-26,1760,2969155,329928112,111.0,114.0,108.5,108.5,-3.5,2271,151
2021-05-27,1760,3071797,340416482,106.5,113.0,106.5,112.5,4.0,2260,178
2021-05-28,1760,2763641,297813176,109.5,109.5,106.0,106.5,-6.0,2239,184
2021-05-31,1760,3553585,349201551,107.5,107.5,95.9,96.8,-9.7,2978,162
2021-06-01,1760,3248865,301265663,95.8,99.5,89.0,99.0,2.2,2640,170
2021-06-02,1760,1430987,141111461,100.0,100.0,96.0,99.6,0.6,1302,282
2021-06-03,1760,2344949,243325968,101.0,108.0,101.0,108.0,8.4,1893,199
2021-06-04,1760,7991613,859944743,108.5,113.5,101.0,101.0,-7.0,5799,79
2021-06-07,1760,6330644,687225405,103.5,111.0,102.5,111.0,10.0,4115,98
2021-06-08,1760,14800909,1636310578,113.5,115.5,106.0,106.5,-4.5,9555,39
2021-06-09,1760,14311317,1629734312,107.5,117.0,106.0,117.0,10.5,8069,48
2021-06-10,1760,33496906,4087699598,118.5,128.0,114.0,121.5,4.5,21698,16
2021-06-11,1760,18943805,2385804238,125.5,130.0,120.0,122.5,1.0,12853,33
2021-06-15,1760,12556192,1455651669,121.5,124.0,111.0,115.5,-7.0,9044,51
2021-06-16,1760,5112315,585647260,113.0,118.0,112.0,115.0,-0.5,3932,121
2021-06-17,1760,4407039,504488323,115.5,117.5,112.0,112.0,-3.0,3266,120
2021-06-18,1760,4405683,501002234,114.0,116.0,111.5,114.0,2.0,3152,167
2021-06-21,1760,5164501,561139939,114.5,115.0,104.5,104.5,-9.5,3857,127
2021-06-22,1760,3064539,315641633,106.5,107.0,100.0,101.5,-3.0,2449,190
2021-06-23,1760,4267838,456529069,104.5,109.0,103.5,108.5,7.0,3176,169
2021-06-24,1760,2477479,261766253,108.0,108.5,104.0,104.0,0.0,1710,209
2021-06-25,1760,1452600,152962879,105.5,108.0,103.0,104.0,0.0,1147,289
2021-06-28,1760,1800448,190369302,107.0,108.0,104.0,104.5,0.5,1446,256
2021-06-29,1760,1279398,130077402,104.5,104.5,101.0,101.0,-3.5,1216,305
2021-06-30,1760,1073382,108945345,101.5,103.0,100.5,101.5,0.5,953,323
2021-07-01,1760,4675520,474773837,101.5,104.5,98.4,98.4,-3.1,2538,163
2021-07-02,1760,2123136,213544639,102.0,103.0,99.5,99.5,1.1,1568,234
2021-07-05,1760,2051687,200188382,100.0,100.5,96.0,96.3,-3.2,1781,271
2021-07-06,1760,1339519,128319154,97.3,98.0,94.5,94.5,-1.8,1207,294
2021-07-07,1760,1573947,148717377,94.9,97.0,92.5,92.8,-1.7,1362,292
2021-07-08,1760,1702869,157293444,93.5,94.2,90.6,92.3,-0.5,1454,281
2021-07-09,1760,1605027,148440879,92.7,94.6,90.8,90.9,-1.4,1372,284
2021-07-12,1760,1658745,149463430,91.0,92.8,89.1,89.3,-1.6,1388,306
2021-07-13,1760,2524504,218663667,89.6,89.7,84.0,84.6,-4.7,2093,287
2021-07-14,1760,1787917,151730022,85.0,86.8,83.0,85.4,0.8,1480,300
2021-07-15,1760,1399109,121675802,86.0,87.9,85.1,87.5,2.1,1072,304
2021-07-16,1760,1008456,87611587,87.5,89.1,86.0,86.0,-1.5,898,354
2021-07-19,1760,699125,60061397,85.5,87.0,84.9,86.5,0.5,575,416
2021-07-20,1760,5307245,490120820,88.8,95.1,87.7,87.7,1.2,3795,144
2021-07-21,1760,1806864,155531300,87.9,89.4,84.0,84.0,-3.7,1527,292
2021-07-22,1760,816303,68427189,84.0,84.8,83.2,83.5,-0.5,709,380
2021-07-23,1760,643614,53372740,83.2,84.1,81.5,83.7,0.2,589,416
2021-07-26,1760,591367,49994823,84.3,85.5,83.5,83.7,0.0,541,432
2021-07-27,1760,733325,60493356,84.7,84.9,81.6,81.6,-2.1,667,401
2021-07-28,1760,1053896,84641375,82.0,83.5,79.0,79.0,-2.6,940,375
2021-07-29,1760,1170348,96912560,80.5,84.7,79.7,84.0,5.0,974,299
2021-07-30,1760,553165,45714061,84.7,84.7,81.5,81.5,-2.5,463,411
2021-08-02,1760,485880,40221225,83.0,83.9,81.8,82.7,1.2,433,398
2021-08-03,1760,1011628,85828506,84.5,86.4,83.1,84.2,1.5,790,292
2021-08-04,1760,474078,40252506,84.7,86.0,84.2,84.6,0.4,448,402
2021-08-05,1760,616780,52295033,84.8,85.7,83.8,84.3,-0.3,523,376
2021-08-06,1760,414634,34511033,83.8,84.9,82.1,82.6,0.0,376,422
2021-08-09,1760,406762,33113860,82.5,82.5,81.0,81.1,-1.5,367,448
2021-08-10,1760,492812,39600822,81.1,82.0,79.5,79.8,-1.3,477,427
2021-08-11,1760,678374,53106127,79.8,80.1,77.5,77.5,-2.3,636,400
2021-08-12,1760,506512,39941120,78.1,79.9,77.7,78.9,1.4,411,380
2021-08-13,1760,508010,40052784,78.5,79.8,77.9,78.6,-0.3,459,414
2021-08-16,1760,656728,51749440,79.0,81.0,76.2,79.1,0.5,593,405
2021-08-17,1760,528103,41357642,79.2,79.4,77.0,77.0,-2.1,530,412
2021-08-18,1760,1010600,77281313,76.8,79.5,74.0,78.6,1.6,803,345
2021-08-19,1760,595350,45899249,78.5,79.4,75.4,75.5,-3.1,555,388
2021-08-20,1760,398119,30064476,75.2,76.6,75.0,75.3,-0.2,343,415
2021-08-23,1760,441191,33579727,75.6,76.9,75.1,76.4,1.1,336,397
2021-08-24,1760,514181,39691720,77.4,78.0,76.1,77.6,1.2,481,366
2021-08-25,1760,619396,48957807,77.6,80.4,77.6,79.7,2.1,535,356
2021-08-26,1760,463192,36724330,81.0,81.0,78.5,78.5,-1.2,401,385
2021-08-27,1760,213323,16691982,78.9,79.4,77.5,77.7,-0.8,223,477
2021-08-30,1760,186094,14369470,78.1,78.5,76.7,77.0,-0.7,203,488
2021-08-31,1760,192449,14805813,77.0,77.4,76.6,76.6,-0.4,205,506
2021-09-01,1760,291876,22293497,76.8,77.1,76.0,76.2,-0.4,281,464
2021-09-02,1760,473488,35669147,76.3,76.5,74.6,74.8,-1.4,421,402
2021-09-03,1760,321389,24054956,75.0,75.7,74.5,74.5,-0.3,328,438
2021-09-06,1760,1144512,87514082,75.8,78.8,74.7,75.4,0.9,952,280
2021-09-07,1760,3744805,301260328,76.2,82.9,76.2,82.9,7.5,2754,146
2021-09-08,1760,17574310,1541498386,85.8,90.5,84.1,88.3,5.4,11928,35
2021-09-09,1760,5969127,491275517,85.0,86.1,79.5,79.8,-8.5,4515,92
2021-09-10,1760,2503491,199549695,79.1,81.3,78.2,80.8,1.0,1719,165
2021-09-13,1760,1589279,123808911,78.3,79.4,77.0,77.2,-3.6,1258,222
2021-09-14,1760,636184,48974838,77.4,78.1,76.0,76.1,-1.1,642,337
2021-09-15,1760,510735,38647522,76.5,76.6,75.2,75.3,-0.8,494,376
2021-09-16,1760,404372,30593081,75.4,76.5,75.3,75.4,0.1,364,382
2021-09-17,1760,372722,28175779,75.5,76.3,75.1,76.0,0.6,374,406
2021-09-22,1760,947662,69506964,74.0,75.0,72.5,73.0,-3.0,811,307
2021-09-23,1760,607459,44279701,73.5,74.2,71.5,72.6,-0.4,519,319
2021-09-24,1760,321016,23336566,72.9,73.4,72.4,72.6,0.0,336,413
2021-09-27,1760,307062,22180774,72.6,72.7,71.8,72.3,-0.3,327,442
2021-09-28,1760,442357,31880569,71.9,73.3,71.6,71.7,-0.6,394,380
2021-09-29,1760,761202,53589040,71.0,71.0,70.1,70.2,-1.5,758,358
2021-09-30,1760,438176,30986298,70.3,71.2,70.3,71.2,1.0,476,406
2021-10-01,1760,766257,53856026,72.2,72.2,69.0,69.5,-1.7,917,374
2021-10-04,1760,1142912,76593061,69.5,70.0,65.6,65.6,-3.9,1244,318
2021-10-05,1760,596152,38803553,64.8,66.8,63.1,66.6,1.0,587,382
2021-10-06,1760,376425,24927102,67.2,67.7,65.4,66.0,-0.6,489,414
2021-10-07,1760,378395,25348688,66.8,67.7,66.3,67.3,1.3,347,425
2021-10-08,1760,261667,17747264,67.1,68.4,67.1,67.3,0.0,321,438
2021-10-12,1760,341701,22502389,66.2,67.3,65.3,65.6,-1.7,399,442
2021-10-13,1760,370880,23973756,65.5,66.6,63.9,64.0,-1.6,546,431
2021-10-14,1760,965449,64164012,64.8,68.0,64.7,67.3,3.3,747,282
2021-10-15,1760,653646,43781255,68.2,68.2,66.2,66.6,-0.7,467,326
2021-10-18,1760,447059,29423086,66.6,67.0,65.0,66.2,-0.4,311,378
2021-10-19,1760,416636,28022714,66.3,68.0,66.2,67.8,1.6,387,402
2021-10-20,1760,399549,27165298,68.0,68.8,67.1,68.6,0.8,258,391
2021-10-21,1760,201681,13663864,68.1,68.8,67.1,67.5,-1.1,298,569
2021-10-22,1760,346956,23047280,67.0,67.7,66.0,66.6,-0.9,328,434
2021-10-25,1760,422192,28724475,66.6,68.7,66.6,67.9,1.3,452,382
2021-10-26,1760,919477,61805942,68.2,68.4,66.9,67.2,-0.7,250,339
2021-10-27,1760,318414,21642130,67.2,68.5,67.1,68.3,1.1,346,438
2021-10-28,1760,698581,48528027,68.8,70.6,68.3,70.1,1.8,744,336
2021-10-29,1760,557582,38140451,70.0,70.1,67.9,68.6,-1.5,580,388
2021-11-01,1760,442667,30088758,68.1,68.3,67.3,68.0,-0.6,488,437
2021-11-02,1760,420232,28835226,68.3,69.8,68.1,68.1,0.1,329,452
2021-11-03,1760,229821,15641574,68.0,68.5,67.6,68.2,0.1,215,494
2021-11-04,1760,356210,24381607,67.0,69.2,67.0,68.8,0.6,260,444
2021-11-05,1760,186070,12762595,68.8,69.1,68.3,68.9,0.1,218,524
2021-11-08,1760,295511,20087770,69.0,69.0,67.5,67.7,-1.2,256,488
2021-11-09,1760,481834,32204527,67.7,67.7,66.4,66.7,-1.0,399,429
2021-11-10,1760,315897,20977320,66.8,67.0,66.1,66.3,-0.4,265,494
2021-11-11,1760,295782,19576562,66.3,66.7,66.0,66.1,-0.2,282,518
2021-11-12,1760,237586,15841123,66.0,67.0,66.0,66.6,0.5,200,540
2021-11-15,1760,818136,56201975,66.9,69.5,66.9,68.9,2.3,630,377
2021-11-16,1760,266556,18240547,68.1,68.9,68.0,68.4,-0.5,260,539
2021-11-17,1760,189743,13000925,68.5,68.9,68.2,68.8,0.4,452,582
2021-11-18,1760,761156,53233728,68.8,71.0,68.3,70.3,1.5,626,366
2021-11-19,1760,590027,40863659,71.0,71.0,68.6,68.7,-1.6,618,411
2021-11-22,1760,723533,50738035,69.3,70.7,68.8,70.4,1.7,590,366
2021-11-23,1760,1312152,93689126,69.9,73.0,69.9,70.0,-0.4,1426,312
2021-11-24,1760,589345,41234057,70.3,70.6,69.3,69.7,-0.3,525,389
2021-11-25,1760,310385,21802925,70.1,70.8,69.8,70.0,0.3,331,455
2021-11-26,1760,4676522,342509311,70.2,76.0,70.1,71.3,1.3,3835,158
2021-11-29,1760,5430812,404445681,74.0,76.8,72.5,73.0,1.7,4613,129
2021-11-30,1760,1687050,117493984,71.1,71.2,68.7,69.7,-3.3,1757,283
2021-12-01,1760,1309745,92663771,71.0,73.0,69.6,70.0,0.3,1019,274
2021-12-02,1760,785824,55594601,70.9,72.0,70.1,70.2,0.2,682,354
2021-12-03,1760,485263,34222615,71.0,71.2,70.2,70.3,0.1,452,393
2021-12-06,1760,347035,24419861,70.5,70.9,70.1,70.1,-0.2,269,425
2021-12-07,1760,638975,44219409,70.1,70.1,68.8,68.9,-1.2,449,386
2021-12-08,1760,523336,36505793,69.0,70.7,68.6,69.8,0.9,543,416
2021-12-09,1760,380972,26494176,69.9,70.4,69.1,69.4,-0.4,321,448
2021-12-10,1760,1359278,96319616,72.2,72.9,69.0,69.0,-0.4,1128,282
2021-12-13,1760,352164,24269650,69.0,69.5,68.6,69.1,0.1,319,486
2021-12-14,1760,466975,32040243,69.0,69.7,68.0,68.0,-1.1,431,455
2021-12-15,1760,198941,13651604,68.0,69.3,67.8,69.3,1.3,185,498
2021-12-16,1760,165184,11415424,69.3,69.7,68.7,69.0,-0.3,287,546
2021-12-17,1760,648560,45412616,69.8,71.8,69.3,69.4,0.4,551,401
2021-12-20,1760,525952,37093673,69.4,71.3,69.4,70.3,0.9,489,393
2021-12-21,1760,265460,18693202,71.0,71.0,70.0,70.3,0.0,250,451
2021-12-22,1760,598981,42401850,70.3,71.5,70.0,71.1,0.8,504,359
2021-12-23,1760,483889,34315885,71.9,71.9,70.5,70.9,-0.2,727,397
2021-12-24,1760,186289,13153274,71.0,71.0,70.4,70.5,-0.4,381,536
2021-12-27,1760,484473,34489414,71.0,71.5,70.8,71.3,0.8,413,419
2021-12-28,1760,1924613,140540315,71.8,74.2,71.1,73.5,2.2,1469,241
2021-12-29,1760,1645242,122756490,74.5,75.6,73.1,75.5,2.0,1500,262
2021-12-30,1760,2488217,190289600,75.5,78.6,75.2,75.2,-0.3,2340,207
2022-01-03,1760,1452515,105389155,73.6,73.8,71.8,72.0,-3.2,1867,293
2022-01-04,1760,1459094,108402779,72.0,75.6,72.0,74.8,2.8,1279,282
2022-01-05,1760,737031,54624584,76.0,76.0,72.9,73.8,-1.0,1038,374
2022-01-06,1760,1702606,128574134,74.6,77.5,73.9,74.1,0.3,1870,262
2022-01-07,1760,6420738,502778578,75.5,81.0,74.3,78.0,3.9,4643,137
2022-01-10,1760,8388370,693507222,81.0,84.4,81.0,82.8,4.8,7352,69
2022-01-11,1760,3379106,263499317,80.0,80.0,76.3,78.0,-4.8,4330,181
2022-01-12,1760,3321505,267250672,78.8,82.1,78.2,81.4,3.4,2515,170
2022-01-13,1760,5133812,428592083,81.1,84.7,80.5,84.5,3.1,4124,122
2022-01-14,1760,3344384,277843251,83.7,84.9,81.8,83.1,-1.4,4216,164
2022-01-17,1760,2393313,199499842,84.4,85.5,82.0,82.9,-0.2,2342,176
2022-01-18,1760,2176715,174853694,83.5,83.7,79.2,79.3,-3.6,3359,196
2022-01-19,1760,1705472,133764505,80.3,80.4,77.3,77.4,-1.9,2118,224
2022-01-20,1760,1835175,142847793,76.7,80.0,76.2,77.8,0.4,1417,200
2022-01-21,1760,7690671,634705441,77.1,84.5,77.1,83.0,5.2,5466,93
2022-01-24,1760,9818878,846367528,88.2,90.0,83.1,83.3,0.3,7529,59
2022-01-25,1760,2350703,191802554,81.0,83.7,80.6,81.2,-2.1,2084,196
2022-01-26,1760,1983057,160087175,81.0,82.0,79.6,82.0,0.8,1944,180
2022-02-07,1760,1589616,130799038,83.7,83.8,80.8,83.1,1.1,1775,224
2022-02-08,1760,1310768,109173303,81.1,86.0,81.1,85.0,1.9,1316,242
2022-02-09,1760,6267121,559065852,84.3,92.0,84.3,90.1,5.1,4936,94
2022-02-10,1760,6037838,560500854,90.5,97.0,89.1,95.5,5.4,5332,88
2022-02-11,1760,7382447,704418539,95.4,98.6,92.6,95.3,-0.2,6831,59
2022-02-14,1760,6056191,588615843,94.0,99.8,93.1,99.8,4.5,4536,77
2022-02-15,1760,5910121,577015403,98.7,99.8,95.2,98.3,-1.5,5300,72
2022-02-16,1760,3329237,322981387,97.1,98.2,95.7,97.6,-0.7,3342,121
2022-02-17,1760,9156558,894838605,97.1,102.0,94.7,98.4,0.8,7692,65
2022-02-18,1760,5622601,560502029,98.3,101.5,97.2,101.5,3.1,4339,81
2022-02-21,1760,12678460,1336969578,99.5,111.5,98.0,111.5,10.0,8153,34
2022-02-22,1760,0,0,0.0,0.0,0.0,0.0,0.0,0,952
2022-02-23,1760,32130422,3535478398,122.0,122.5,100.5,100.5,0.0,24620,13
2022-02-24,1760,13079273,1314632165,99.5,104.5,97.3,99.0,-1.5,9371,54
2022-02-25,1760,8245778,868896136,102.0,108.5,100.5,108.5,9.5,5666,85
2022-03-01,1760,7424131,791874033,108.5,110.5,103.0,105.0,-3.5,6744,73
2022-03-02,1760,12133201,1350366641,105.0,115.5,104.5,112.0,7.0,8361,35
2022-03-03,1760,7574769,854943931,111.5,115.0,110.5,113.5,1.5,5184,67
2022-03-04,1760,4918800,548856508,112.5,115.5,108.5,109.0,-4.5,5413,94
2022-03-07,1760,3621326,378616610,108.5,109.5,102.0,102.5,-6.5,3306,150
2022-03-08,1760,3067944,306708688,99.4,104.0,97.5,97.5,-5.0,2771,178
2022-03-09,1760,3039226,304308765,100.0,103.0,98.2,98.8,1.3,2801,135
2022-03-10,1760,2478532,252718667,102.0,104.0,100.0,102.5,3.7,1731,176
2022-03-11,1760,1333059,132816686,101.5,102.0,98.1,98.3,-4.2,1176,204
2022-03-14,1760,1727306,169517313,100.0,100.5,95.7,98.8,0.5,1628,194
2022-03-15,1760,1514675,145482417,99.2,99.7,93.6,93.6,-5.2,1315,217
2022-03-16,1760,1353253,127778354,96.0,96.2,93.0,93.0,-0.6,999,236
2022-03-17,1760,2188682,212754747,97.0,99.1,95.6,96.7,3.7,1557,192
2022-03-18,1760,1024243,98718881,95.9,98.1,95.2,98.0,1.3,812,286
2022-03-21,1760,789161,76899270,97.8,98.3,96.5,97.0,-1.0,684,291
2022-03-22,1760,949232,91468345,98.6,98.6,95.5,96.0,-1.0,761,255
2022-03-23,1760,859883,83169304,95.3,97.6,95.3,96.5,0.5,690,292
2022-03-24,1760,1371462,134218808,96.1,98.9,96.1,98.5,2.0,1098,243
2022-03-25,1760,1630065,159052424,99.7,99.8,96.0,96.0,-2.5,1291,228
2022-03-28,1760,7879457,799143741,100.0,104.5,98.2,98.2,2.2,5355,57
2022-03-29,1760,1616559,158220600,98.4,99.4,96.3,98.2,0.0,1514,207
2022-03-30,1760,1027097,100650972,97.6,98.8,97.3,97.9,-0.3,847,272
2022-03-31,1760,8462131,883392304,101.0,107.5,99.7,107.5,9.6,5884,56
2022-04-01,1760,13315900,1443680470,105.5,113.0,103.0,103.0,-4.5,9931,30
2022-04-06,1760,9439426,1034811164,109.0,112.0,106.0,108.0,5.0,7068,54
2022-04-07,1760,16574061,1856120821,110.0,115.5,108.0,111.5,3.5,11860,33
2022-04-08,1760,9082611,986704215,111.5,112.5,105.0,105.5,-6.0,6130,46
2022-04-11,1760,20178379,2292765785,108.5,116.0,108.0,116.0,10.5,13487,20
2022-04-12,1760,37129917,4313545559,119.0,122.0,111.0,116.0,0.0,21822,13
2022-04-13,1760,13065113,1476173946,115.5,116.0,110.5,113.0,-3.0,7968,26
2022-04-14,1760,23308328,2822705670,113.5,124.0,112.5,124.0,11.0,12327,15
2022-04-15,1760,53259066,7038472528,126.0,136.0,126.0,136.0,12.0,29249,7
2022-04-18,1760,10630237,1562904381,144.5,149.5,141.5,149.5,13.5,4746,27
2022-04-19,1760,70600626,10487438845,149.5,160.0,141.0,160.0,10.5,39387,2
2022-04-20,1760,95024990,15551525884,160.0,172.0,155.0,162.0,2.0,59389,2
2022-04-21,1760,8039821,1240095609,153.0,158.5,152.5,153.0,-9.0,6403,37
2022-04-22,1760,6121010,919077068,153.0,156.0,145.5,148.0,-5.0,4735,66
2022-04-25,1760,5175752,765330754,150.0,151.5,142.0,142.0,-6.0,4012,82
2022-04-26,1760,6139457,833011788,144.0,144.0,130.0,137.5,-4.5,4222,60
2022-04-27,1760,5328633,768101507,135.0,151.0,134.5,151.0,13.5,3886,75
2022-04-28,1760,5820561,851347203,150.0,152.0,136.5,136.5,-14.5,4527,61
2022-04-29,1760,2446686,341220921,138.5,143.5,137.0,139.5,3.0,2042,112
2022-05-03,1760,2005031,275396006,139.5,142.5,134.0,134.5,-5.0,1557,116
2022-05-04,1760,4548163,566040499,139.0,139.0,122.0,122.5,-12.0,3393,63
2022-05-05,1760,2343142,292850606,125.0,127.0,123.0,123.5,1.0,1746,124
2022-05-06,1760,2901849,360695239,125.0,127.5,121.0,125.5,2.0,2085,116
2022-05-09,1760,2113016,267733686,127.0,129.0,125.0,129.0,3.5,1568,157
2022-05-10,1760,9688329,1157389557,126.0,126.5,116.5,116.5,-12.5,5630,45
2022-05-11,1760,18141107,2039135552,113.5,117.0,108.0,111.5,-5.0,10736,18
2022-05-12,1760,11246179,1220726298,113.0,113.5,104.0,104.0,-7.5,6585,38
2022-05-13,1760,12852264,1362081436,105.5,109.5,102.0,105.5,1.5,7514,38
2022-05-16,1760,7127946,756712423,107.0,109.0,103.0,109.0,3.5,4208,61
2022-05-17,1760,3490906,372499980,107.5,108.0,105.5,106.5,-2.5,2264,103
2022-05-18,1760,7519116,821975289,106.5,112.0,105.5,107.5,1.0,4646,65
2022-05-19,1760,11725280,1244072559,107.5,111.5,101.5,102.0,-5.5,7497,38
2022-05-20,1760,5743765,595104966,103.0,105.0,102.5,102.5,0.5,3201,81
2022-05-23,1760,12485268,1278044480,103.0,108.0,96.5,108.0,5.5,7520,29
2022-05-24,1760,6352719,663405244,106.5,108.0,101.5,102.0,-6.0,4037,66
2022-05-25,1760,4969842,514979680,102.5,106.0,101.5,103.5,1.5,3082,83
2022-05-26,1760,4095216,423473942,103.0,106.5,100.5,100.5,-3.0,2650,102
2022-05-27,1760,3223756,330719427,102.5,104.0,100.5,104.0,3.5,2130,119
2022-05-30,1760,2990584,314042983,103.5,107.0,102.5,106.5,2.5,1908,149
2022-05-31,1760,1284833,136020257,106.0,107.5,105.0,106.0,-0.5,1025,213
2022-06-01,1760,1667471,177895354,106.0,108.0,105.5,106.5,0.5,1247,194
2022-06-02,1760,2021997,215158997,106.5,109.0,104.0,104.0,-2.5,1467,153
2022-06-06,1760,984579,102478182,105.0,105.0,103.0,103.0,-1.0,736,219
2022-06-07,1760,745519,76935920,104.0,104.0,102.0,104.0,1.0,564,243
2022-06-08,1760,1159077,121518437,104.5,106.5,103.5,103.5,-0.5,895,214
2022-06-09,1760,1965853,206342458,104.0,107.0,102.5,106.5,3.0,1471,150
2022-06-10,1760,7563402,791524193,107.5,109.5,101.5,101.5,-5.0,4863,47
2022-06-13,1760,5413031,525194792,100.0,102.0,94.1,94.1,-7.4,3805,86
2022-06-14,1760,4164519,382110205,92.0,93.8,90.3,91.4,-2.7,2989,106
2022-06-15,1760,2012850,187417623,91.8,94.5,91.8,92.5,1.1,1548,176
2022-06-16,1760,1774521,162481651,92.5,93.3,90.0,90.0,-2.5,1412,206
2022-06-17,1760,2059921,183889839,87.5,90.6,87.5,89.3,-0.7,1397,199
2022-06-20,1760,2252789,197638544,90.9,91.4,85.6,85.8,-3.5,1626,189
2022-06-21,1760,3428943,312344423,87.0,94.3,86.5,94.3,8.5,2488,135
2022-06-22,1760,9057047,900315788,98.0,102.5,96.3,96.7,2.4,6184,55
2022-06-23,1760,5696485,595609958,102.0,106.0,101.5,106.0,9.3,3440,82
2022-06-24,1760,10824294,1189049670,112.0,113.0,106.5,109.5,3.5,7143,35
2022-06-27,1760,6692925,709532593,108.5,109.5,102.5,107.0,0.0,4587,68
2022-06-28,1760,14141974,1628372339,108.5,117.5,108.0,117.5,10.5,7492,31
2022-06-29,1760,38890176,4810906606,117.5,129.0,116.0,124.5,7.0,24936,9
2022-06-30,1760,32956839,4055482571,125.0,128.0,118.0,120.0,-4.5,21126,10
2022-07-01,1760,24053195,2862900894,119.5,123.5,114.0,122.0,2.0,13994,17
2022-07-04,1760,14958921,1756076054,124.0,124.0,112.5,120.0,-2.0,9193,25
2022-07-05,1760,13519597,1630921107,117.5,124.0,116.0,121.0,1.0,8650,32
2022-07-06,1760,23554342,2911473028,121.0,128.0,119.5,120.0,-1.0,14808,16
2022-07-07,1760,19526084,2294535613,120.0,123.0,112.0,120.5,0.5,12905,22
2022-07-08,1760,10290847,1231584847,119.0,122.5,117.0,118.0,-2.5,6108,43
2022-07-11,1760,14110069,1607501819,113.5,117.5,110.5,116.0,-2.0,8765,25
2022-07-12,1760,11635975,1317422478,116.0,118.0,108.5,110.0,-6.0,7616,28
2022-07-13,1760,9824874,1131269617,112.5,118.5,111.0,115.0,5.0,5932,39
2022-07-14,1760,7174914,817329120,113.0,116.5,111.5,116.5,1.5,4528,50
2022-07-15,1760,8139640,921058531,114.5,117.5,110.5,110.5,-6.0,5076,50
2022-07-18,1760,4880685,553920823,111.0,115.5,110.5,114.5,4.0,3094,92
2022-07-19,1760,6543566,747817587,114.0,117.5,111.5,112.5,-2.0,4334,63
2022-07-20,1760,5374385,621495055,114.5,117.0,113.5,117.0,4.5,3247,91
2022-07-21,1760,6121517,707983461,117.5,118.0,113.0,117.0,0.0,4641,75
2022-07-22,1760,15008077,1805276629,116.5,124.0,116.0,123.5,6.5,9530,27
2022-07-25,1760,18681907,2347698430,125.0,129.0,122.0,128.0,4.5,12016,18
2022-07-26,1760,9729808,1225078973,127.0,129.0,123.0,124.0,-4.0,6174,29
2022-07-27,1760,7698974,934356854,125.5,125.5,119.5,120.0,-4.0,5160,35
2022-07-28,1760,6331172,779681392,121.5,124.5,121.0,122.5,2.5,4262,53
2022-07-29,1760,3833631,467250244,122.0,123.5,120.0,122.0,-0.5,3340,96
2022-08-01,1760,4386621,516341916,121.0,121.0,115.5,115.5,-6.5,3344,78
2022-08-02,1760,5452586,623394976,112.5,117.0,112.0,112.5,-3.0,3824,66
2022-08-03,1760,4979908,550843789,114.0,114.5,108.0,109.5,-3.0,3130,70
2022-08-04,1760,3521793,382084220,109.5,111.0,106.5,108.5,-1.0,2285,98
2022-08-05,1760,3136502,350585402,110.0,113.0,108.5,113.0,4.5,1820,107
2022-08-08,1760,2511702,281850795,112.5,114.0,110.0,114.0,1.0,1778,127
2022-08-09,1760,2279907,260177955,113.0,115.5,113.0,113.5,-0.5,1311,132
2022-08-10,1760,3398423,386181520,110.5,116.0,110.0,115.5,2.0,2263,100
2022-08-11,1760,2295377,264510624,116.5,116.5,113.5,114.0,-1.5,1644,149
2022-08-12,1760,2124629,244797570,115.0,117.0,114.0,114.0,0.0,1367,150
2022-08-15,1760,8078501,984103289,115.5,125.0,115.0,125.0,11.0,5194,46
2022-08-16,1760,19008477,2503742144,125.0,137.5,124.0,137.5,12.5,13165,16
2022-08-17,1760,46048256,6507180525,138.5,148.5,135.5,141.0,3.5,28207,4
2022-08-18,1760,31398999,4671609790,142.5,154.0,142.5,149.0,8.0,21026,7
2022-08-19,1760,20767861,3102264681,150.5,153.5,143.0,151.0,2.0,14005,14
2022-08-22,1760,18519264,2797842986,150.0,157.0,145.5,145.5,-5.5,12640,13
2022-08-23,1760,16283005,2359027140,146.0,149.5,140.0,145.5,0.0,10657,13
2022-08-24,1760,26852071,4026735573,147.5,155.0,142.0,149.0,3.5,17917,6
2022-08-25,1760,15480195,2322194387,149.0,155.5,146.0,155.5,6.5,10430,12
2022-08-26,1760,19977428,3095200836,153.5,160.0,151.0,151.5,-4.0,13492,14
2022-08-29,1760,10609130,1588994662,149.0,153.5,146.0,149.0,-2.5,7078,31
2022-08-30,1760,15627276,2375719727,152.5,156.0,149.0,152.0,3.0,10152,14
2022-08-31,1760,29587592,4650519016,152.0,164.5,152.0,154.5,2.5,18727,4
2022-09-01,1760,13952049,2160339230,156.5,159.5,149.0,150.0,-4.5,9514,21
2022-09-02,1760,27180634,4323226785,153.0,165.0,151.0,162.0,12.0,17634,12
2022-09-05,1760,17471301,2755889595,163.5,164.0,150.5,151.0,-11.0,12320,16
2022-09-06,1760,26574712,3801834298,153.0,153.5,136.0,136.0,-15.0,14534,9
2022-09-07,1760,17192693,2292074432,137.0,137.5,130.0,130.0,-6.0,10630,14
2022-09-08,1760,15721525,2114684858,132.0,139.5,128.5,139.0,9.0,10522,11
2022-09-12,1760,22683145,3181388600,139.5,146.0,133.5,145.0,6.0,15026,9
2022-09-13,1760,12911834,1873678417,143.0,147.5,142.0,145.5,0.5,8378,20
2022-09-14,1760,19595554,2792190880,142.5,148.0,139.0,141.0,-4.5,12519,13
2022-09-15,1760,8996971,1276904396,142.0,145.0,137.5,139.0,-2.0,6309,32
2022-09-16,1760,7224780,990108511,139.5,141.0,134.0,135.5,-3.5,5057,60
2022-09-19,1760,8039307,1086942105,136.0,137.0,131.5,137.0,1.5,5017,31
2022-09-20,1760,7316109,991294114,135.5,137.0,133.0,137.0,0.0,4735,40
2022-09-21,1760,10586020,1469000587,136.0,141.0,136.0,138.5,1.5,6583,21
2022-09-22,1760,21724409,3150720816,139.5,150.5,138.5,147.5,9.0,14218,12
2022-09-23,1760,17163505,2485626261,148.0,150.0,138.0,143.0,-4.5,11450,17
2022-09-26,1760,10649095,1454984428,142.5,143.0,132.0,132.0,-11.0,6571,24
2022-09-27,1760,15142955,2022933468,134.0,139.0,127.0,138.0,6.0,9055,19
2022-09-28,1760,7187464,955635583,136.5,136.5,130.0,130.0,-8.0,4710,42
2022-09-29,1760,15208112,2087959985,133.0,141.0,133.0,138.0,8.0,10060,18
2022-09-30,1760,8696479,1186049622,134.5,142.0,131.5,142.0,4.0,6579,34
2022-10-03,1760,10023680,1377139514,139.5,143.5,134.5,135.5,-6.5,7138,23
2022-10-04,1760,15798393,2299685872,139.0,149.0,138.5,149.0,13.5,9063,15
2022-10-05,1760,37181276,5598178170,151.0,158.0,145.0,150.0,1.0,22692,6
2022-10-06,1760,16517577,2505544959,152.5,154.0,148.0,152.5,2.5,10756,13
2022-10-07,1760,18939626,2877058856,153.0,157.0,148.0,148.5,-4.0,12581,10
2022-10-11,1760,16093376,2310534189,146.5,150.5,138.0,138.5,-10.0,10206,13
2022-10-12,1760,14883154,2110744466,141.5,145.0,137.5,144.5,6.0,9722,16
2022-10-13,1760,13546291,1890935292,143.5,144.0,135.5,138.5,-6.0,8608,23
2022-10-14,1760,17140212,2525593941,142.5,152.0,141.5,151.0,12.5,10564,17
2022-10-17,1760,18936240,2738118217,148.5,151.0,138.0,146.5,-4.5,11951,14
2022-10-18,1760,14265895,2104356536,148.5,151.0,144.0,145.5,-1.0,9280,20
2022-10-19,1760,8881927,1280179246,147.0,148.0,142.0,142.5,-3.0,5844,20
2022-10-20,1760,12595205,1794212583,141.0,147.5,137.0,147.5,5.0,8177,19
2022-10-21,1760,10662592,1526479846,146.0,146.5,141.0,141.0,-6.5,6820,22
2022-10-24,1760,8563847,1230838193,144.0,147.0,139.0,140.0,-1.0,5414,21
2022-10-25,1760,12013938,1632817950,141.5,142.0,133.5,134.0,-6.0,7914,18
2022-10-26,1760,10089664,1344798449,134.0,135.5,129.5,133.0,-1.0,6451,20
2022-10-27,1760,9599116,1316840308,134.5,140.0,132.0,139.0,6.0,6628,28
2022-10-28,1760,12169958,1727035361,139.0,145.0,138.5,142.0,3.0,7981,19
2022-10-31,1760,17746559,2649647887,144.0,153.5,143.0,150.5,8.5,11857,11
2022-11-01,1760,11876171,1788936709,149.0,152.5,149.0,150.0,-0.5,7887,15
2022-11-02,1760,9833927,1476937251,150.5,152.5,147.5,150.0,0.0,6256,19
2022-11-03,1760,6370730,953777511,147.5,152.0,147.0,150.0,0.0,4290,31
2022-11-04,1760,12912533,1889190858,152.0,152.5,143.0,144.5,-5.5,8423,18
2022-11-07,1760,10284543,1455654212,145.5,145.5,139.0,139.0,-5.5,6974,27
2022-11-08,1760,7562587,1054539805,139.5,142.5,136.0,137.5,-1.5,5552,41
2022-11-09,1760,4390140,612257692,139.0,140.5,138.0,140.5,3.0,2992,65
2022-11-10,1760,8762130,1243617914,141.5,145.5,139.0,140.5,0.0,6166,34
2022-11-11,1760,15339546,2221639715,144.0,147.5,141.0,141.0,0.5,10159,26
2022-11-14,1760,6523051,911378419,142.0,142.0,138.0,140.5,-0.5,4671,61
2022-11-15,1760,4861193,677070522,139.5,141.0,138.0,139.0,-1.5,3284,76
2022-11-16,1760,14794817,2138878397,140.5,148.5,140.0,146.5,7.5,9902,25
2022-11-17,1760,29378864,4608104392,148.5,161.0,147.5,161.0,14.5,16304,10
2022-11-18,1760,44438653,7438999924,163.0,176.5,160.5,174.0,13.0,29835,4
2022-11-21,1760,17164960,3012439113,175.0,178.0,172.0,177.0,3.0,12661,11
2022-11-22,1760,20692555,3502879876,178.0,178.5,162.5,165.0,-12.0,14017,12
2022-11-23,1760,28193584,4811229742,168.0,176.0,164.0,172.5,7.5,26056,5
2022-11-24,1760,17393933,2948697213,172.5,173.5,165.0,170.0,-2.5,11979,17
2022-11-25,1760,13800581,2315361702,170.0,172.0,164.0,164.5,-5.5,8875,22
2022-11-28,1760,14878494,2508554919,164.5,173.0,161.0,167.5,3.0,10674,16
2022-11-29,1760,16121859,2646689667,168.5,171.0,159.5,163.0,-4.5,11743,13
2022-11-30,1760,10527880,1719590289,163.0,165.5,161.0,165.0,2.0,6711,35
2022-12-01,1760,12036701,2017784702,166.5,170.5,164.0,168.0,3.0,7997,28
2022-12-02,1760,14744266,2522747390,169.5,174.5,167.0,168.0,0.0,9655,15
2022-12-05,1760,22768213,4024282020,168.0,183.5,168.0,181.5,13.5,14921,8
2022-12-06,1760,35525462,6565851430,185.0,193.5,176.0,180.0,-1.5,26647,2
2022-12-07,1760,23274815,4161501297,181.5,185.0,172.0,175.0,-5.0,15572,9
2022-12-08,1760,12933381,2216097220,177.0,177.5,168.0,169.0,-6.0,8720,12
2022-12-09,1760,13741133,2406876270,171.0,180.0,170.0,180.0,11.0,9911,16
2022-12-12,1760,11531536,2022602428,179.5,179.5,173.0,173.5,-6.5,7743,11
2022-12-13,1760,23353398,4137980864,177.0,183.0,170.0,170.0,-3.5,15522,5
2022-12-14,1760,23893718,4067755118,169.5,178.5,159.5,178.5,8.5,16447,5
2022-12-15,1760,15616585,2769476190,175.5,181.0,173.0,181.0,2.5,11079,14
2022-12-16,1760,19545658,3518991109,179.5,184.0,176.0,179.5,-1.5,12622,13
2022-12-19,1760,16743571,3018452352,180.0,184.0,176.0,181.5,2.0,11305,12
2022-12-20,1760,12695656,2233301647,182.0,183.5,170.0,170.0,-11.5,10749,25
2022-12-21,1760,10957669,1889875261,173.0,175.0,170.0,170.0,0.0,6577,25
2022-12-22,1760,13634339,2348822133,173.5,175.0,168.0,175.0,5.0,9255,18
2022-12-23,1760,30708622,5713859379,173.0,192.5,172.0,190.0,15.0,20541,3
2022-12-26,1760,37821781,7092051459,192.0,195.0,180.0,180.0,-10.0,25410,1
2022-12-27,1760,21602017,3794631714,181.0,182.5,172.0,173.0,-7.0,26161,3
2022-12-28,1760,12856044,2237472280,172.0,177.0,171.5,174.0,1.0,8824,12
2022-12-29,1760,25789850,4553613024,172.0,184.0,168.0,176.5,2.5,18517,3
2022-12-30,1760,17207278,3058629963,175.5,182.0,175.0,179.0,2.5,11729,10
2023-01-03,1760,12029307,2140747616,178.5,181.0,175.5,175.5,-3.5,8188,14
2023-01-04,1760,8065363,1401171948,175.5,177.0,170.0,170.0,-5.5,6557,25
2023-01-05,1760,7579239,1310836436,172.5,176.0,170.0,170.5,0.5,5491,28
2023-01-06,1760,4769308,817690843,171.0,173.5,170.0,171.5,1.0,3686,44
2023-01-09,1760,4774582,827146038,172.0,175.0,171.5,172.5,1.0,3258,55
2023-01-10,1760,7072286,1194040227,172.5,173.5,165.0,166.0,-6.5,5588,31
2023-01-11,1760,7060161,1168133593,167.5,169.5,162.0,163.5,-2.5,5175,32
2023-01-12,1760,6435564,1042646838,164.0,165.0,160.0,161.0,-2.5,4760,33
2023-01-13,1760,5462085,876444726,161.0,162.5,159.0,160.5,-0.5,3936,38
2023-01-16,1760,4801940,780101174,161.0,165.0,159.0,164.0,3.5,3444,36
2023-01-17,1760,5762640,940228295,164.0,165.5,160.0,165.0,1.0,4407,30
2023-01-30,1760,4243356,708756260,168.0,169.5,164.5,165.5,0.5,3459,96
2023-01-31,1760,3648515,609126387,166.5,169.0,164.5,169.0,3.5,3451,95
2023-02-01,1760,2797229,470738956,168.0,170.0,167.5,168.5,-0.5,2598,107
2023-02-02,1760,3343881,567490417,168.5,171.5,167.5,170.5,2.0,2739,92
2023-02-03,1760,8377359,1466433330,171.0,179.0,170.0,173.5,3.0,7458,30
2023-02-06,1760,18202327,3262362379,174.5,183.5,174.0,176.5,3.0,16353,11
2023-02-07,1760,10361883,1843698461,178.0,181.5,175.5,176.0,-0.5,13064,22
2023-02-08,1760,8307576,1476918209,176.0,180.5,174.5,179.5,3.5,5665,33
2023-02-09,1760,10257994,1845242096,180.5,182.5,176.5,178.0,-1.5,10484,29
2023-02-10,1760,6382680,1114072090,178.0,179.5,170.5,170.5,-7.5,5242,40
2023-02-13,1760,4901187,842262852,172.0,175.0,169.0,169.0,-1.5,3424,44
2023-02-14,1760,3859972,652412730,171.0,171.5,166.5,169.5,0.5,2905,62
2023-02-15,1760,2473934,418481910,170.0,172.0,167.0,167.5,-2.0,2078,95
2023-02-16,1760,3411244,580031802,169.5,172.0,167.5,169.5,2.0,2857,73
2023-02-17,1760,4017435,674206366,169.5,170.0,166.5,166.5,-3.0,5032,70
2023-02-20,1760,3883666,642765955,168.5,170.0,162.5,163.5,-3.0,3544,70
2023-02-21,1760,2390850,392026931,164.5,165.5,162.0,164.5,1.0,2204,101
2023-02-22,1760,3719760,599214213,163.5,165.5,159.0,160.5,-4.0,3353,83
2023-02-23,1760,2597536,425598507,160.5,166.0,160.5,165.0,4.5,2217,109
2023-02-24,1760,2766159,448046606,166.5,167.0,160.5,161.0,-4.0,2525,124
2023-03-01,1760,1290754,208595748,162.0,163.0,160.5,160.5,-0.5,1127,191
2023-03-02,1760,3162068,520714042,161.0,166.5,160.5,165.5,5.0,2591,84
2023-03-03,1760,5452636,924537658,167.0,173.0,165.0,172.0,6.5,4844,52
2023-03-06,1760,16135341,2848934705,174.5,182.0,170.0,176.0,4.0,15737,16
2023-03-07,1760,9140368,1599880793,177.5,180.0,170.5,172.0,-4.0,22699,29
2023-03-08,1760,8551080,1493040626,173.0,178.0,171.5,172.0,0.0,6068,33
2023-03-09,1760,3952205,682441821,173.0,175.0,171.0,171.5,-0.5,3734,83
2023-03-10,1760,6558830,1095913212,170.0,172.5,163.0,165.5,-6.0,11262,55
2023-03-13,1760,2675202,438654809,163.5,166.5,162.0,163.5,-2.0,2469,109
2023-03-14,1760,3048965,501740183,164.0,167.0,162.0,162.5,-1.0,3006,94
2023-03-15,1760,2595838,430236487,165.0,168.0,164.5,165.0,2.5,2158,111
2023-03-16,1760,3361586,541747793,164.5,165.0,159.5,160.0,-5.0,2985,93
2023-03-17,1760,3502402,566902594,162.0,163.5,160.5,161.5,1.5,1786,104
2023-03-20,1760,2390769,386068430,161.5,163.5,158.0,163.5,2.0,1728,101
2023-03-21,1760,1619931,265661273,164.0,165.0,163.0,164.5,1.0,1271,148
2023-03-22,1760,2325941,382394615,165.5,167.5,162.0,162.0,-2.5,1875,121
2023-03-23,1760,1337839,217229081,162.5,164.5,161.5,161.5,-0.5,1168,179
2023-03-24,1760,2059543,337833805,161.5,166.5,161.0,166.0,4.5,1706,138
2023-03-27,1760,5574419,946709254,166.5,172.0,165.5,170.5,4.5,4238,57
2023-03-28,1760,5786801,978768818,170.5,174.0,164.5,166.0,-4.5,7111,53
2023-03-29,1760,8978069,1546227506,167.0,175.0,167.0,174.5,8.5,6293,27
2023-03-30,1760,7467451,1278176692,174.5,175.5,168.5,170.5,-4.0,12267,27
2023-03-31,1760,6884449,1137761718,166.0,168.0,163.0,165.0,-5.5,8975,38
2023-04-06,1760,9861830,1703198973,165.5,176.0,164.5,174.5,9.5,7355,21
2023-04-07,1760,11918491,2114485884,173.0,181.0,173.0,178.5,4.0,8592,15
2023-04-10,1760,6151641,1090282522,180.0,180.5,174.5,176.5,-2.0,9139,38
2023-04-11,1760,3194578,558107980,176.0,177.0,173.5,174.0,-2.5,2252,86
2023-04-12,1760,3001999,525155755,174.0,177.0,171.5,175.5,1.5,5428,87
2023-04-13,1760,3555240,627860624,176.0,178.5,174.0,176.0,0.5,3962,86
2023-04-14,1760,3298850,581125553,178.5,179.0,173.0,173.5,-2.5,8259,92
2023-04-17,1760,2522887,435665718,175.0,175.5,170.5,170.5,-3.0,7735,118
2023-04-18,1760,2157999,371782721,172.0,174.5,170.0,172.0,1.5,1931,144
2023-04-19,1760,13869651,2529382135,173.0,189.0,172.0,189.0,17.0,11319,17
2023-04-20,1760,26243100,4879184404,190.5,195.0,176.0,176.5,-12.5,25496,5
2023-04-21,1760,14651140,2478328581,180.5,180.5,164.0,164.5,-12.0,9947,19
2023-04-24,1760,3791481,623352385,165.0,167.0,162.0,162.0,-2.5,10896,63
2023-04-25,1760,5318332,865389262,164.0,168.5,159.0,160.0,-2.0,4062,60
2023-04-26,1760,2148773,349834012,161.0,165.5,161.0,162.0,2.0,1966,131
2023-04-27,1760,1643036,266083448,163.0,164.0,160.5,160.5,-1.5,1582,144
2023-04-28,1760,1185583,192798698,163.0,164.0,161.5,162.0,1.5,1117,187
2023-05-02,1760,2706816,445107001,162.5,166.5,162.5,163.0,1.0,2154,100
2023-05-03,1760,1965477,322832464,164.5,166.0,163.0,163.0,0.0,1570,121
2023-05-04,1760,5145732,860450170,164.0,170.0,163.0,167.0,4.0,4012,44
2023-05-05,1760,1867757,310282748,166.0,168.5,164.5,165.5,-1.5,1844,122
2023-05-08,1760,2133869,352033479,167.0,168.0,163.0,163.0,-2.5,1932,128
2023-05-09,1760,1372898,222844116,164.0,164.5,161.0,161.0,-2.0,1229,168
2023-05-10,1760,2213155,354871673,161.0,162.0,159.0,160.5,-0.5,1670,103
2023-05-11,1760,6826356,1036269060,161.5,162.0,147.0,147.5,-13.0,5444,52
2023-05-12,1760,5030108,722978276,147.5,147.5,141.0,143.0,-4.5,3746,68
2023-05-15,1760,2956679,417767835,143.5,145.0,139.0,140.0,-3.0,2309,83
2023-05-16,1760,2397703,336851467,141.0,143.5,138.5,138.5,-1.5,2138,123
2023-05-17,1760,5971073,859441256,139.5,147.5,139.5,142.5,4.0,4636,71
2023-05-18,1760,3450038,493968623,143.5,144.5,141.5,142.0,-0.5,2447,115
2023-05-19,1760,3411635,493960479,144.0,147.0,142.5,145.0,3.0,2552,118
2023-05-22,1760,1311401,190521024,145.0,146.5,144.0,145.0,0.0,1073,196
2023-05-23,1760,6537883,1000117424,146.0,158.5,145.5,156.0,11.0,4711,52
2023-05-24,1760,4189210,634357150,154.5,155.5,149.0,151.0,-5.0,3573,79
2023-05-25,1760,1667612,249587564,152.0,152.0,148.5,149.0,-2.0,1415,171
2023-05-26,1760,2118094,317952738,150.0,153.0,148.5,148.5,-0.5,1538,157
2023-05-29,1760,1633600,244390300,149.5,152.0,148.0,148.5,0.0,1209,186
2023-05-30,1760,1253868,185861508,149.5,150.5,146.0,148.0,-0.5,1093,216
2023-05-31,1760,955915,142901386,148.5,150.5,148.5,150.5,2.5,757,257
2023-06-01,1760,1313576,194110139,150.5,151.0,146.0,146.0,-4.5,1282,212
2023-06-02,1760,1792764,260269063,146.0,148.0,143.5,144.0,-2.0,1780,200
2023-06-05,1760,1208570,175193587,145.5,146.5,143.5,143.5,-0.5,984,234
2023-06-06,1760,1088691,155834804,144.5,145.0,141.5,143.5,0.0,1029,247
2023-06-07,1760,1588945,231871334,144.0,148.0,143.0,147.0,3.5,1258,211
2023-06-08,1760,996851,143529119,146.5,146.5,143.0,143.0,-4.0,942,275
2023-06-09,1760,1080755,154245952,143.0,144.5,142.0,143.0,0.0,959,267
2023-06-12,1760,1476126,206029864,143.0,143.5,138.0,139.0,-4.0,1406,220
2023-06-13,1760,1059543,146827283,139.5,140.5,138.0,138.0,-1.0,975,283
2023-06-14,1760,1544285,216085905,138.5,143.5,138.0,138.0,0.0,1329,235
2023-06-15,1760,784413,109720631,138.5,141.0,138.5,140.5,2.5,713,315
2023-06-16,1760,885262,124339131,140.5,142.0,139.5,139.5,-1.0,781,320
2023-06-19,1760,1022765,141861826,140.5,141.0,137.5,137.5,-2.0,861,264
2023-06-20,1760,2033621,272961451,138.0,139.0,132.0,132.0,-5.5,2042,185
