date,stock_id,Trading_Volume,Trading_money,open,max,min,close,spread,Trading_turnover,Trading_money_rank
2021-04-12,2211,15340609,1095361865,72.0,75.5,65.0,72.5,0.0,8961,68
2021-04-13,2211,7201102,511651400,74.0,74.5,69.5,69.5,-3.0,5090,161
2021-04-14,2211,4545191,303455038,68.0,69.5,65.0,66.2,-3.3,3657,231
2021-04-15,2211,3876021,247426475,66.2,66.2,62.7,62.9,-3.3,3277,221
2021-04-16,2211,8095058,544146874,62.8,70.3,61.6,69.3,6.4,5499,135
2021-04-19,2211,10178853,713020950,69.0,71.9,66.9,71.5,2.2,6567,134
2021-04-20,2211,5448726,370950062,69.0,69.4,67.2,67.9,-3.6,3758,203
2021-04-21,2211,3979499,263722427,67.6,67.6,65.5,66.3,-1.6,3282,248
2021-04-22,2211,5903206,400738077,67.2,69.2,65.4,66.0,-0.3,4081,249
2021-04-23,2211,3376532,215063071,65.2,65.4,62.9,63.1,-2.9,2750,255
2021-04-26,2211,1801433,115360378,63.3,65.0,63.2,64.1,1.0,1355,368
2021-04-27,2211,2087831,132275736,64.8,64.8,63.0,63.3,-0.8,1556,352
2021-04-28,2211,1968051,122804205,63.3,63.8,61.9,62.0,-1.3,1634,372
2021-04-29,2211,2176492,132610883,62.2,62.3,60.5,60.7,-1.3,1904,364
2021-05-03,2211,3617688,212641579,60.8,61.0,58.0,58.1,-2.6,3083,304
2021-05-04,2211,3222955,177283499,58.1,58.8,52.3,54.0,-4.1,2389,370
2021-05-05,2211,1951120,109310806,54.0,57.1,53.1,56.4,2.4,1623,337
2021-05-06,2211,1887906,104879492,55.9,57.3,54.0,54.6,-1.8,1585,355
2021-05-07,2211,1221470,65884633,55.0,55.3,53.3,54.1,-0.5,975,406
2021-05-10,2211,5951630,351056623,55.2,59.5,55.0,59.5,5.4,2567,188
2021-05-11,2211,10055671,618205978,57.7,65.1,57.6,61.4,1.9,6412,160
2021-05-12,2211,3728637,210026838,59.8,60.0,55.3,55.3,-6.1,2955,347
2021-05-13,2211,3111485,158276826,50.5,53.2,49.8,50.7,-4.6,2411,335
2021-05-14,2211,1762067,89361817,50.7,52.1,50.0,50.8,0.1,1314,379
2021-05-17,2211,1899749,88349722,46.45,48.35,45.75,45.9,-4.9,1590,410
2021-05-18,2211,1729906,85675132,46.2,50.4,46.2,50.4,4.5,1262,371
2021-05-19,2211,2012272,105370065,51.1,53.8,50.5,52.2,1.8,1484,306
2021-05-20,2211,1653900,83096277,51.5,51.8,49.1,49.15,-3.05,1161,318
2021-05-21,2211,852935,42823934,50.5,51.3,49.3,50.7,1.55,624,406
2021-05-24,2211,753041,37728172,50.5,50.8,49.7,50.2,-0.5,594,429
2021-05-25,2211,947170,47437217,50.5,50.9,49.8,50.0,-0.2,763,421
2021-05-26,2211,610536,30482386,49.9,50.3,49.5,49.95,-0.05,508,435
2021-05-27,2211,673072,34023104,50.0,51.8,50.0,50.8,0.85,515,428
2021-05-28,2211,2193114,116945129,51.2,55.0,51.2,53.7,2.9,1621,295
2021-05-31,2211,2842458,157815991,54.9,56.9,53.9,54.8,1.1,2011,261
2021-06-01,2211,1187446,63843571,54.3,55.1,53.0,53.9,-0.9,963,368
2021-06-02,2211,1260962,68705248,54.5,55.2,53.9,54.5,0.6,964,380
2021-06-03,2211,1219578,66940404,55.0,55.2,54.6,55.0,0.5,865,348
2021-06-04,2211,834633,45762085,55.1,55.4,54.5,54.7,-0.3,716,400
2021-06-07,2211,738183,39164633,55.0,55.0,52.0,53.0,-1.7,659,432
2021-06-08,2211,434238,22978768,53.0,53.3,52.6,52.7,-0.3,357,451
2021-06-09,2211,503731,26257134,52.7,52.9,51.7,51.9,-0.8,474,452
2021-06-10,2211,517668,26692300,51.9,52.3,51.1,52.0,0.1,492,462
2021-06-11,2211,317194,16574587,52.0,52.6,52.0,52.2,0.2,272,535
2021-06-15,2211,654805,34800060,52.5,54.1,52.3,54.0,1.8,487,434
2021-06-16,2211,797131,43086500,54.5,54.6,53.1,53.5,-0.5,627,412
2021-06-17,2211,2671800,148728343,53.5,56.6,53.3,56.4,2.9,1827,244
2021-06-18,2211,1763230,97418770,56.0,56.0,54.6,55.4,-1.0,1249,324
2021-06-21,2211,5828294,351703214,58.2,60.9,58.1,60.9,5.5,3404,178
2021-06-22,2211,9003025,600187182,66.0,66.9,65.0,66.9,6.0,4855,133
2021-06-23,2211,17621506,1262839601,73.5,73.5,68.8,69.8,2.9,10209,80
2021-06-24,2211,7820794,540261052,67.1,72.0,65.1,69.4,-0.4,5123,140
2021-06-25,2211,6233271,424503895,71.0,71.0,67.0,67.1,-2.3,4217,169
2021-06-28,2211,12822783,914374543,68.0,73.8,68.0,73.5,6.4,8239,91
2021-06-29,2211,10405012,736401905,71.0,73.0,68.8,69.6,-3.9,7077,117
2021-06-30,2211,5714360,400703566,71.0,71.3,69.2,69.7,0.1,3697,173
2021-07-01,2211,5491979,374187442,71.0,71.0,65.9,66.7,-3.0,3792,187
2021-07-02,2211,4350854,285501989,67.2,67.4,64.0,64.8,-1.9,3077,210
2021-07-05,2211,2503353,163064120,65.6,66.3,64.3,64.8,0.0,1764,302
2021-07-06,2211,2446141,158000926,65.1,65.7,63.8,64.0,-0.8,1663,270
2021-07-07,2211,2702929,169303892,64.0,64.0,61.5,61.8,-2.2,2177,272
2021-07-08,2211,2156592,134347786,61.8,63.7,60.4,63.0,1.2,1596,300
2021-07-09,2211,1888647,116299196,62.8,63.0,60.4,60.9,-2.1,1442,307
2021-07-12,2211,4435053,285124139,63.6,66.0,63.0,64.1,3.2,2903,228
2021-07-13,2211,3037421,187204176,64.7,64.8,60.0,60.2,-3.9,2286,311
2021-07-14,2211,2154344,126795662,60.8,60.8,57.8,58.1,-2.1,1668,315
2021-07-15,2211,1486338,89656069,59.3,61.5,58.8,61.5,3.4,1066,341
2021-07-16,2211,1656971,99999167,61.4,61.4,59.9,60.1,-1.4,1145,343
2021-07-19,2211,1490993,89993775,60.0,61.4,60.0,60.0,-0.1,1048,360
2021-07-20,2211,1368408,80454469,59.8,59.9,58.4,58.6,-1.4,1142,378
2021-07-21,2211,1666564,96548161,59.1,59.5,56.6,57.2,-1.4,1170,348
2021-07-22,2211,1389379,78547569,57.6,58.0,55.9,56.1,-1.1,1131,358
2021-07-23,2211,1539065,87076202,57.0,57.4,56.1,57.2,1.1,807,352
2021-07-26,2211,1369998,77321695,57.8,57.8,55.9,56.0,-1.2,921,373
2021-07-27,2211,1481924,82120560,56.1,56.4,54.5,54.6,-1.4,1054,360
2021-07-28,2211,1111087,60496148,54.6,55.9,53.5,54.3,-0.3,891,423
2021-07-29,2211,977097,54185845,54.7,56.9,54.3,56.9,2.6,732,375
2021-07-30,2211,1526150,84992351,57.0,57.0,55.0,55.3,-1.6,1196,332
2021-08-02,2211,649801,36145416,55.4,56.4,54.7,56.0,0.7,498,412
2021-08-03,2211,405287,22640548,56.5,56.5,55.6,55.8,-0.2,319,457
2021-08-04,2211,738450,41272689,55.9,56.1,55.6,56.0,0.2,485,398
2021-08-05,2211,917071,50417581,56.0,56.0,54.7,54.8,-1.2,602,380
2021-08-06,2211,720400,39492499,54.8,55.4,54.5,54.5,-0.3,510,404
2021-08-09,2211,743432,41100960,54.6,56.1,54.5,55.2,0.7,524,416
2021-08-10,2211,643272,35117048,55.3,55.3,54.2,54.2,-1.0,513,439
2021-08-11,2211,841716,45372050,54.3,55.0,53.3,53.6,-0.6,605,430
2021-08-12,2211,349479,18947154,54.5,54.6,53.8,54.5,0.9,323,474
2021-08-13,2211,692984,37180559,54.5,54.7,53.4,53.4,-1.1,541,428
2021-08-16,2211,716355,37478037,53.4,53.5,51.8,52.2,-1.2,579,461
2021-08-17,2211,840401,43189763,52.1,52.5,50.6,50.9,-1.3,732,402
2021-08-18,2211,742718,37984833,50.7,52.6,50.0,52.6,1.7,594,431
2021-08-19,2211,606538,31135008,52.4,52.4,50.8,51.0,-1.6,507,439
2021-08-20,2211,459423,23335135,50.6,51.5,50.2,50.9,-0.1,383,453
2021-08-23,2211,488987,25537886,51.2,52.7,51.2,52.2,1.3,410,436
2021-08-24,2211,454438,23705009,52.8,52.8,51.8,52.1,-0.1,350,447
2021-08-25,2211,533684,27891060,52.4,52.6,51.8,52.3,0.2,384,437
2021-08-26,2211,1595907,86711408,52.9,56.3,52.9,53.5,1.2,1117,286
2021-08-27,2211,916805,48766594,53.1,54.0,52.2,53.5,0.0,654,332
2021-08-30,2211,1016378,53112647,52.7,53.0,51.9,52.1,0.0,726,315
2021-08-31,2211,695751,36043240,52.1,52.1,51.6,52.0,-0.1,513,385
2021-09-01,2211,782660,40456083,51.9,52.0,51.5,51.5,-0.5,531,393
2021-09-02,2211,720969,36641942,51.5,51.5,50.5,50.5,-1.0,656,397
2021-09-03,2211,627769,31912754,51.0,51.3,50.5,50.6,0.1,466,392
2021-09-06,2211,639047,32558750,50.7,51.5,50.7,50.8,0.2,403,421
2021-09-07,2211,382206,19439710,50.8,51.3,50.7,50.8,0.0,310,451
2021-09-08,2211,452377,22872658,51.0,51.0,50.3,50.3,-0.5,375,462
2021-09-09,2211,449547,22727950,50.3,51.3,50.1,50.9,0.6,342,408
2021-09-10,2211,816579,42229584,51.6,52.4,51.2,51.6,0.7,633,335
2021-09-13,2211,588983,30677043,51.8,52.3,51.8,52.2,0.6,459,396
2021-09-14,2211,528076,27208704,52.2,52.5,51.1,51.2,-1.0,406,407
2021-09-15,2211,211582,10792859,51.1,51.6,50.6,51.3,0.1,194,544
2021-09-16,2211,230444,11763881,51.3,51.5,50.8,50.8,-0.5,205,499
2021-09-17,2211,500801,25420443,50.6,51.3,50.6,51.1,0.3,407,418
2021-09-22,2211,631525,31791575,50.3,50.6,50.1,50.3,-0.8,472,409
2021-09-23,2211,273204,13798818,50.4,50.8,50.3,50.4,0.1,216,472
2021-09-24,2211,549964,27772328,50.8,50.9,50.2,50.3,-0.1,394,389
2021-09-27,2211,567567,28583392,50.3,50.6,50.1,50.2,-0.1,381,411
2021-09-28,2211,403578,20247608,50.3,50.3,50.1,50.2,0.0,278,439
2021-09-29,2211,513808,25702550,50.0,50.2,49.95,49.95,-0.25,397,462
2021-09-30,2211,335977,16827611,49.95,50.3,49.9,50.2,0.25,274,486
2021-10-01,2211,757776,37608139,50.0,50.0,49.1,49.15,-1.05,614,431
2021-10-04,2211,876981,42351837,49.2,49.5,47.9,48.0,-1.15,665,397
2021-10-05,2211,375939,17918357,47.1,48.4,47.0,48.35,0.35,332,487
2021-10-06,2211,243596,11763475,48.55,48.7,48.0,48.05,-0.3,212,514
2021-10-07,2211,325188,15791025,48.5,48.7,48.3,48.7,0.65,332,496
2021-10-08,2211,255595,12428357,48.95,48.95,48.45,48.6,-0.1,402,485
2021-10-12,2211,466227,22229706,48.5,48.5,47.2,47.2,-1.4,457,443
2021-10-13,2211,299299,14174043,47.95,47.95,47.1,47.2,0.0,246,510
2021-10-14,2211,184499,8730276,47.55,47.55,47.25,47.35,0.15,180,536
2021-10-15,2211,324140,15451560,47.6,47.95,47.5,47.7,0.35,224,463
2021-10-18,2211,177174,8442881,47.55,47.9,47.55,47.75,0.05,163,555
2021-10-19,2211,192373,9195684,47.75,47.9,47.7,47.9,0.15,170,564
2021-10-20,2211,273324,13159155,47.8,48.4,47.65,48.4,0.5,232,484
2021-10-21,2211,433103,21185891,48.5,49.25,48.5,49.2,0.8,350,520
2021-10-22,2211,417021,20546871,49.75,49.75,48.95,49.2,0.0,354,454
2021-10-25,2211,480564,23758480,49.25,49.7,49.0,49.55,0.35,374,402
2021-10-26,2211,743653,36935220,49.65,50.2,49.35,49.4,-0.15,500,412
2021-10-27,2211,433095,21178181,49.35,49.4,48.6,48.6,-0.8,382,442
2021-10-28,2211,258975,12578314,48.6,48.75,48.4,48.6,0.0,203,530
2021-10-29,2211,219910,10692811,48.6,48.95,48.4,48.9,0.3,180,559
2021-11-01,2211,358053,17709513,49.0,49.7,49.0,49.65,0.75,289,509
2021-11-02,2211,292553,14533545,49.8,49.95,49.35,49.35,-0.3,313,540
2021-11-03,2211,303555,15151330,49.4,50.1,49.4,49.9,0.55,305,500
2021-11-04,2211,227168,11356218,50.4,50.4,49.8,49.85,-0.05,160,575
2021-11-05,2211,182545,9066062,49.7,49.9,49.5,49.75,-0.1,192,589
2021-11-08,2211,607813,30928769,50.2,51.2,50.2,51.1,1.35,490,426
2021-11-09,2211,580138,29693226,51.7,51.7,51.0,51.0,-0.1,623,440
2021-11-10,2211,466225,23823875,51.1,51.4,50.8,51.0,0.0,348,480
2021-11-11,2211,829421,43082629,51.2,52.8,51.1,51.8,0.8,645,412
2021-11-12,2211,769704,39447679,52.3,52.3,50.6,50.9,-0.9,617,409
2021-11-15,2211,417491,21216857,51.3,51.3,50.6,50.7,-0.2,300,514
2021-11-16,2211,839722,43107720,50.7,52.0,50.7,51.1,0.4,594,408
2021-11-17,2211,778081,39483286,51.1,51.4,50.4,50.6,-0.5,630,418
2021-11-18,2211,790253,40756272,50.9,52.0,50.8,51.5,0.9,656,406
2021-11-19,2211,452640,23156541,51.8,51.9,50.7,50.8,-0.7,381,480
2021-11-22,2211,241500,12273146,51.2,51.2,50.5,50.9,0.1,181,565
2021-11-23,2211,2293634,121157360,51.7,53.9,51.6,52.2,1.3,1692,288
2021-11-24,2211,2685486,144078241,52.5,54.8,52.0,53.2,1.0,2172,251
2021-11-25,2211,849049,45493945,54.4,54.4,53.2,53.5,0.3,658,369
2021-11-26,2211,1167398,61350826,53.8,53.8,51.9,52.0,-1.5,1050,371
2021-11-29,2211,644325,33000679,51.3,51.8,50.7,51.3,-0.7,453,442
2021-11-30,2211,512949,26812260,52.0,52.7,51.7,52.3,1.0,415,473
2021-12-01,2211,296125,15479423,52.3,52.5,51.8,52.5,0.2,287,508
2021-12-02,2211,637290,33379374,52.5,53.0,51.9,52.7,0.2,525,417
2021-12-03,2211,827117,43775752,53.1,53.6,52.4,52.7,0.0,571,359
2021-12-06,2211,307108,16155097,52.7,53.0,52.4,52.5,-0.2,245,482
2021-12-07,2211,854082,45402472,52.5,53.9,52.5,53.4,0.9,616,380
2021-12-08,2211,1725335,93758598,54.4,55.4,53.7,53.7,0.3,1443,303
2021-12-09,2211,1909738,104715073,54.7,55.3,54.1,54.7,1.0,1302,290
2021-12-10,2211,2347447,130381431,54.9,56.5,54.9,55.9,1.2,1732,249
2021-12-13,2211,1515289,84487799,56.5,56.5,55.1,55.2,-0.7,1621,314
2021-12-14,2211,1123003,62224945,55.4,56.3,55.0,55.0,-0.2,858,360
2021-12-15,2211,524957,28900828,55.2,55.4,54.8,55.0,0.0,365,400
2021-12-16,2211,546610,30101666,55.4,55.5,54.9,55.1,0.1,321,418
2021-12-17,2211,1529123,85276835,55.2,56.5,55.1,55.1,0.0,954,331
2021-12-20,2211,858141,47926674,55.7,56.3,55.3,55.8,0.7,705,357
2021-12-21,2211,744007,41181681,56.0,56.0,55.0,55.4,-0.4,542,352
2021-12-22,2211,788758,43444732,55.6,55.6,54.9,54.9,-0.5,597,355
2021-12-23,2211,758155,41234407,55.1,55.1,54.0,54.1,-0.8,774,380
2021-12-24,2211,569254,31139884,54.7,55.1,54.3,55.0,0.9,425,412
2021-12-27,2211,569381,31053641,55.5,55.5,54.2,54.3,-0.7,469,435
2021-12-28,2211,363762,19846846,54.5,54.9,54.3,54.5,0.2,268,496
2021-12-29,2211,354519,19476254,55.1,55.1,54.5,55.1,0.6,235,505
2021-12-30,2211,267116,14679945,55.2,55.3,54.7,55.0,-0.1,212,535
2022-01-03,2211,1050454,58091959,55.3,55.7,54.8,55.4,0.4,625,364
2022-01-04,2211,332862,18433045,55.4,55.7,55.2,55.2,-0.2,289,508
2022-01-05,2211,508745,28123750,55.0,55.6,54.9,55.3,0.1,349,457
2022-01-06,2211,2512038,141637500,55.3,56.9,55.1,56.3,1.0,1777,254
2022-01-07,2211,1079347,60695685,56.6,57.0,55.5,55.7,-0.6,908,390
2022-01-10,2211,736068,40734338,55.8,55.9,55.0,55.1,-0.6,995,402
2022-01-11,2211,629062,34707102,55.2,55.6,54.8,55.1,0.0,549,455
2022-01-12,2211,802819,43776793,55.4,55.4,54.2,54.3,-0.8,549,381
2022-01-13,2211,566340,30883744,54.2,55.0,54.1,54.2,-0.1,349,415
2022-01-14,2211,844974,45374698,54.8,54.8,53.3,53.3,-0.9,558,395
2022-01-17,2211,594177,31445939,53.3,53.3,52.8,53.0,-0.3,391,383
2022-01-18,2211,522082,27978025,53.0,54.2,53.0,53.8,0.8,355,406
2022-01-19,2211,437923,23373146,53.0,53.7,53.0,53.4,-0.4,324,422
2022-01-20,2211,547448,29600648,53.4,54.8,53.4,54.5,1.1,390,382
2022-01-21,2211,595745,31707520,53.7,54.1,52.8,52.9,-1.6,438,429
2022-01-24,2211,426519,22141596,52.7,52.7,51.5,52.0,-0.9,384,465
2022-01-25,2211,1103833,56605424,52.0,52.5,50.9,51.1,-0.9,743,332
2022-01-26,2211,343851,17712733,50.9,51.9,50.9,51.8,0.7,269,452
2022-02-07,2211,884258,47149706,51.9,54.5,51.9,54.1,2.3,639,341
2022-02-08,2211,614950,33666590,54.5,55.1,54.0,54.8,0.7,492,388
2022-02-09,2211,482159,26471167,54.8,55.3,54.5,54.8,0.0,468,431
2022-02-10,2211,675343,37261418,54.8,55.4,54.8,55.4,0.6,433,380
2022-02-11,2211,442265,24521733,55.2,55.8,55.1,55.2,-0.2,313,427
2022-02-14,2211,455902,24990338,54.9,55.1,54.4,54.7,-0.5,527,430
2022-02-15,2211,309646,16998318,54.7,55.2,54.5,54.6,-0.1,307,464
2022-02-16,2211,471821,25970390,55.0,55.4,54.6,55.2,0.6,316,414
2022-02-17,2211,895196,49738020,55.2,56.3,54.5,55.5,0.3,774,359
2022-02-18,2211,1711279,96727089,55.2,57.5,55.2,56.6,1.1,1051,250
2022-02-21,2211,8633137,513045928,56.8,61.5,56.3,60.2,3.6,5547,86
2022-02-22,2211,4597905,266853530,60.2,60.4,56.0,57.1,-3.1,3546,167
2022-02-23,2211,4051327,238372384,58.1,60.0,57.7,59.3,2.2,2750,151
2022-02-24,2211,4718557,276809685,58.7,60.0,56.8,57.2,-2.1,2856,185
2022-02-25,2211,1264125,73256564,58.1,58.7,57.3,57.8,0.6,935,310
2022-03-01,2211,3240962,192889482,59.0,60.5,58.7,59.1,1.3,1974,195
2022-03-02,2211,16973701,1072578405,59.2,65.0,58.7,62.6,3.5,7865,43
2022-03-03,2211,9252762,582703271,63.2,64.1,61.4,62.7,0.1,4743,94
2022-03-04,2211,3635416,224950065,62.0,62.9,60.8,61.0,-1.7,2415,171
2022-03-07,2211,4027614,240170050,61.0,61.0,58.0,60.0,-1.0,2756,209
2022-03-08,2211,4612573,265364888,59.5,59.5,55.4,56.0,-4.0,3465,193
2022-03-09,2211,1498553,85665979,57.1,57.8,56.3,57.3,1.3,1087,267
2022-03-10,2211,1225690,71198510,58.5,58.6,57.5,57.5,0.2,1012,308
2022-03-11,2211,921110,53396802,57.5,58.7,57.3,58.0,0.5,694,293
2022-03-14,2211,1093472,63102746,58.0,58.5,57.3,57.5,-0.5,888,291
2022-03-15,2211,1485717,84771231,57.9,58.1,56.5,57.0,-0.5,902,283
2022-03-16,2211,4479127,264143203,59.4,60.4,57.6,58.7,1.7,2742,160
2022-03-17,2211,1878630,111313861,59.5,59.7,58.8,59.5,0.8,1169,265
2022-03-18,2211,1102746,64852973,59.4,59.7,58.5,58.5,-1.0,509,323
2022-03-21,2211,1848781,110782354,59.4,60.5,58.9,60.4,1.9,1052,251
2022-03-22,2211,1529914,91470169,60.0,60.3,59.3,60.3,-0.1,1152,254
2022-03-23,2211,655236,39187998,60.3,60.3,59.5,59.9,-0.4,524,397
2022-03-24,2211,2968538,181574961,60.5,62.6,60.2,60.7,0.8,2144,205
2022-03-25,2211,1122692,67637749,61.0,61.0,59.9,60.0,-0.7,835,317
2022-03-28,2211,883777,52308353,59.9,59.9,58.8,59.3,-0.7,594,349
2022-03-29,2211,2665732,157846275,59.3,59.6,58.6,58.7,-0.6,454,208
2022-03-30,2211,698894,41322939,59.3,59.9,58.5,59.5,0.8,523,386
2022-03-31,2211,3292331,201367647,59.6,62.0,59.6,61.7,2.2,2069,186
2022-04-01,2211,3740028,233456671,61.2,63.4,61.0,62.1,0.4,2546,155
2022-04-06,2211,4226188,267162245,62.1,64.0,62.1,63.8,1.7,2946,159
2022-04-07,2211,3564496,224240977,64.9,64.9,61.5,61.6,-2.2,2907,214
2022-04-08,2211,1232110,76546403,62.1,62.7,61.5,62.0,0.4,877,289
2022-04-11,2211,1187650,72415499,61.6,62.7,60.2,60.5,-1.5,1130,337
2022-04-12,2211,1085143,64836335,60.8,60.8,59.1,59.6,-0.9,737,316
2022-04-13,2211,963601,58446706,60.4,61.2,60.0,61.0,1.4,740,313
2022-04-14,2211,879095,53304421,61.5,61.6,60.0,60.5,-0.5,630,332
2022-04-15,2211,933330,56306283,60.9,61.2,59.8,59.8,-0.7,572,344
2022-04-18,2211,940706,55230012,59.8,59.9,58.3,58.5,-1.3,808,333
2022-04-19,2211,634640,37435090,59.2,59.4,58.6,59.1,0.6,463,360
2022-04-20,2211,744893,43655201,59.8,59.8,58.3,58.7,-0.4,539,365
2022-04-21,2211,355103,20815812,59.2,59.2,58.4,58.5,-0.2,256,453
2022-04-22,2211,526240,31053513,58.5,59.6,58.5,59.5,1.0,385,408
2022-04-25,2211,874213,51010718,59.0,59.0,58.1,58.3,-1.2,571,393
2022-04-26,2211,625508,36640730,58.5,59.2,58.2,58.4,0.1,483,377
2022-04-27,2211,807062,47083325,58.0,59.0,57.7,58.4,0.0,492,391
2022-04-28,2211,413919,24431797,58.5,59.3,58.5,58.8,0.4,398,404
2022-04-29,2211,354560,20936660,59.0,59.3,58.8,58.9,0.1,279,431
2022-05-03,2211,612302,35665540,58.8,58.9,57.9,58.5,-0.4,334,336
2022-05-04,2211,176330,10344175,58.8,58.9,58.5,58.6,0.1,157,496
2022-05-05,2211,397551,23568628,58.7,59.8,58.7,59.2,0.6,300,411
2022-05-06,2211,357149,20952786,58.0,59.0,58.0,58.8,-0.4,295,419
2022-05-09,2211,462540,27027907,58.1,59.0,58.1,58.9,0.1,442,443
2022-05-10,2211,1121166,66496128,59.1,60.2,58.8,59.1,0.2,763,295
2022-05-11,2211,1167453,68531905,59.1,59.6,57.8,59.4,0.3,835,279
2022-05-12,2211,1414563,82575328,59.3,59.3,57.9,58.1,-1.3,715,285
2022-05-13,2211,2561287,155154812,58.5,61.5,58.5,61.0,2.9,1732,182
2022-05-16,2211,1624147,99851461,61.2,62.3,60.3,61.8,0.8,1102,223
2022-05-17,2211,905356,55695521,62.4,62.5,60.7,61.0,-0.8,625,273
2022-05-18,2211,609461,37132023,61.0,61.5,60.6,60.9,-0.1,583,344
2022-05-19,2211,659072,39676964,60.8,60.8,59.5,60.4,-0.5,449,323
2022-05-20,2211,746595,45715330,60.3,61.7,60.3,61.6,1.2,512,287
2022-05-23,2211,1174178,73136394,61.6,62.7,61.4,62.5,0.9,696,250
2022-05-24,2211,442983,27587906,62.0,62.9,61.8,62.3,-0.2,423,371
2022-05-25,2211,599838,37460335,62.4,62.7,62.1,62.5,0.2,458,316
2022-05-26,2211,632554,39439317,62.5,63.0,61.7,61.8,-0.7,491,315
2022-05-27,2211,646104,40060130,62.4,62.5,61.2,62.2,0.4,510,314
2022-05-30,2211,508961,31790298,62.3,62.7,62.0,62.5,0.3,385,370
2022-05-31,2211,2539775,155410439,62.8,62.8,60.8,60.8,-1.7,643,201
2022-06-01,2211,1135625,68348467,61.0,61.4,59.6,60.1,-0.7,1317,271
2022-06-02,2211,326009,19661909,60.5,60.6,59.8,60.2,0.1,326,413
2022-06-06,2211,251283,15190256,60.7,60.7,60.0,60.5,0.3,189,444
2022-06-07,2211,233826,14131569,60.6,60.6,60.2,60.4,-0.1,226,446
2022-06-08,2211,298410,18138761,60.4,61.1,60.3,60.6,0.2,219,431
2022-06-09,2211,320510,19378839,60.2,60.7,60.1,60.4,-0.2,214,405
2022-06-10,2211,824027,49523452,59.9,60.8,59.9,60.1,-0.3,495,297
2022-06-13,2211,513237,30287489,58.9,59.6,58.5,59.1,-1.0,434,416
2022-06-14,2211,381886,22454218,58.5,59.2,58.5,59.0,-0.1,259,435
2022-06-15,2211,331254,19651715,59.0,59.7,59.0,59.3,0.3,295,448
2022-06-16,2211,606084,36262556,59.8,60.1,59.3,59.4,0.1,408,383
2022-06-17,2211,394658,23413570,59.0,59.7,58.7,59.2,-0.2,279,442
2022-06-20,2211,672482,39593574,59.2,59.3,58.6,58.7,-0.5,469,390
2022-06-21,2211,558102,33244102,58.9,60.3,58.9,60.1,1.4,334,379
2022-06-22,2211,634518,38217089,60.2,60.6,59.5,59.6,-0.5,448,352
2022-06-23,2211,768056,46445358,60.0,61.2,59.9,60.5,0.9,614,327
2022-06-24,2211,575202,34791978,60.5,61.1,60.2,60.2,-0.3,368,360
2022-06-27,2211,454540,27649746,60.6,61.2,60.3,61.0,0.8,319,398
2022-06-28,2211,291587,17640335,61.2,61.2,60.2,60.5,-0.5,222,402
2022-06-29,2211,205779,12422274,59.5,60.8,59.5,60.5,0.0,178,461
2022-06-30,2211,530254,31885696,59.8,60.6,59.2,60.3,-0.2,514,392
2022-07-01,2211,478024,28634273,60.0,60.7,58.9,58.9,-1.4,418,453
2022-07-04,2211,488752,29128290,58.5,60.1,58.5,59.8,0.9,307,380
2022-07-05,2211,468840,28431476,60.7,61.2,60.0,60.9,1.1,355,393
2022-07-06,2211,275745,16625203,60.9,60.9,59.7,59.8,-1.1,223,460
2022-07-07,2211,213795,12853496,60.5,60.5,59.6,60.3,0.5,192,495
2022-07-08,2211,413975,24869904,60.0,60.6,59.8,59.8,-0.5,267,404
2022-07-11,2211,283705,17073669,60.3,60.6,59.6,60.3,0.5,205,423
2022-07-12,2211,353836,21221466,59.7,60.5,59.7,59.9,-0.4,264,448
2022-07-13,2211,331820,19992574,60.0,60.6,59.8,60.1,0.2,273,422
2022-07-14,2211,380468,22999778,59.7,61.0,59.6,61.0,0.9,288,379
2022-07-15,2211,739041,45199693,61.0,61.5,60.6,61.5,0.5,513,311
2022-07-18,2211,394893,24252823,61.5,61.6,60.7,61.4,-0.1,425,392
2022-07-19,2211,1252201,78644665,61.5,63.8,61.3,62.3,0.9,859,255
2022-07-20,2211,647415,40506071,63.0,63.7,61.6,61.9,-0.4,651,356
2022-07-21,2211,556445,34778590,62.4,62.9,61.7,62.8,0.9,349,351
2022-07-22,2211,219102,13642069,63.4,63.4,61.9,62.2,-0.6,286,477
2022-07-25,2211,216941,13503409,62.4,62.6,61.6,62.4,0.2,214,444
2022-07-26,2211,1301598,81257999,62.0,62.2,61.6,62.2,-0.2,159,241
2022-07-27,2211,596178,37463241,62.0,63.3,62.0,63.1,0.9,356,307
2022-07-28,2211,143651,8968880,62.8,62.9,62.1,62.5,-0.6,171,499
2022-07-29,2211,243089,15263609,62.8,63.2,62.1,63.2,0.7,207,437
2022-08-01,2211,492700,31202054,62.8,63.5,62.8,63.2,0.0,298,353
2022-08-02,2211,223174,14012557,62.6,63.2,62.5,63.2,0.0,225,500
2022-08-03,2211,191963,12078975,63.2,63.2,62.7,62.9,-0.3,195,491
2022-08-04,2211,206267,12920410,62.7,62.9,62.4,62.6,-0.3,267,504
2022-08-05,2211,346707,21918960,62.6,63.6,62.4,63.3,0.7,310,413
2022-08-08,2211,290653,18417102,63.3,63.6,62.7,63.5,0.2,184,443
2022-08-09,2211,201825,12810156,63.5,63.6,63.2,63.5,0.0,177,491
2022-08-10,2211,489248,31045072,63.1,63.6,63.1,63.5,0.0,250,362
2022-08-11,2211,997721,64337750,64.5,65.6,63.8,64.1,0.6,731,298
2022-08-12,2211,369830,23743049,64.2,65.0,63.8,63.8,-0.3,478,450
2022-08-15,2211,345987,22163187,64.0,64.5,63.7,63.9,0.1,358,481
2022-08-16,2211,227502,14471432,63.9,64.3,63.0,63.7,-0.2,208,513
2022-08-17,2211,466812,29612583,63.1,63.8,63.1,63.3,-0.4,733,407
2022-08-18,2211,199453,12659393,63.3,63.7,63.0,63.7,0.4,316,520
2022-08-19,2211,282102,17907676,63.3,63.9,63.3,63.5,-0.2,412,487
2022-08-22,2211,284406,18053425,63.1,63.7,63.1,63.4,-0.1,472,466
2022-08-23,2211,253694,16096720,63.8,63.8,63.1,63.4,0.0,186,473
2022-08-24,2211,274197,17433782,63.5,63.9,63.4,63.4,0.0,459,479
2022-08-25,2211,324004,20582343,63.5,63.7,63.3,63.5,0.1,601,451
2022-08-26,2211,722498,46156657,64.0,64.3,63.6,64.2,0.7,653,347
2022-08-29,2211,573277,34933567,60.5,61.5,60.3,61.3,0.0,787,384
2022-08-30,2211,187020,11525288,60.9,61.9,60.9,61.6,0.3,222,515
2022-08-31,2211,306910,18856621,61.0,61.6,61.0,61.5,-0.1,295,467
2022-09-01,2211,569951,36060472,61.1,61.5,61.0,61.4,-0.1,246,375
2022-09-02,2211,191940,11804293,61.4,61.7,61.3,61.5,0.1,226,518
2022-09-05,2211,162689,10009136,61.3,62.0,61.3,61.5,0.0,303,570
2022-09-06,2211,446293,27126727,61.3,61.8,60.0,60.2,-1.3,350,406
2022-09-07,2211,202762,12209693,60.9,60.9,60.0,60.2,0.0,190,520
2022-09-08,2211,90514,5480456,60.5,60.7,60.3,60.5,0.3,92,618
2022-09-12,2211,248822,15035772,60.4,60.6,60.0,60.6,0.1,177,492
2022-09-13,2211,154225,9323842,60.2,60.6,60.1,60.5,-0.1,155,547
2022-09-14,2211,228896,13725652,60.0,60.4,59.3,60.2,-0.3,146,485
2022-09-15,2211,85167,5135276,59.5,60.9,59.5,60.3,0.1,97,646
2022-09-16,2211,133875,8041358,59.6,60.3,59.6,60.1,-0.2,119,581
2022-09-19,2211,338696,20246520,59.7,60.1,59.4,59.4,-0.7,233,425
2022-09-20,2211,189936,11281509,59.4,59.6,59.1,59.4,0.0,186,463
2022-09-21,2211,177914,10526557,59.0,59.5,59.0,59.0,-0.4,184,514
2022-09-22,2211,244398,14236627,58.2,58.7,57.7,58.5,-0.5,209,476
2022-09-23,2211,218514,12764660,57.7,58.7,57.7,58.4,-0.1,159,493
2022-09-26,2211,369436,21140995,58.0,58.0,56.9,57.3,-1.1,256,503
2022-09-27,2211,190468,10889750,57.3,57.4,56.9,57.1,-0.2,159,510
2022-09-28,2211,519662,29084209,57.1,57.1,55.1,55.1,-2.0,360,419
2022-09-29,2211,262391,14507866,55.3,55.6,55.0,55.4,0.3,159,481
2022-09-30,2211,264894,14299892,54.5,54.8,53.2,53.3,-2.1,249,476
2022-10-03,2211,167353,8770650,52.5,53.0,52.1,52.1,-1.2,157,499
2022-10-04,2211,116364,6108569,52.4,52.7,52.3,52.5,0.4,113,584
2022-10-05,2211,237392,12605158,52.5,53.4,52.5,53.4,0.9,196,486
2022-10-06,2211,137901,7232800,53.0,53.1,52.1,52.4,-1.0,167,524
2022-10-07,2211,186915,9658301,52.7,52.7,51.4,51.6,-0.8,198,479
2022-10-11,2211,369910,18298076,51.0,51.0,49.05,49.05,-2.55,368,457
2022-10-12,2211,172306,8462057,49.1,49.55,48.4,49.4,0.35,157,535
2022-10-13,2211,494367,23598888,48.85,49.65,46.95,46.95,-2.45,328,461
2022-10-14,2211,174232,8455717,47.6,49.05,47.6,48.55,1.6,171,546
2022-10-17,2211,223574,10685888,48.7,48.7,47.45,48.3,-0.25,188,491
2022-10-18,2211,170200,8153693,48.95,48.95,47.65,47.9,-0.4,150,505
2022-10-19,2211,99795,4814443,47.55,48.6,47.55,48.15,0.25,145,602
2022-10-20,2211,174087,8170508,47.0,47.3,46.6,47.05,-1.1,151,569
2022-10-21,2211,83658,3983929,46.85,48.0,46.8,47.75,0.7,85,619
2022-10-24,2211,83465,4043188,47.85,48.8,47.85,48.25,0.5,96,624
2022-10-25,2211,105221,5062890,48.6,48.65,47.8,47.9,-0.35,83,598
2022-10-26,2211,69540,3310941,47.55,48.15,47.0,47.5,-0.4,73,642
2022-10-27,2211,138167,6694729,48.7,48.95,47.8,48.75,1.25,129,538
2022-10-28,2211,104725,5050258,48.5,48.5,47.8,47.9,-0.85,108,559
2022-10-31,2211,46819,2242453,48.0,48.2,47.6,48.2,0.3,71,668
2022-11-01,2211,40410,1952469,48.0,48.7,47.8,48.35,0.15,47,708
2022-11-02,2211,84734,4086273,48.1,48.8,47.7,48.7,0.35,83,604
2022-11-03,2211,85769,4174269,48.7,49.2,48.2,48.6,-0.1,85,583
2022-11-04,2211,79473104,3830609540,48.25,48.55,48.1,48.2,-0.4,131,10
2022-11-07,2211,573679,29071642,50.0,52.0,49.5,50.9,2.7,472,360
2022-11-08,2211,175388,8957818,50.9,51.5,50.5,51.3,0.4,152,539
2022-11-09,2211,156721,8038294,51.7,51.7,51.2,51.2,-0.1,128,563
2022-11-10,2211,270904,13998790,51.7,52.2,51.3,51.6,0.4,192,450
2022-11-11,2211,211171,10922764,52.6,52.6,51.5,51.6,0.0,169,564
2022-11-14,2211,281679,14719913,52.0,52.6,51.8,52.3,0.7,264,505
2022-11-15,2211,120572,6307481,51.8,52.7,51.8,52.7,0.4,113,640
2022-11-16,2211,223556,11612083,53.0,53.0,51.5,51.5,-1.2,154,539
2022-11-17,2211,47310,2443014,51.6,52.0,51.4,51.6,0.1,63,727
2022-11-18,2211,92461,4760264,51.6,52.0,51.3,51.3,-0.3,99,643
2022-11-21,2211,53094,2734554,51.4,51.8,51.3,51.6,0.3,62,678
2022-11-22,2211,162134,8303243,51.6,51.6,51.1,51.2,-0.4,107,508
2022-11-23,2211,87089,4506075,51.7,51.9,51.5,51.7,0.5,82,616
2022-11-24,2211,141977,7406375,51.7,52.6,51.7,52.4,0.7,131,567
2022-11-25,2211,134871,7066131,52.4,52.8,52.0,52.0,-0.4,142,578
2022-11-28,2211,207205,10687169,52.1,52.1,51.3,51.9,-0.1,189,498
2022-11-29,2211,87710,4563398,51.9,52.4,51.6,52.2,0.3,64,627
2022-11-30,2211,130221,6816691,52.0,52.6,52.0,52.6,0.4,133,631
2022-12-01,2211,172663,9073560,52.7,52.8,52.3,52.8,0.2,170,623
2022-12-02,2211,268278,14164263,52.8,52.9,52.6,52.9,0.1,85,500
2022-12-05,2211,120329,6339266,52.5,52.8,52.5,52.8,-0.1,115,659
2022-12-06,2211,186668,9788548,52.7,52.9,52.2,52.2,-0.6,163,578
2022-12-07,2211,204200,10591310,52.0,52.2,51.6,51.6,-0.6,176,553
2022-12-08,2211,58861,3032965,51.6,51.7,51.4,51.7,0.1,62,689
2022-12-09,2211,109499,5689705,51.8,52.2,51.7,51.7,0.0,103,603
2022-12-12,2211,73310,3763839,51.2,51.7,51.1,51.5,-0.2,139,657
2022-12-13,2211,201337,10479616,51.5,52.6,51.3,51.7,0.2,146,542
2022-12-14,2211,223280,11671783,51.8,52.5,51.8,52.0,0.3,177,522
2022-12-15,2211,222207,11688047,52.3,52.9,52.3,52.4,0.4,165,509
2022-12-16,2211,355015,18503195,51.9,52.4,51.8,52.2,-0.2,204,484
2022-12-19,2211,122109,6374471,52.0,52.3,52.0,52.1,-0.1,88,586
2022-12-20,2211,280594,14442819,52.0,52.1,51.0,51.0,-1.1,188,525
2022-12-21,2211,576372,30082507,51.8,52.4,51.5,52.4,1.4,292,347
2022-12-22,2211,590129,31382047,54.1,54.1,52.7,52.7,0.3,355,337
2022-12-23,2211,373867,19580887,52.1,52.6,52.1,52.4,-0.3,186,391
2022-12-26,2211,275305,14600990,53.4,53.5,52.8,52.8,0.4,196,409
2022-12-27,2211,279595,14700782,53.0,53.0,52.1,52.5,-0.3,141,411
2022-12-28,2211,38516635,1987628460,52.8,52.8,51.3,51.6,-0.9,183,16
2022-12-29,2211,448899,23191844,51.8,52.0,51.3,51.7,0.1,252,366
2022-12-30,2211,208093,10771029,51.8,52.1,51.6,51.6,-0.1,139,447
2023-01-03,2211,10218122,525194562,51.7,51.7,51.1,51.4,-0.2,222,55
2023-01-04,2211,482645,25210190,51.7,52.8,51.7,52.7,1.3,343,345
2023-01-05,2211,176477,9273324,52.8,52.9,52.2,52.3,-0.4,184,499
2023-01-06,2211,111711,5863047,52.0,52.8,52.0,52.4,0.1,130,539
2023-01-09,2211,151757,7976126,52.6,52.8,52.1,52.7,0.3,133,559
2023-01-10,2211,75463,3964145,52.9,52.9,52.3,52.4,-0.3,82,657
2023-01-11,2211,220148,11592132,52.5,53.2,52.3,52.3,-0.1,248,484
2023-01-12,2211,161579,8436156,52.3,52.7,51.9,52.0,-0.3,167,515
2023-01-13,2211,176819,9202760,52.1,52.2,52.0,52.0,0.0,159,490
2023-01-16,2211,195216,10121075,52.1,52.1,51.7,51.8,-0.2,166,466
2023-01-17,2211,93287,4849654,51.8,52.2,51.8,52.0,0.2,110,589
2023-01-30,2211,141557,7432621,52.1,52.9,52.1,52.4,0.4,160,612
2023-01-31,2211,321452,17063443,52.5,53.5,52.5,53.2,0.8,265,479
2023-02-01,2211,309024,16472396,53.2,53.7,53.0,53.2,0.0,265,497
2023-02-02,2211,321124,17097474,53.2,53.7,53.0,53.1,-0.1,244,511
2023-02-03,2211,450441,24053857,53.1,53.8,53.1,53.6,0.5,330,451
2023-02-06,2211,192474,10337209,54.0,54.0,53.5,53.7,0.1,250,544
2023-02-07,2211,192863,10324737,53.8,53.9,53.3,53.5,-0.2,200,532
2023-02-08,2211,143872,7718579,53.5,53.9,53.3,53.8,0.3,219,610
2023-02-09,2211,156761,8407203,53.8,53.9,53.5,53.6,-0.2,183,574
2023-02-10,2211,212939,11336460,53.8,53.8,53.0,53.1,-0.5,214,558
2023-02-13,2211,146938,7707251,52.9,52.9,52.2,52.5,-0.6,207,589
2023-02-14,2211,103425,5470992,52.9,53.1,52.7,53.1,0.6,153,629
2023-02-15,2211,92967,4907392,52.9,53.0,52.6,52.8,-0.3,144,674
2023-02-16,2211,95663,5088062,53.1,53.4,53.0,53.2,0.4,231,658
2023-02-17,2211,85472,4535393,53.1,53.3,52.9,53.3,0.1,164,675
2023-02-20,2211,254760,13527938,53.3,53.5,52.9,52.9,-0.4,295,568
2023-02-21,2211,251999,13312261,53.1,53.1,52.6,52.8,-0.1,490,560
2023-02-22,2211,473157,24810214,52.6,52.9,52.2,52.2,-0.6,394,455
2023-02-23,2211,794546,41603115,52.2,53.1,52.2,52.2,0.0,527,395
2023-02-24,2211,787623,41313666,52.2,53.1,52.0,52.6,0.4,556,380
2023-03-01,2211,1015401,53042876,52.8,53.2,52.0,52.1,-0.5,613,347
2023-03-02,2211,496965,25969371,52.1,52.5,52.1,52.1,0.0,405,434
2023-03-03,2211,602633,31541941,52.6,52.7,52.2,52.2,0.1,503,434
2023-03-06,2211,538356,28257362,52.6,52.8,52.3,52.3,0.1,358,484
2023-03-07,2211,661260,34619148,52.3,52.7,52.2,52.7,0.4,454,438
2023-03-08,2211,388268,20500955,52.7,53.0,52.5,53.0,0.3,379,531
2023-03-09,2211,651568,34469110,53.4,53.4,52.6,52.7,-0.3,440,444
2023-03-10,2211,614242,32057498,52.7,52.7,52.0,52.2,-0.5,503,484
2023-03-13,2211,4274499,237409842,54.8,56.4,54.5,56.0,3.8,2808,182
2023-03-14,2211,5023640,283954309,55.8,57.8,55.2,56.9,0.9,3133,144
2023-03-15,2211,3005461,170598135,57.2,57.7,56.0,56.3,-0.6,1870,210
2023-03-16,2211,1588621,88668246,56.3,56.3,55.4,55.6,-0.7,970,307
2023-03-17,2211,1715298,96167941,55.9,56.4,55.8,55.8,0.2,875,288
2023-03-20,2211,1206951,67683784,56.3,56.5,55.9,56.2,0.4,789,294
2023-03-21,2211,1029267,57685015,56.2,56.4,55.9,55.9,-0.3,686,338
2023-03-22,2211,850605,47735188,56.2,56.4,56.0,56.2,0.3,552,363
2023-03-23,2211,839571,46991886,56.0,56.1,55.9,56.0,-0.2,521,361
2023-03-24,2211,1036320,57805428,55.9,56.0,55.6,55.7,-0.3,644,346
2023-03-27,2211,859066,48061547,55.9,56.4,55.7,56.1,0.4,561,366
2023-03-28,2211,1351874,75302242,56.2,56.3,55.5,55.7,-0.4,786,302
2023-03-29,2211,837094,46717281,56.0,56.2,55.5,55.8,0.1,474,343
2023-03-30,2211,710151,39584222,56.0,56.0,55.6,55.7,-0.1,505,366
2023-03-31,2211,782941,43602875,55.8,55.9,55.6,55.8,0.1,445,359
2023-04-06,2211,866947,48341994,56.0,56.2,55.6,55.9,0.1,613,363
2023-04-07,2211,906251,50974543,55.8,56.7,55.7,56.5,0.6,620,325
2023-04-10,2211,867755,49123684,56.5,56.9,56.3,56.5,0.0,622,353
2023-04-11,2211,655138,37023219,56.6,56.8,56.4,56.7,0.2,434,413
2023-04-12,2211,1430175,81732522,56.8,57.5,56.7,57.4,0.7,890,326
2023-04-13,2211,3288926,194251510,58.0,60.5,58.0,58.7,1.3,2352,215
2023-04-14,2211,3482335,208597435,59.6,60.7,59.0,60.2,1.5,2327,204
2023-04-17,2211,1924968,115089814,60.6,60.7,59.4,59.7,-0.5,1850,293
2023-04-18,2211,943118,56265804,59.7,60.1,59.2,59.4,-0.3,804,395
2023-04-19,2211,625602,37044156,59.5,59.7,59.0,59.1,-0.3,836,459
2023-04-20,2211,764323,44948199,59.1,59.4,58.3,58.8,-0.3,635,431
2023-04-21,2211,796778,46494264,59.0,59.0,58.0,58.3,-0.5,754,433
2023-04-24,2211,1019212,60260811,58.5,59.6,58.1,59.5,1.2,783,317
2023-04-25,2211,903068,52927919,59.6,59.9,58.0,58.2,-1.3,850,394
2023-04-26,2211,593706,34411916,57.9,58.3,57.6,58.3,0.1,500,403
2023-04-27,2211,471176,27504172,58.6,58.7,58.0,58.5,0.2,336,404
2023-04-28,2211,657030,38603530,58.7,59.1,58.5,59.0,0.5,454,383
2023-05-02,2211,782812,46361698,59.5,59.5,58.9,59.4,0.4,519,357
2023-05-03,2211,590549,34913708,59.2,59.5,58.8,59.4,0.0,461,372
2023-05-04,2211,2906888,176311825,60.1,61.6,59.5,61.2,1.8,1830,197
2023-05-05,2211,1197836,72451056,61.1,61.2,60.0,60.4,-0.8,840,303
2023-05-08,2211,1535267,94356467,61.2,61.8,60.7,61.4,1.0,1137,289
2023-05-09,2211,833851,50696600,61.4,61.5,60.4,60.5,-0.9,731,363
2023-05-10,2211,557079,33679987,60.7,60.8,60.0,60.6,0.1,479,385
2023-05-11,2211,1069821,64298530,61.0,61.0,59.7,60.3,-0.3,729,334
2023-05-12,2211,576257,34885895,60.3,60.9,60.0,60.7,0.4,381,366
2023-05-15,2211,827069,50403692,61.8,61.8,60.5,60.8,0.1,507,327
2023-05-16,2211,878432,53454199,61.1,61.3,60.6,60.9,0.1,559,326
2023-05-17,2211,713487,43458127,61.0,61.1,60.7,61.0,0.1,613,398
2023-05-18,2211,606424,36869069,61.1,61.2,60.5,60.8,-0.2,554,407
2023-05-19,2211,564094,34244102,60.9,60.9,60.6,60.6,-0.2,431,405
2023-05-22,2211,971507,59457926,60.7,61.5,60.6,61.5,0.9,615,330
2023-05-23,2211,457334,28017865,61.5,61.5,61.0,61.2,-0.3,424,435
2023-05-24,2211,440201,26899803,61.2,61.4,60.9,61.3,0.1,325,443
2023-05-25,2211,289670,17694171,61.1,61.3,60.9,61.1,-0.2,239,510
2023-05-26,2211,501360,30484306,61.0,61.0,60.5,60.7,-0.4,382,465
2023-05-29,2211,905968,55023093,60.7,61.2,60.4,60.9,0.2,616,357
2023-05-30,2211,680519,41505276,60.8,61.2,60.8,61.1,0.2,363,382
2023-05-31,2211,1078524,66402897,61.1,62.0,61.1,62.0,0.9,756,348
2023-06-01,2211,2338965,146825761,62.3,63.7,62.0,63.4,1.4,1706,251
2023-06-02,2211,3697868,231143028,63.9,64.0,61.7,62.1,-1.3,2658,208
2023-06-05,2211,1822352,113938758,62.2,63.0,62.1,62.5,0.4,1074,297
2023-06-06,2211,1587917,99692190,62.5,63.1,62.4,63.0,0.5,1003,316
2023-06-07,2211,2315401,147620535,63.4,64.5,63.1,64.3,1.3,1400,268
2023-06-08,2211,3447190,223275976,64.2,65.4,63.4,64.6,0.3,2231,228
2023-06-09,2211,1947209,124998424,65.0,65.1,63.8,64.2,-0.4,1622,296
2023-06-12,2211,1175301,74893637,64.1,64.3,63.3,64.1,-0.1,991,362
2023-06-13,2211,975537,62628944,63.9,64.5,63.8,64.3,0.2,723,377
2023-06-14,2211,2184260,143145078,64.3,66.3,64.3,66.3,2.0,1720,278
2023-06-15,2211,2951573,199265791,66.9,68.3,66.7,68.3,2.0,2250,235
2023-06-16,2211,4865382,328952721,68.9,69.3,66.6,66.6,-1.7,3199,195
2023-06-19,2211,4138837,278396161,67.2,67.9,66.3,67.8,1.2,1796,192
2023-06-20,2211,4084222,276513444,67.9,68.6,67.1,67.7,-0.1,2023,183
2023-06-21,2211,3646653,244398768,68.0,68.5,66.4,66.5,-1.2,1987,195
2023-06-26,2211,3165808,211448526,66.4,67.9,65.9,66.0,-0.5,1631,202
2023-06-27,2211,1337252,88561367,66.2,66.6,65.5,66.2,0.2,925,320
2023-06-28,2211,1602530,106955024,67.0,67.6,65.9,66.0,-0.2,962,286
2023-06-29,2211,3637574,240504662,66.9,67.2,65.5,65.6,-0.4,1615,182
2023-06-30,2211,1984660,132485986,65.8,67.2,65.7,67.0,1.4,1188,261
2023-07-03,2211,2183923,145937585,67.0,67.6,64.2,66.4,-0.6,1229,260
2023-07-04,2211,2190412,145282213,66.9,66.9,65.8,65.9,-0.5,1245,275
2023-07-05,2211,2712790,178691401,66.3,66.6,65.1,65.3,-0.6,1440,254
2023-07-06,2211,2987816,195181552,65.7,65.9,64.6,65.3,0.0,1851,248
2023-07-07,2211,1641741,107006035,65.5,65.6,64.9,65.0,-0.3,898,323
