date,stock_id,Trading_Volume,Trading_money,open,max,min,close,spread,Trading_turnover,Trading_money_rank
2020-10-12,2247,2978312,868076372,300.0,301.5,283.0,285.5,0.0,2605,43
2020-10-13,2247,1359773,379370592,285.5,287.0,272.0,279.0,-6.5,1272,99
2020-10-14,2247,1223298,349437910,279.0,292.0,278.0,291.0,12.0,1127,106
2020-10-15,2247,776759,221356592,285.0,289.0,280.5,284.5,-6.5,747,139
2020-10-16,2247,383895,108811520,282.0,286.0,281.0,282.5,-2.0,347,220
2020-10-19,2247,927392,254207300,282.0,282.0,271.5,273.0,-9.5,891,111
2020-10-20,2247,834916,220868272,271.0,271.0,261.0,262.5,-10.5,820,125
2020-10-21,2247,496942,133891134,264.5,272.0,264.5,271.0,8.5,500,190
2020-10-22,2247,262855,70219774,269.5,269.5,266.0,268.0,-3.0,271,306
2020-10-23,2247,274438,74755727,269.0,274.5,269.0,273.0,5.0,295,241
2020-10-26,2247,205739,55190366,272.0,272.0,266.0,267.5,-5.5,292,307
2020-10-27,2247,156139,41289255,265.0,265.0,262.0,264.0,-3.5,250,333
2020-10-28,2247,196292,52097725,263.0,269.0,263.0,264.0,0.0,268,315
2020-10-29,2247,265769,69215335,262.0,262.0,259.0,261.5,-2.5,301,263
2020-10-30,2247,214872,55774393,261.5,261.5,258.5,258.5,-3.0,294,305
2020-11-02,2247,609260,152067725,259.0,259.0,246.0,248.0,-10.5,730,148
2020-11-03,2247,279225,69840440,250.0,253.0,248.5,248.5,0.5,346,260
2020-11-04,2247,165946,41558038,251.5,252.0,249.0,250.5,2.0,210,325
2020-11-05,2247,384589,99030546,250.5,262.5,249.0,258.0,7.5,440,212
2020-11-06,2247,208581,53444847,260.0,260.0,255.0,255.0,-3.0,262,301
2020-11-09,2247,186159,47984464,257.5,260.0,256.0,257.5,2.5,222,343
2020-11-10,2247,228384,58371920,259.0,259.0,254.0,255.5,-2.0,269,353
2020-11-11,2247,286194,72720688,256.5,257.5,252.0,253.0,-2.5,367,318
2020-11-12,2247,195267,49106534,255.0,255.5,249.5,251.0,-2.0,235,365
2020-11-13,2247,135316,34113661,251.0,253.5,250.0,253.0,2.0,162,378
2020-11-16,2247,552742,143025214,257.0,261.5,253.0,261.0,8.0,595,236
2020-11-17,2247,348596,90686287,263.0,264.0,258.0,258.5,-2.5,377,292
2020-11-18,2247,222841,57092983,258.5,258.5,253.5,257.5,-1.0,265,345
2020-11-19,2247,128137,32959846,256.0,258.5,255.5,257.5,0.0,176,414
2020-11-20,2247,129598,33488544,258.5,259.5,257.0,259.0,1.5,184,414
2020-11-23,2247,241941,63061771,260.0,262.0,259.5,261.0,2.0,306,355
2020-11-24,2247,233811,61368886,262.5,264.5,261.0,262.0,1.0,282,356
2020-11-25,2247,257753,67645824,262.5,264.0,261.0,261.0,-1.0,295,359
2020-11-26,2247,211575,54832681,262.5,262.5,258.0,258.0,-3.0,267,362
2020-11-27,2247,150688,38729466,258.0,259.0,255.5,257.0,-1.0,211,417
2020-11-30,2247,206842,52933652,257.0,258.0,254.5,254.5,-2.5,262,422
2020-12-01,2247,256295,64760615,256.0,256.0,251.5,252.5,-2.0,294,369
2020-12-02,2247,161340,40893513,253.5,255.0,251.5,254.0,1.5,200,439
2020-12-03,2247,266717,67228624,254.5,254.5,250.5,251.5,-2.5,316,374
2020-12-04,2247,375316,95879906,251.5,257.5,251.5,257.5,6.0,381,320
2020-12-07,2247,355514,91906120,260.0,261.0,257.0,258.5,1.0,352,337
2020-12-08,2247,191746,49617383,259.0,260.0,257.5,258.0,-0.5,244,411
2020-12-09,2247,184749,47661170,258.5,259.5,256.5,258.5,0.5,238,424
2020-12-10,2247,158106,40788940,258.5,258.5,256.5,258.0,-0.5,201,442
2020-12-11,2247,247190,63016961,258.0,258.5,253.0,255.0,-3.0,280,374
2020-12-14,2247,131411,33280642,255.0,255.0,252.5,253.5,-1.5,154,428
2020-12-15,2247,144312,36379409,253.5,254.0,251.0,251.5,-2.0,181,437
2020-12-16,2247,73508,18602634,252.0,253.5,252.0,253.0,1.5,110,519
2020-12-17,2247,99431,25179173,253.0,253.5,253.0,253.0,0.0,135,445
2020-12-18,2247,69272,17491928,253.0,253.0,252.0,252.0,-1.0,130,524
2020-12-21,2247,110006,27776784,252.5,253.5,252.0,252.5,0.5,128,490
2020-12-22,2247,284109,72760693,252.5,259.0,252.5,255.0,2.5,350,379
2020-12-23,2247,121012,30839039,255.0,255.5,254.5,254.5,-0.5,142,439
2020-12-24,2247,109604,28014033,255.0,257.0,255.0,255.5,1.0,151,460
2020-12-25,2247,92208,23608025,255.5,257.0,255.5,256.0,0.5,114,488
2020-12-28,2247,85813,21964069,257.0,257.0,255.5,255.5,-0.5,115,547
2020-12-29,2247,110996,28253757,256.0,256.0,253.5,254.0,-1.5,170,504
2020-12-30,2247,122469,30958801,254.0,254.0,252.0,253.0,-1.0,170,483
2020-12-31,2247,70586,17872722,252.5,254.5,252.5,253.0,0.0,92,558
2021-01-04,2247,111347,28135362,254.0,254.0,252.0,253.0,0.0,182,519
2021-01-05,2247,160805,40520135,253.0,253.0,251.5,252.0,-1.0,194,462
2021-01-06,2247,264706,66299835,253.0,253.5,248.0,249.0,-3.0,314,434
2021-01-07,2247,176365,43942054,249.0,251.5,248.0,250.0,1.0,258,424
2021-01-08,2247,181926,45180064,250.0,250.0,247.5,248.0,-2.0,247,431
2021-01-11,2247,128304,31800522,248.0,249.0,247.0,248.0,0.0,171,479
2021-01-12,2247,193332,48426072,250.5,252.5,248.5,248.5,0.5,226,449
2021-01-13,2247,166233,41329706,249.0,249.5,248.0,248.0,-0.5,218,427
2021-01-14,2247,106882,26586218,250.5,250.5,248.0,248.5,0.5,137,468
2021-01-15,2247,333057,81743398,250.0,250.0,242.5,242.5,-6.0,442,363
2021-01-18,2247,330733,78453490,242.0,242.0,235.5,236.5,-6.0,426,337
2021-01-19,2247,116593,27593010,239.0,239.0,235.5,236.5,0.0,176,454
2021-01-20,2247,392425,90434419,236.5,237.0,228.0,228.0,-8.5,548,362
2021-01-21,2247,183434,41899575,228.5,229.5,228.0,228.0,0.0,257,402
2021-01-22,2247,217840,49046529,229.0,229.0,222.0,224.0,-4.0,334,371
2021-01-25,2247,270203,60124701,222.0,228.5,220.0,228.5,4.5,331,338
2021-01-26,2247,497232,118624780,228.5,244.0,228.5,240.0,11.5,597,259
2021-01-27,2247,157746,37400461,239.0,239.5,236.0,236.0,-4.0,211,376
2021-01-28,2247,118285,27468524,233.0,234.0,230.5,231.5,-4.5,150,421
2021-01-29,2247,120546,27962287,235.0,235.0,230.0,230.0,-1.5,148,457
2021-02-01,2247,102952,23540373,230.0,233.0,225.0,230.5,0.5,155,439
2021-02-02,2247,81369,18740379,231.5,231.5,228.5,230.0,-0.5,108,463
2021-02-03,2247,59082,13599989,231.0,231.0,229.5,230.0,0.0,83,496
2021-02-04,2247,115041,26706934,230.0,233.5,230.0,233.0,3.0,125,384
2021-02-05,2247,108756,25411109,235.0,235.0,232.0,234.0,1.0,130,408
2021-02-17,2247,153408,36476070,238.5,240.0,236.5,237.5,3.5,166,435
2021-02-18,2247,93647,22202936,238.5,239.0,236.5,237.0,-0.5,131,515
2021-02-19,2247,96814,23058473,236.5,239.0,236.5,239.0,2.0,150,500
2021-02-22,2247,206165,49714941,241.0,242.5,240.0,242.0,3.0,264,439
2021-02-23,2247,127115,30603923,241.5,242.0,239.5,241.5,-0.5,148,506
2021-02-24,2247,95509,22936108,241.5,241.5,239.0,239.0,-2.5,152,561
2021-02-25,2247,83285,20080331,243.0,243.0,240.0,240.5,1.5,116,535
2021-02-26,2247,117907,28265260,241.0,241.0,239.0,240.0,-0.5,138,487
2021-03-02,2247,86995,20817154,241.5,241.5,238.0,238.0,-2.0,121,531
2021-03-03,2247,87144,20757624,240.0,240.0,235.0,238.5,0.5,115,526
2021-03-04,2247,69027,16344413,239.0,239.0,236.0,236.0,-2.5,93,548
2021-03-05,2247,71860,16921621,234.5,236.0,234.0,235.5,-0.5,77,509
2021-03-08,2247,58654,13932778,238.5,239.0,235.5,235.5,0.0,99,581
2021-03-09,2247,108346,25670349,236.0,239.0,235.5,238.5,3.0,133,493
2021-03-10,2247,61922,14741267,239.0,239.0,237.0,238.0,-0.5,92,555
2021-03-11,2247,93397,22303573,238.0,239.5,238.0,238.5,0.5,124,536
2021-03-12,2247,70823,16868664,238.5,239.5,237.0,239.0,0.5,87,549
2021-03-15,2247,82197,19650517,239.0,240.0,238.5,240.0,1.0,99,543
2021-03-16,2247,549004,135890615,243.5,249.5,243.5,249.5,9.5,695,283
2021-03-17,2247,270712,67160593,250.0,251.0,245.5,246.0,-3.5,385,390
2021-03-18,2247,170049,42009961,249.0,249.0,245.5,247.0,1.0,201,459
2021-03-19,2247,155490,38146590,247.0,247.0,244.0,245.0,-2.0,179,488
2021-03-22,2247,158022,38466802,246.0,246.0,242.5,243.5,-1.5,205,495
2021-03-23,2247,71271,17349988,243.5,245.5,242.5,242.5,-1.0,108,608
2021-03-24,2247,69535,16932236,242.5,244.5,242.0,244.0,1.5,101,574
2021-03-25,2247,66313,16156241,244.5,244.5,242.0,244.0,0.0,98,593
2021-03-26,2247,79250,19426809,245.5,245.5,244.5,245.0,1.0,130,572
2021-03-29,2247,56103,13761394,244.5,246.0,244.5,245.5,0.5,94,662
2021-03-30,2247,64465,15831911,246.0,246.0,245.0,245.5,0.0,110,607
2021-03-31,2247,117527,28949315,246.0,247.0,245.5,246.5,1.0,165,540
2021-04-01,2247,94161,23216512,247.0,247.0,245.5,245.5,-1.0,124,562
2021-04-06,2247,136276,33441638,245.5,246.5,244.5,244.5,-1.0,176,549
2021-04-07,2247,90649,22146010,244.5,245.5,243.5,244.0,-0.5,114,601
2021-04-08,2247,69246,16937201,245.0,245.5,244.0,244.5,0.5,119,660
2021-04-09,2247,100206,24425242,245.0,245.0,243.0,243.0,-1.5,145,613
2021-04-12,2247,71993,17493129,243.0,244.0,242.5,243.0,0.0,101,706
2021-04-13,2247,142710,35059189,245.0,246.5,245.0,245.0,2.0,180,593
2021-04-14,2247,121192,29515487,246.5,246.5,242.0,243.0,-2.0,171,620
2021-04-15,2247,48364,11781955,244.0,244.0,242.5,244.0,1.0,81,653
2021-04-16,2247,65775,16072596,244.0,245.0,243.5,245.0,1.0,105,661
2021-04-19,2247,157218,38734069,246.0,247.0,246.0,246.5,1.5,197,598
2021-04-20,2247,491241,122951689,248.5,252.5,248.0,252.0,5.5,527,373
2021-04-21,2247,196496,49146742,252.0,252.0,248.5,248.5,-3.5,234,534
2021-04-22,2247,204075,50368135,249.0,249.0,245.0,245.5,-3.0,229,611
2021-04-23,2247,102280,25222202,246.0,248.0,245.5,246.5,1.0,113,609
2021-04-26,2247,81896,20202326,247.0,248.5,245.5,245.5,-1.0,126,662
2021-04-27,2247,139043,34238071,245.5,247.5,245.0,247.5,2.0,139,572
2021-04-28,2247,60835,15063971,249.0,249.0,246.5,247.0,-0.5,97,706
2021-04-29,2247,90079,22188240,248.5,248.5,245.5,245.5,-1.5,126,644
2021-05-03,2247,156482,37973962,245.5,245.5,241.5,241.5,-4.0,241,607
2021-05-04,2247,162977,39284886,242.5,243.0,239.5,240.5,-1.0,241,629
2021-05-05,2247,37785,9115111,240.5,242.0,240.5,240.5,0.0,82,711
2021-05-06,2247,92863,22644359,243.0,248.5,241.0,244.0,3.5,125,584
2021-05-07,2247,126341,31180411,246.5,248.5,244.5,247.5,3.5,173,517
2021-05-10,2247,42740,10517783,248.0,248.0,245.0,245.0,-2.5,67,708
2021-05-11,2247,243363,59144651,247.5,249.0,239.0,240.0,-5.0,611,520
2021-05-12,2247,347161,80592260,236.5,238.5,221.0,228.0,-12.0,468,517
2021-05-13,2247,174137,39264220,223.5,228.0,223.5,224.5,-3.5,273,557
2021-05-14,2247,80936,18292497,227.5,228.0,225.0,225.0,0.5,145,636
2021-05-17,2247,210847,45484366,212.5,221.0,212.0,213.0,-12.0,323,541
2021-05-18,2247,126480,27852012,215.0,224.5,214.5,223.0,10.0,171,550
2021-05-19,2247,119148,26133044,223.0,223.0,217.5,219.5,-3.5,187,502
2021-05-20,2247,102269,22358979,219.5,220.0,217.5,218.0,-1.5,137,495
2021-05-21,2247,90080,19711482,221.5,221.5,217.5,219.0,1.0,128,520
2021-05-24,2247,94360,20686694,220.0,222.5,218.0,218.5,-0.5,131,512
2021-05-25,2247,102011,22510680,220.0,221.5,220.0,220.5,2.0,145,537
2021-05-26,2247,57370,12671742,221.5,221.5,220.0,221.5,1.0,108,560
2021-05-27,2247,45972,10102901,220.0,220.5,218.5,220.5,-1.0,101,596
2021-05-28,2247,116197,25749402,221.0,223.5,220.0,222.5,2.0,145,495
2021-05-31,2247,76621,17012434,222.0,223.0,221.0,221.5,-1.0,125,578
2021-06-01,2247,74336,16483896,221.5,222.0,221.0,221.5,0.0,135,563
2021-06-02,2247,115843,25663310,222.5,222.5,221.0,221.5,0.0,158,518
2021-06-03,2247,55216,12236818,221.5,222.0,221.0,221.5,0.0,99,592
2021-06-04,2247,54712,12124784,222.5,222.5,221.0,221.0,-0.5,81,589
2021-06-07,2247,82550,18221572,222.0,222.0,219.0,220.5,-0.5,94,548
2021-06-08,2247,32607,7218543,220.5,222.5,220.5,221.5,1.0,62,606
2021-06-09,2247,21302,4710884,221.5,221.5,220.5,221.0,-0.5,52,693
2021-06-10,2247,90244,20153678,221.0,224.0,221.0,224.0,3.0,121,506
2021-06-11,2247,151540,34047089,225.5,226.0,223.5,223.5,-0.5,150,426
2021-06-15,2247,67987,15207053,224.0,224.5,222.0,224.5,1.0,119,554
2021-06-16,2247,39348,8808991,224.5,224.5,223.0,224.0,-0.5,98,641
2021-06-17,2247,54703,12284100,224.0,225.0,224.0,225.0,1.0,72,566
2021-06-18,2247,117193,26496729,225.0,227.0,224.5,227.0,2.0,146,493
2021-06-21,2247,66090,14921007,227.0,227.0,225.0,225.5,-1.5,121,612
2021-06-22,2247,55850,12603777,226.0,226.5,225.0,225.0,-0.5,107,589
2021-06-23,2247,93139,20967632,225.0,226.5,223.5,226.5,1.5,112,536
2021-06-24,2247,44389,10114579,228.0,228.5,227.0,227.5,1.0,89,646
2021-06-25,2247,146393,33775799,228.5,232.5,228.0,230.0,2.5,236,479
2021-06-28,2247,56466,13055160,233.0,233.0,230.0,231.0,1.0,95,630
2021-06-29,2247,81102,18489348,231.0,231.0,227.0,227.5,-3.5,135,592
2021-06-30,2247,43488,9909747,228.0,229.0,227.5,227.5,0.0,68,667
2021-07-01,2247,74438,16984998,228.5,230.0,227.0,227.5,0.0,125,598
2021-07-02,2247,76693,17389361,227.5,227.5,226.0,226.5,-1.0,98,561
2021-07-05,2247,46231,10505726,227.0,228.0,226.5,228.0,1.5,102,669
2021-07-06,2247,39428,8966520,229.0,229.0,226.5,227.0,-1.0,82,664
2021-07-07,2247,49783,11330502,227.5,228.5,226.0,227.5,0.5,80,647
2021-07-08,2247,58170,13277052,228.5,228.5,227.0,228.0,0.5,89,609
2021-07-09,2247,32122,7292030,228.0,228.0,226.0,227.0,-1.0,71,696
2021-07-12,2247,71820,16322186,228.0,228.0,226.5,227.0,0.0,72,621
2021-07-13,2247,208637,47834690,228.5,230.5,227.0,229.5,2.5,189,490
2021-07-14,2247,54777,12507137,231.0,231.0,227.5,228.0,-1.5,78,641
2021-07-15,2247,39649,9033115,228.5,228.5,227.0,228.0,0.0,81,644
2021-07-16,2247,39561,8999996,228.0,228.0,227.0,228.0,0.0,66,646
2021-07-19,2247,36948,8457986,229.5,230.0,228.0,229.0,1.0,61,674
2021-07-20,2247,33006,7498503,228.5,228.5,226.5,227.0,-2.0,71,694
2021-07-21,2247,46987,10653433,228.0,228.0,226.0,226.5,-0.5,76,677
2021-07-22,2247,38190,8675533,227.0,228.0,226.5,226.5,0.0,75,675
2021-07-23,2247,41976,9514773,227.0,227.5,226.0,226.5,0.0,67,659
2021-07-26,2247,34807,7895637,227.5,227.5,226.5,227.0,0.5,66,683
2021-07-27,2247,36154,8195500,227.0,227.5,226.0,226.0,-1.0,66,682
2021-07-28,2247,73379,16504267,226.0,226.0,224.0,225.0,-1.0,117,596
2021-07-29,2247,22565,5111077,226.5,226.5,226.0,226.5,1.5,37,689
2021-07-30,2247,31864,7185681,226.0,226.0,225.0,225.0,-1.5,50,652
2021-08-02,2247,29266,6584139,225.0,226.0,224.0,226.0,1.0,40,660
2021-08-03,2247,27727,6235502,225.0,225.5,224.5,225.5,-0.5,59,655
2021-08-04,2247,34291,7716345,224.5,225.5,224.5,225.5,0.0,44,632
2021-08-05,2247,24326,5486684,226.0,226.0,225.0,225.5,0.0,44,692
2021-08-06,2247,31715,7127610,224.0,225.0,224.0,225.0,-0.5,61,648
2021-08-09,2247,53194,11912003,225.5,225.5,223.0,224.0,-1.0,101,607
2021-08-10,2247,66199,14858129,225.5,226.0,223.5,223.5,-0.5,115,566
2021-08-11,2247,78143,17440486,224.5,224.5,222.5,223.0,-0.5,102,563
2021-08-12,2247,25605,5736506,224.5,225.0,223.5,225.0,2.0,41,654
2021-08-13,2247,42273,9441338,224.5,224.5,222.5,223.0,-2.0,81,629
2021-08-16,2247,51673,11434809,223.0,223.0,220.5,221.0,-2.0,112,626
2021-08-17,2247,52611,11574067,220.0,220.5,219.0,219.5,-1.5,109,574
2021-08-18,2247,93772,20453430,219.0,220.0,217.0,219.0,-0.5,141,521
2021-08-19,2247,72967,15819438,217.0,219.5,216.0,216.0,-3.0,130,537
2021-08-20,2247,70363,15175321,216.0,218.0,215.0,217.0,1.0,103,510
2021-08-23,2247,41784,9206474,217.5,222.0,217.5,222.0,5.0,79,575
2021-08-24,2247,26502,5837462,220.0,222.5,219.0,219.0,-3.0,52,626
2021-08-25,2247,14834,3266727,220.5,221.0,220.0,220.0,1.0,42,715
2021-08-26,2247,51388,11451517,223.0,224.5,221.5,223.0,3.0,88,539
2021-08-27,2247,95828,21680670,223.0,227.5,223.0,227.0,4.0,154,437
2021-08-30,2247,71813,16394582,228.0,229.5,226.5,227.0,0.0,97,472
2021-08-31,2247,22982,5238666,227.0,229.0,227.0,228.0,1.0,62,636
2021-09-01,2247,58684,13410022,229.0,230.0,227.0,228.5,0.5,96,534
2021-09-02,2247,33724,7660979,228.5,228.5,225.5,226.0,-2.5,100,610
2021-09-03,2247,27221,6186281,226.5,228.0,226.5,228.0,2.0,69,634
2021-09-06,2247,62217,14211393,228.0,229.5,227.5,227.5,-0.5,121,540
2021-09-07,2247,42604,9659217,227.5,227.5,226.0,227.5,0.0,79,550
2021-09-08,2247,96632,21768418,227.0,227.0,224.5,225.5,-2.0,130,472
2021-09-09,2247,129064,29249189,225.0,228.5,225.0,228.5,3.0,178,372
2021-09-10,2247,78176,17013600,217.5,218.5,217.0,217.5,0.0,174,446
2021-09-13,2247,47784,10332652,217.5,217.5,215.5,216.5,-1.0,149,550
2021-09-14,2247,21163,4571792,216.0,216.0,215.5,216.0,-0.5,85,646
2021-09-15,2247,54789,11779082,215.0,216.0,214.0,215.5,-0.5,146,533
2021-09-16,2247,41655,8937096,215.5,215.5,214.0,214.5,-1.0,102,541
2021-09-17,2247,23233,4973852,214.0,215.0,213.0,213.5,-1.0,59,640
2021-09-22,2247,46587,9821892,210.0,211.0,210.0,211.0,-2.5,158,595
2021-09-23,2247,43720,9230210,211.0,212.0,210.0,210.5,-0.5,92,537
2021-09-24,2247,40090,8462847,212.0,212.0,210.5,210.5,0.0,84,552
2021-09-27,2247,26389,5599499,211.5,213.5,211.5,212.0,1.5,84,655
2021-09-28,2247,35304,7470167,214.5,214.5,211.0,211.0,-1.0,90,590
2021-09-29,2247,54642,11463353,210.5,210.5,209.5,209.5,-1.5,121,581
2021-09-30,2247,18543,3901051,210.0,211.0,209.5,210.5,1.0,40,686
2021-10-01,2247,95961,20036105,209.5,210.0,207.5,209.0,-1.5,192,525
2021-10-04,2247,59278,12313387,208.0,210.0,206.5,206.5,-2.5,144,578
2021-10-05,2247,44000,8986748,202.5,205.5,202.5,204.5,-2.0,148,581
2021-10-06,2247,39659,8079682,205.0,205.0,203.0,203.5,-1.0,89,573
2021-10-07,2247,50102,10235379,203.0,205.0,203.0,205.0,1.5,97,555
2021-10-08,2247,39532,8064684,205.0,205.0,203.0,204.0,-1.0,105,560
2021-10-12,2247,104974,21606834,205.0,210.5,202.0,210.5,6.5,152,448
2021-10-13,2247,31277,6534708,211.5,211.5,207.0,208.0,-2.5,95,614
2021-10-14,2247,32932,6816825,206.5,208.0,206.5,208.0,0.0,70,573
2021-10-15,2247,67183,14056376,208.0,210.0,208.0,209.5,1.5,96,480
2021-10-18,2247,44165,9277979,210.0,210.5,209.5,210.5,1.0,76,540
2021-10-19,2247,55500,11806703,211.0,214.0,210.5,214.0,3.5,97,532
2021-10-20,2247,38401,8152328,214.0,214.0,211.0,211.5,-2.5,59,557
2021-10-21,2247,278639,59810725,212.5,217.0,211.5,214.0,2.5,205,374
2021-10-22,2247,40666,8751852,217.0,217.0,213.0,213.5,-0.5,58,570
2021-10-25,2247,32163,6809693,211.5,213.0,210.5,211.5,-2.0,65,577
2021-10-26,2247,6521732,1454221209,211.0,213.0,211.0,212.0,0.5,76,50
2021-10-27,2247,70242,15139533,213.0,217.0,213.0,215.5,3.5,123,496
2021-10-28,2247,21985,4750266,217.0,217.0,215.5,216.5,1.0,54,670
2021-10-29,2247,27126,5831631,217.0,218.0,214.0,214.5,-2.0,58,653
2021-11-01,2247,35318,7498071,214.5,214.5,211.5,212.0,-2.5,81,641
2021-11-02,2247,29691,6288888,211.5,213.0,211.0,212.5,0.5,66,661
2021-11-03,2247,15041,3190877,212.5,212.5,211.5,212.5,0.0,49,720
2021-11-04,2247,7306,1553389,212.5,213.0,212.0,212.0,-0.5,36,806
2021-11-05,2247,28116,5934321,211.5,212.0,210.0,211.5,-0.5,59,652
2021-11-08,2247,22783,4805922,211.5,211.5,210.5,211.0,-0.5,51,694
2021-11-09,2247,66269,14024118,212.0,213.0,210.5,211.5,0.5,104,552
2021-11-10,2247,33025,7019356,212.0,213.5,211.5,212.0,0.5,74,663
2021-11-11,2247,48850,10319063,211.0,212.0,210.5,211.5,-0.5,61,617
2021-11-12,2247,36071,7718091,215.0,215.0,213.0,213.0,1.5,61,650
2021-11-15,2247,70621,15228628,216.0,217.0,214.0,217.0,4.0,128,569
2021-11-16,2247,45609,9845810,216.0,216.5,215.0,216.5,-0.5,96,627
2021-11-17,2247,46125,9969450,217.0,217.0,215.5,216.5,0.0,72,619
2021-11-18,2247,51156,11081013,217.5,217.5,216.0,216.5,0.0,75,612
2021-11-19,2247,32661,7045630,217.0,217.0,215.0,215.5,-1.0,71,667
2021-11-22,2247,18884,4064810,215.5,216.0,215.0,215.0,-0.5,44,730
2021-11-23,2247,17475,3764765,216.5,216.5,214.5,216.0,1.0,34,745
2021-11-24,2247,17739,3819914,216.0,216.0,215.0,215.5,-0.5,42,710
2021-11-25,2247,23431,5037218,216.0,216.0,214.5,215.0,-0.5,36,685
2021-11-26,2247,37989,8073547,215.5,215.5,211.5,212.5,-2.5,68,675
2021-11-29,2247,49661,10437974,209.5,212.5,209.0,211.5,-1.0,82,618
2021-11-30,2247,29781,6288203,211.0,212.0,210.5,210.5,-1.0,50,652
2021-12-01,2247,24274,5120723,211.5,211.5,210.5,211.0,0.5,32,665
2021-12-02,2247,41194,8650121,211.0,211.0,209.0,209.5,-1.5,87,598
2021-12-03,2247,24703,5192144,210.5,211.0,209.5,210.5,1.0,53,644
2021-12-06,2247,26704,5592017,210.0,210.0,209.0,209.0,-1.5,49,647
2021-12-07,2247,16920,3556699,211.5,211.5,209.5,209.5,0.5,43,724
2021-12-08,2247,60476,12687039,210.0,211.0,209.0,209.5,0.0,83,570
2021-12-09,2247,28148,5903084,210.0,210.5,209.0,210.0,0.5,66,673
2021-12-10,2247,50526,10611071,209.5,211.0,209.5,211.0,1.0,63,570
2021-12-13,2247,36935,7777877,211.0,211.5,210.0,210.0,-1.0,56,655
2021-12-14,2247,26653,5592906,210.0,210.5,209.5,209.5,-0.5,42,702
2021-12-15,2247,27496,5752607,209.5,209.5,209.0,209.0,-0.5,39,643
2021-12-16,2247,10232,2146554,210.0,210.0,209.5,209.5,0.5,23,787
2021-12-17,2247,52316,10960290,210.0,210.0,209.0,209.0,-0.5,85,571
2021-12-20,2247,28472,5967765,209.5,210.0,209.0,209.5,0.5,44,623
2021-12-21,2247,36543,7690916,209.5,211.0,209.5,210.0,0.5,56,573
2021-12-22,2247,25115,5280981,210.0,211.0,209.5,209.5,-0.5,61,642
2021-12-23,2247,26345,5533670,209.5,210.5,209.5,209.5,0.0,59,655
2021-12-24,2247,37916,7958024,209.5,210.0,209.5,209.5,0.0,58,604
2021-12-27,2247,32346,6798526,210.0,211.0,209.5,210.5,1.0,43,653
2021-12-28,2247,276869,60469657,210.5,223.0,210.5,218.0,7.5,360,344
2021-12-29,2247,140774,30909051,218.0,221.0,218.0,218.5,0.5,198,440
2021-12-30,2247,42524,9239617,218.5,218.5,216.5,216.5,-2.0,162,615
2022-01-03,2247,37035,8021068,217.0,217.5,216.0,216.0,-0.5,67,648
2022-01-04,2247,40114,8663404,216.0,216.5,215.0,216.5,0.5,90,620
2022-01-05,2247,39242,8492116,216.0,217.5,215.5,217.0,0.5,72,625
2022-01-06,2247,127438,28014025,217.0,223.0,217.0,220.0,3.0,233,427
2022-01-07,2247,77402,16973672,220.0,220.5,218.5,219.0,-1.0,197,561
2022-01-10,2247,38973,8490336,219.0,219.0,217.0,218.0,-1.0,336,596
2022-01-11,2247,55778,12032632,218.0,218.0,215.0,215.5,-2.5,78,602
2022-01-12,2247,34504,7446493,215.5,216.5,215.5,216.5,1.0,54,625
2022-01-13,2247,26848,5793694,216.0,216.0,215.0,216.0,-0.5,65,646
2022-01-14,2247,25288,5430216,215.0,215.0,214.0,215.0,-1.0,56,704
2022-01-17,2247,11514,2475266,215.0,215.5,214.0,215.5,0.5,32,753
2022-01-18,2247,21305,4593983,215.5,216.0,215.0,216.0,0.5,34,667
2022-01-19,2247,62400,13286941,214.0,214.5,211.5,211.5,-4.5,125,514
2022-01-20,2247,18925,4022211,211.5,213.5,211.5,213.0,1.5,55,660
2022-01-21,2247,22230,4709709,212.5,212.5,211.5,211.5,-1.5,63,710
2022-01-24,2247,49505,10411673,211.0,211.0,209.0,210.5,-1.0,129,581
2022-01-25,2247,31449,6597783,210.0,210.5,209.5,209.5,-1.0,47,657
2022-01-26,2247,40471,8492334,210.0,210.5,209.0,209.0,-0.5,86,566
2022-02-07,2247,35375,7417096,209.5,210.5,209.0,210.5,1.5,70,605
2022-02-08,2247,19864,4196352,211.0,211.5,211.0,211.5,1.0,36,685
2022-02-09,2247,36221,7679846,211.5,212.5,211.5,212.5,1.0,64,615
2022-02-10,2247,37049,7935685,213.0,215.5,212.5,214.0,1.5,57,593
2022-02-11,2247,34643,7421813,214.0,215.0,214.0,214.5,0.5,74,602
2022-02-14,2247,21423,4553877,214.0,214.0,212.0,212.0,-2.5,44,698
2022-02-15,2247,42651,9156277,216.0,216.0,213.5,214.0,2.0,91,567
2022-02-16,2247,38730,8299618,215.5,215.5,214.0,214.5,0.5,82,582
2022-02-17,2247,38123,8225829,215.0,216.5,215.0,216.0,1.5,76,599
2022-02-18,2247,33560,7234899,215.5,216.0,215.0,215.5,-0.5,53,603
2022-02-21,2247,31531,6774954,215.0,215.5,214.0,215.0,-0.5,53,618
2022-02-22,2247,37585,8036451,214.5,215.0,213.0,214.0,-1.0,67,635
2022-02-23,2247,26406,5651865,214.0,215.0,213.0,214.5,0.5,52,601
2022-02-24,2247,72836,15468710,213.5,214.0,211.5,212.5,-2.0,127,589
2022-02-25,2247,31050,6578467,213.0,213.0,211.0,211.5,-1.0,71,641
2022-03-01,2247,26907,5710099,212.0,213.0,211.5,212.5,1.0,56,645
2022-03-02,2247,34899,7403009,212.5,212.5,211.5,212.5,0.0,79,579
2022-03-03,2247,22609,4799994,213.0,213.0,211.5,212.5,0.0,53,653
2022-03-04,2247,27782,5881325,211.0,212.5,211.0,212.5,0.0,75,643
2022-03-07,2247,99462,20791956,210.5,210.5,207.5,208.0,-4.5,199,543
2022-03-08,2247,83115,17093714,206.0,207.0,205.0,205.0,-3.0,236,552
2022-03-09,2247,34996,7204875,205.5,206.5,205.5,205.5,0.5,74,605
2022-03-10,2247,12672,2640756,206.5,209.5,206.5,209.0,3.5,49,749
2022-03-11,2247,42565,8800109,208.0,208.0,206.0,206.5,-2.5,135,532
2022-03-14,2247,12686,2628815,207.0,208.0,207.0,207.0,0.5,58,715
2022-03-15,2247,55867,11464311,206.0,206.0,204.5,204.5,-2.5,126,561
2022-03-16,2247,17089,3510602,205.0,206.0,205.0,205.5,1.0,64,708
2022-03-17,2247,55879,11646177,208.0,211.0,206.0,209.5,4.0,90,560
2022-03-18,2247,12726,2654594,209.0,209.0,207.5,209.0,-0.5,52,714
2022-03-21,2247,33544,6976336,210.0,210.0,207.0,208.0,-1.0,62,617
2022-03-22,2247,6809,1417793,208.0,208.5,208.0,208.5,0.5,33,797
2022-03-23,2247,17185,3592749,208.0,209.5,208.0,209.5,1.0,52,727
2022-03-24,2247,73034,15453902,211.0,213.0,210.0,211.5,2.0,142,505
2022-03-25,2247,22555,4758433,211.5,211.5,210.0,210.0,-1.5,93,682
2022-03-28,2247,19806,4156659,209.5,210.5,209.5,209.5,-0.5,70,703
2022-03-29,2247,22295,4697646,209.5,211.5,209.5,210.5,1.0,56,656
2022-03-30,2247,35160,7440824,210.5,213.0,210.0,212.0,1.5,78,633
2022-03-31,2247,18115,3844127,212.5,212.5,212.0,212.0,0.0,49,688
2022-04-01,2247,34230,7194332,212.0,212.0,209.0,209.5,-2.5,47,603
2022-04-06,2247,44609,9344767,209.0,210.0,209.0,209.0,-0.5,68,572
2022-04-07,2247,29728,6195459,209.5,209.5,208.0,208.0,-1.0,79,681
2022-04-08,2247,9708,2022613,209.0,209.0,207.5,208.5,0.5,38,785
2022-04-11,2247,41281,8535988,208.0,208.0,206.0,206.0,-2.5,98,648
2022-04-12,2247,15264,3156832,205.5,208.0,205.5,206.0,0.0,49,729
2022-04-13,2247,65527,13569010,208.0,208.5,206.0,207.5,1.5,89,519
2022-04-14,2247,30727,6404417,208.5,209.5,208.0,209.5,2.0,49,618
2022-04-15,2247,26865,5580110,209.5,209.5,207.0,207.0,-2.5,70,651
2022-04-18,2247,28880,5965173,206.0,208.5,206.0,206.5,-0.5,50,649
2022-04-19,2247,24711,5111454,208.5,208.5,206.0,207.5,1.0,46,638
2022-04-20,2247,16884,3508272,207.5,208.5,207.0,208.0,0.5,62,701
2022-04-21,2247,23432,4858081,208.0,208.0,206.5,206.5,-1.5,45,650
2022-04-22,2247,25369,5228790,206.0,206.5,206.0,206.5,0.0,73,652
2022-04-25,2247,43524,8911814,205.0,205.0,204.5,204.5,-2.0,109,651
2022-04-26,2247,28551,5855764,204.5,205.5,204.5,205.5,1.0,59,635
2022-04-27,2247,51975,10533033,204.5,204.5,202.0,203.5,-2.0,131,619
2022-04-28,2247,15822,3223907,204.0,204.0,203.0,204.0,0.5,59,698
2022-04-29,2247,10775,2193145,203.5,203.5,203.0,203.5,-0.5,25,741
2022-05-03,2247,5122,1043094,203.5,203.5,203.5,203.5,0.0,38,823
2022-05-04,2247,17080,3492454,204.5,205.0,204.0,205.0,1.5,38,654
2022-05-05,2247,15134,3118392,204.5,207.0,204.5,206.5,1.5,40,694
2022-05-06,2247,11755,2405181,203.5,206.0,203.5,206.0,-0.5,35,754
2022-05-09,2247,29132,5986051,205.0,206.0,205.0,205.0,-1.0,60,672
2022-05-10,2247,27682,5704354,206.5,206.5,205.0,206.0,1.0,49,647
2022-05-11,2247,22729,4692857,206.0,206.5,206.0,206.5,0.5,39,659
2022-05-12,2247,41700,8595510,207.0,207.0,205.0,205.5,-1.0,81,635
2022-05-13,2247,21684,4462542,206.0,206.0,205.5,206.0,0.5,47,673
2022-05-16,2247,29549,6081868,207.0,207.0,205.0,205.0,-1.0,46,622
2022-05-17,2247,17306,3578227,206.0,207.0,206.0,206.0,1.0,28,693
2022-05-18,2247,23963,4953419,206.0,207.5,205.5,205.5,-0.5,54,677
2022-05-19,2247,23674,4854298,205.5,206.5,204.0,206.5,1.0,46,638
2022-05-20,2247,20438,4211568,206.5,206.5,205.5,206.5,0.0,61,636
2022-05-23,2247,6976,1440822,206.5,207.0,206.0,206.0,-0.5,31,789
2022-05-24,2247,19337,3988762,206.0,207.0,205.5,205.5,-0.5,33,644
2022-05-25,2247,17314,3569485,206.0,207.0,205.5,207.0,1.5,29,654
2022-05-26,2247,6218,1286692,207.0,207.0,206.5,207.0,0.0,21,809
2022-05-27,2247,22003,4563887,207.5,208.0,206.0,207.5,0.5,71,606
2022-05-30,2247,62554,13221497,209.0,214.5,209.0,211.0,3.5,120,502
2022-05-31,2247,17630,3707248,211.0,211.0,209.5,210.0,-1.0,51,661
2022-06-01,2247,23064,4865420,210.5,211.5,210.5,211.0,1.0,54,666
2022-06-02,2247,26690,5616946,211.0,211.5,209.5,209.5,-1.5,55,604
2022-06-06,2247,10860,2278015,210.0,210.0,209.5,209.5,0.0,33,745
2022-06-07,2247,7505,1573636,209.5,210.0,209.5,210.0,0.5,35,795
2022-06-08,2247,24860,5249534,211.0,211.5,210.5,210.5,0.5,59,629
2022-06-09,2247,16637,3511768,211.0,211.5,210.5,211.0,0.5,42,665
2022-06-10,2247,9114,1916809,211.0,211.0,210.0,210.0,-1.0,51,770
2022-06-13,2247,37549,7763316,208.0,208.0,206.0,206.5,-3.5,88,635
2022-06-14,2247,33153,6807994,205.5,206.5,204.5,205.5,-1.0,71,629
2022-06-15,2247,27647,5712084,205.5,208.0,205.5,207.0,1.5,48,636
2022-06-16,2247,20249,4186732,209.0,209.0,206.0,206.0,-1.0,40,715
2022-06-17,2247,19433,3978572,204.0,206.0,204.0,205.0,-1.0,44,704
2022-06-20,2247,39759,8163928,208.0,208.0,204.5,205.0,0.0,52,646
2022-06-21,2247,40586,8449503,209.0,209.0,207.0,209.0,4.0,95,586
2022-06-22,2247,22900,4748015,209.5,209.5,206.5,207.0,-2.0,50,682
2022-06-23,2247,36821,7653760,207.5,209.5,207.0,207.5,0.5,63,612
2022-06-24,2247,26745,5578556,209.0,209.5,208.0,208.0,0.5,62,657
2022-06-27,2247,43140,9057014,209.5,210.5,209.5,210.5,2.5,82,582
2022-06-28,2247,21509,4516238,210.5,210.5,209.5,210.5,0.0,44,600
2022-06-29,2247,19608,4092989,209.0,210.0,208.0,209.0,-1.5,43,621
2022-06-30,2247,47933,9887960,208.0,208.0,205.5,205.5,-3.5,76,592
2022-07-01,2247,63575,13040575,206.0,206.5,204.0,205.0,-0.5,90,593
2022-07-04,2247,101197,20944776,205.5,207.5,205.5,207.0,2.0,120,430
2022-07-05,2247,76261,15197755,199.0,201.0,198.0,199.5,0.0,196,476
2022-07-06,2247,39325,7773786,197.0,199.5,197.0,197.0,-2.5,133,580
2022-07-07,2247,40011,7916181,198.0,199.0,197.0,199.0,2.0,71,578
2022-07-08,2247,56389,11259405,199.0,200.5,198.0,200.0,1.0,76,520
2022-07-11,2247,20067,3980717,200.0,200.0,197.5,199.0,-1.0,56,641
2022-07-12,2247,38832,7730850,199.0,201.0,198.5,199.0,0.0,76,603
2022-07-13,2247,32330,6429382,200.5,200.5,198.0,199.5,0.5,58,594
2022-07-14,2247,25284,5021383,199.5,199.5,198.0,199.0,-0.5,48,602
2022-07-15,2247,39094,7761458,198.5,199.5,198.0,199.5,0.5,70,551
2022-07-18,2247,20712,4115654,199.0,199.0,198.0,199.0,-0.5,41,655
2022-07-19,2247,27751,5529601,198.0,200.0,198.0,200.0,1.0,49,575
2022-07-20,2247,27558,5501780,200.0,200.5,199.0,199.0,-1.0,65,646
2022-07-21,2247,10550,2106919,199.5,200.0,199.5,199.5,0.5,31,722
2022-07-22,2247,20035,3998771,199.5,200.0,199.0,200.0,0.5,55,655
2022-07-25,2247,10319,2061120,199.0,200.0,199.0,200.0,0.0,26,705
2022-07-26,2247,20479,4076632,199.5,199.5,199.0,199.0,-1.0,28,637
2022-07-27,2247,23559,4702067,199.0,200.0,199.0,200.0,1.0,38,596
2022-07-28,2247,30025,6009936,200.0,200.5,200.0,200.0,0.0,56,571
2022-07-29,2247,43848,8780369,200.5,201.0,199.5,199.5,-0.5,69,514
2022-08-01,2247,19736,3947679,200.0,200.5,199.5,200.0,0.5,53,647
2022-08-02,2247,36914,7357674,200.0,200.0,198.5,200.0,0.0,85,599
2022-08-03,2247,39038,7778723,200.5,200.5,198.5,199.0,-1.0,69,561
2022-08-04,2247,40678,8067745,199.0,199.0,198.0,198.5,-0.5,89,587
2022-08-05,2247,21932,4383676,199.5,200.5,199.0,200.0,1.5,54,653
2022-08-08,2247,43193,8645358,199.5,201.0,199.5,201.0,1.0,86,543
2022-08-09,2247,28351,5715580,201.5,202.0,201.0,202.0,1.0,73,606
2022-08-10,2247,68479,13914843,202.0,204.5,202.0,204.0,2.0,116,495
2022-08-11,2247,37065,7562279,205.0,205.0,203.0,204.5,0.5,74,626
2022-08-12,2247,11507,2357798,204.0,205.0,204.0,205.0,0.5,120,772
2022-08-15,2247,29802,6138184,206.5,206.5,205.5,206.0,1.0,64,678
2022-08-16,2247,19750,4062177,207.0,207.0,205.0,205.5,-0.5,56,704
2022-08-17,2247,31064,6363782,205.0,205.0,204.5,205.0,-0.5,52,662
2022-08-18,2247,46706,9594505,205.5,206.0,205.0,206.0,1.0,77,573
2022-08-19,2247,35929,7389640,207.0,207.0,205.0,205.5,-0.5,54,630
2022-08-22,2247,26430,5440264,204.0,206.0,204.0,205.5,0.0,35,674
2022-08-23,2247,18453,3789115,205.5,205.5,205.0,205.0,-0.5,32,704
2022-08-24,2247,8127,1666762,205.0,205.5,204.5,205.5,0.5,12,811
2022-08-25,2247,6359,1305472,205.5,205.5,205.0,205.5,0.0,19,844
2022-08-26,2247,28679,5884800,205.5,205.5,205.0,205.5,0.0,50,678
2022-08-29,2247,41364,8430797,203.5,204.5,203.5,204.0,-1.5,70,630
2022-08-30,2247,26138,5329512,203.5,204.5,203.5,204.0,0.0,67,632
2022-08-31,2247,5149,1051545,204.0,204.5,204.0,204.5,0.5,16,853
2022-09-01,2247,44413,9038065,204.5,204.5,202.5,203.5,-1.0,54,607
2022-09-02,2247,18473,3770478,205.0,205.0,203.0,204.0,0.5,40,688
2022-09-05,2247,40418,8204483,203.5,203.5,202.5,203.5,-0.5,48,603
2022-09-06,2247,32400,6574039,204.0,204.0,202.5,203.0,-0.5,42,643
2022-09-07,2247,31705,6413084,202.5,203.0,202.0,203.0,0.0,68,633
2022-09-08,2247,12050,2453670,203.0,204.5,203.0,204.5,1.5,18,731
2022-09-12,2247,17882,3661172,204.5,205.0,204.0,204.5,0.0,34,710
2022-09-13,2247,37268,7649960,205.0,206.0,204.5,205.5,1.0,72,580
2022-09-14,2247,27310,5589632,205.5,205.5,203.5,205.0,-0.5,36,638
2022-09-15,2247,39951,8233014,205.0,206.5,205.0,206.5,1.5,69,572
2022-09-16,2247,63164,13060019,207.0,207.0,206.0,206.5,0.0,109,503
2022-09-19,2247,27415,5634206,207.0,207.0,205.0,205.5,-1.0,46,641
2022-09-20,2247,40300,8281025,205.0,206.5,204.5,206.5,1.0,45,522
2022-09-21,2247,35407,7291929,205.5,206.5,205.0,205.0,-1.5,52,586
2022-09-22,2247,111217,23299699,205.0,212.0,204.5,212.0,7.0,154,403
2022-09-23,2247,271642,58412799,210.5,222.0,209.5,216.0,4.0,406,278
2022-09-26,2247,101972,21522887,214.0,214.0,208.5,209.0,-7.0,726,498
2022-09-27,2247,41594,8685659,210.0,210.0,208.0,209.5,0.5,107,543
2022-09-28,2247,76590,15876599,209.5,210.0,206.0,206.0,-3.5,135,530
2022-09-29,2247,53266,11052881,208.0,210.0,206.0,207.0,1.0,77,515
2022-09-30,2247,30919,6389330,207.0,207.0,205.5,207.0,0.0,62,601
2022-10-03,2247,35842,7403550,207.0,207.0,205.5,207.0,0.0,56,524
2022-10-04,2247,42404,8806336,208.5,208.5,207.0,208.0,1.0,68,527
2022-10-05,2247,43757,9114456,209.5,209.5,207.5,207.5,-0.5,72,540
2022-10-06,2247,29434,6117488,208.5,208.5,207.0,208.5,1.0,52,550
2022-10-07,2247,45409,9379544,207.5,208.0,205.5,206.5,-2.0,99,486
2022-10-11,2247,69997,14187262,204.0,204.0,201.0,204.0,-2.5,180,506
2022-10-12,2247,27343,5570702,204.0,204.5,203.0,204.0,0.0,76,615
2022-10-13,2247,56915,11505340,204.0,204.0,201.0,201.0,-3.0,137,606
2022-10-14,2247,22351,4533043,203.0,203.0,202.0,203.0,2.0,37,655
2022-10-17,2247,79808,15954264,202.0,202.0,198.5,202.0,-1.0,168,425
2022-10-18,2247,39311,7921205,202.0,203.0,200.0,202.5,0.5,64,511
2022-10-19,2247,51243,10271098,201.0,202.5,199.5,200.5,-2.0,122,465
2022-10-20,2247,397098,78273699,200.5,200.5,193.0,200.0,-0.5,586,300
2022-10-21,2247,89361,17760544,199.5,200.5,196.5,198.5,-1.5,147,400
2022-10-24,2247,52176,10387059,200.5,200.5,198.5,200.0,1.5,95,480
2022-10-25,2247,41640,8284114,200.0,200.0,198.0,199.0,-1.0,71,508
2022-10-26,2247,27310,5403789,198.0,198.5,197.0,197.5,-1.5,72,566
2022-10-27,2247,35530,7040124,198.5,199.0,197.5,198.5,1.0,65,524
2022-10-28,2247,54368,10745486,198.5,199.0,196.5,198.0,-0.5,124,429
2022-10-31,2247,55203,10933098,199.5,199.5,197.0,198.0,0.0,84,420
2022-11-01,2247,33267,6592461,198.0,199.0,197.0,199.0,1.0,42,522
2022-11-02,2247,45713,9145189,199.0,201.0,199.0,200.0,1.0,64,475
2022-11-03,2247,36996,7378278,199.0,201.0,198.0,200.0,0.0,62,488
2022-11-04,2247,35372,7060298,199.5,200.5,198.5,200.5,0.5,56,524
2022-11-07,2247,44375,8902875,200.0,202.0,199.0,202.0,1.5,127,542
2022-11-08,2247,28835,5786521,200.5,202.0,199.5,201.5,-0.5,53,624
2022-11-09,2247,14198,2859689,201.5,202.0,201.0,202.0,0.5,27,742
2022-11-10,2247,102449,20932534,202.0,206.5,202.0,206.0,4.0,200,395
2022-11-11,2247,107496,22041790,206.0,207.5,203.0,205.0,-1.0,756,453
2022-11-14,2247,37747,7718502,205.5,205.5,203.0,204.5,-0.5,188,625
2022-11-15,2247,42887,8750733,204.0,205.0,203.0,205.0,0.5,76,581
2022-11-16,2247,46594,9461376,204.0,204.0,202.0,202.0,-3.0,88,575
2022-11-17,2247,44632,9130609,203.0,205.5,203.0,205.5,3.5,69,532
2022-11-18,2247,44680,9168784,205.0,206.0,204.5,205.5,0.0,62,537
2022-11-21,2247,158642,33012318,206.5,212.0,205.0,209.0,3.5,187,326
2022-11-22,2247,109489,23175854,208.0,213.0,208.0,212.5,3.5,225,367
2022-11-23,2247,31534,6681306,212.5,213.0,210.5,213.0,0.5,92,537
2022-11-24,2247,96785,20583047,213.5,214.0,211.5,213.5,0.5,134,406
2022-11-25,2247,46450,9923997,214.0,214.0,213.0,214.0,0.5,91,536
2022-11-28,2247,157931,34148528,214.0,218.0,214.0,217.0,3.0,240,333
2022-11-29,2247,143128,30894374,216.0,218.0,214.0,215.5,-1.5,1200,355
2022-11-30,2247,121831,26312321,216.5,218.5,214.0,216.0,0.5,421,438
2022-12-01,2247,59088,12777978,217.5,217.5,215.0,215.0,-1.0,167,568
2022-12-02,2247,43221,9337386,215.0,217.5,214.0,217.5,2.5,96,555
2022-12-05,2247,51097,11110948,216.5,218.0,216.5,218.0,0.5,110,559
2022-12-06,2247,35297,7648506,218.5,218.5,216.0,216.0,-2.0,197,619
2022-12-07,2247,37527,8032769,216.5,216.5,212.0,214.0,-2.0,825,600
2022-12-08,2247,41441,8905107,214.0,218.0,213.5,215.0,1.0,158,509
2022-12-09,2247,37635,8101975,214.5,217.0,214.5,215.5,0.5,92,556
2022-12-12,2247,9609,2068191,215.5,215.5,214.5,215.0,-0.5,32,742
2022-12-13,2247,36805,7955363,215.0,218.0,215.0,216.0,1.0,209,587
2022-12-14,2247,38302,8269501,216.0,217.0,215.0,216.0,0.0,343,575
2022-12-15,2247,14565,3146511,216.0,216.5,215.0,216.0,0.0,55,693
2022-12-16,2247,38249,8192531,214.5,215.0,212.5,212.5,-3.5,215,605
2022-12-19,2247,94321,19781068,210.5,210.5,208.5,209.0,-3.5,531,421
2022-12-20,2247,72695,15102260,210.0,210.0,206.0,208.5,-0.5,136,518
2022-12-21,2247,16691,3472086,208.5,208.5,207.0,207.0,-1.5,42,650
2022-12-22,2247,12522,2625898,208.5,211.0,208.5,210.5,3.5,36,671
2022-12-23,2247,9275,1935982,210.5,210.5,208.0,208.0,-2.5,89,701
2022-12-26,2247,16490,3438795,208.0,209.5,208.0,209.5,1.5,31,605
2022-12-27,2247,8430,1769223,210.5,210.5,209.5,209.5,0.0,26,725
2022-12-28,2247,6188,1290842,209.5,209.5,208.0,208.0,-1.5,15,810
2022-12-29,2247,5182,1076950,208.0,208.0,207.5,207.5,-0.5,13,809
2022-12-30,2247,51112,10772476,210.0,212.0,209.0,212.0,4.5,96,446
2023-01-03,2247,18693,3957518,212.0,212.5,210.0,211.0,-1.0,52,603
2023-01-04,2247,44847,9383894,208.0,211.0,208.0,210.0,-1.0,63,473
2023-01-05,2247,15685,3306170,211.5,211.5,210.0,211.0,1.0,38,659
2023-01-06,2247,26089,5517795,212.0,212.0,211.0,212.0,1.0,60,554
2023-01-09,2247,62974,13349498,212.0,213.0,211.0,213.0,1.0,107,473
2023-01-10,2247,126841,27261121,213.0,216.0,213.0,216.0,3.0,204,364
2023-01-11,2247,57845,12454485,216.0,217.0,214.5,215.0,-1.0,111,467
2023-01-12,2247,39485,8459174,215.0,215.0,213.5,215.0,0.0,103,513
2023-01-13,2247,25311,5408356,215.5,215.5,213.0,213.5,-1.5,69,581
2023-01-16,2247,29972,6366867,213.5,213.5,212.0,212.5,-1.0,65,539
2023-01-17,2247,9453,2010998,212.5,213.5,212.0,213.0,0.5,28,741
2023-01-30,2247,59930,12835753,213.5,215.5,213.0,215.0,2.0,106,512
2023-01-31,2247,38463,8311053,214.0,217.0,214.0,217.0,2.0,81,578
2023-02-01,2247,52951,11492031,219.0,219.0,216.0,217.5,0.5,104,562
2023-02-02,2247,35795,7788094,219.0,219.0,217.0,218.0,0.5,73,631
2023-02-03,2247,69339,15008372,218.5,218.5,215.0,216.0,-2.0,136,512
2023-02-06,2247,16940,3680230,216.0,218.0,216.0,217.0,1.0,86,699
2023-02-07,2247,61046,13305954,217.5,218.5,217.5,218.0,1.0,98,490
2023-02-08,2247,105846,23172892,219.0,219.5,218.5,219.0,1.0,147,430
2023-02-09,2247,18501,4041876,218.5,219.0,218.0,218.5,-0.5,55,683
2023-02-10,2247,40750,8858850,219.0,219.0,217.0,217.5,-1.0,82,612
2023-02-13,2247,70587,15472066,219.0,220.0,218.0,219.5,2.0,130,478
2023-02-14,2247,48520,10597095,220.0,220.0,217.5,218.0,-1.5,91,520
2023-02-15,2247,50723,11049236,219.0,219.0,217.0,217.5,-0.5,89,535
2023-02-16,2247,24257,5291127,218.0,218.5,217.5,218.5,1.0,56,649
2023-02-17,2247,176384,39305979,219.0,226.0,219.0,224.5,6.0,300,343
2023-02-20,2247,288277,66382991,227.0,234.0,227.0,230.5,6.0,436,316
2023-02-21,2247,56709,12986393,230.5,230.5,227.0,229.5,-1.0,291,564
2023-02-22,2247,77031,17505335,227.5,228.5,226.0,227.0,-2.5,141,507
2023-02-23,2247,47163,10794046,226.5,230.0,226.5,230.0,3.0,103,609
2023-02-24,2247,192307,44748282,230.5,235.0,229.0,232.5,2.5,306,368
2023-03-01,2247,232032,54863612,234.5,238.5,233.5,236.0,3.5,413,342
2023-03-02,2247,203633,48308476,238.5,238.5,235.0,237.5,1.5,359,344
2023-03-03,2247,81612,19300259,238.0,238.0,235.5,235.5,-2.0,162,505
2023-03-06,2247,109435,25726811,236.0,237.0,233.5,235.0,-0.5,176,500
2023-03-07,2247,176282,42072249,235.5,240.0,235.5,239.0,4.0,219,404
2023-03-08,2247,71661,17027101,239.0,239.0,236.5,237.0,-2.0,131,560
2023-03-09,2247,278869,67299822,238.0,243.0,238.0,242.0,5.0,393,355
2023-03-10,2247,309619,75174370,241.5,246.5,239.0,245.0,3.0,800,359
2023-03-13,2247,249243,60069760,245.0,246.0,237.0,239.5,-5.5,665,356
2023-03-14,2247,155416,36603731,239.0,239.0,234.0,234.0,-5.5,2072,391
2023-03-15,2247,108667,25788643,237.0,239.5,235.0,237.0,3.0,157,453
2023-03-16,2247,88402,20798216,238.0,238.0,234.0,235.0,-2.0,601,532
2023-03-17,2247,100471,23820381,237.5,239.0,235.0,236.0,1.0,573,457
2023-03-20,2247,69019,16490358,237.0,240.0,237.0,239.0,3.0,126,489
2023-03-21,2247,189843,45958245,240.0,244.0,239.5,243.0,4.0,430,369
2023-03-22,2247,69357,16871734,245.0,245.0,242.0,242.5,-0.5,599,527
2023-03-23,2247,68537,16617532,242.5,244.0,241.0,242.0,-0.5,249,517
2023-03-24,2247,72283,17371859,244.5,244.5,239.0,239.5,-2.5,104,531
2023-03-27,2247,341445,84077930,245.0,249.0,242.5,247.0,7.5,486,288
2023-03-28,2247,140207,34665184,249.0,249.0,245.0,248.0,1.0,750,418
2023-03-29,2247,951331,242821314,248.5,259.5,248.5,257.5,9.5,1510,160
2023-03-30,2247,590007,153583919,258.0,265.5,255.0,257.5,0.0,1735,209
2023-03-31,2247,192835,49887290,258.0,261.5,256.0,259.0,1.5,304,345
2023-04-06,2247,370052,97395171,262.0,267.0,258.5,263.5,4.5,539,265
2023-04-07,2247,166525,43987263,265.0,265.5,263.0,263.0,-0.5,290,353
2023-04-10,2247,172543,45574151,263.0,267.0,263.0,264.0,1.0,274,369
2023-04-11,2247,300944,80567326,264.0,269.5,264.0,269.0,5.0,738,302
2023-04-12,2247,846735,236600634,268.0,286.0,268.0,282.0,13.0,1468,177
2023-04-13,2247,1182276,343799942,285.0,298.0,281.0,292.0,10.0,2568,147
2023-04-14,2247,744098,213935922,292.5,297.0,283.0,285.5,-6.5,2246,201
2023-04-17,2247,568016,165562213,286.5,296.0,286.0,292.0,6.5,762,242
2023-04-18,2247,423448,122212076,291.5,293.0,286.0,289.5,-2.5,630,283
2023-04-19,2247,313028,91134504,290.5,295.5,288.5,289.0,-0.5,442,333
2023-04-20,2247,1015519,286863798,288.0,293.0,275.0,282.0,-7.0,1211,168
2023-04-21,2247,452478,127352876,284.0,287.5,277.0,283.0,1.0,694,287
2023-04-24,2247,241085,68156051,283.0,285.5,280.0,284.0,1.0,433,304
2023-04-25,2247,317824,90375800,285.5,289.0,281.5,282.0,-2.0,799,330
2023-04-26,2247,397819,114272481,283.0,292.0,281.5,291.0,9.0,738,237
2023-04-27,2247,222677,64458801,291.5,292.0,287.5,290.0,-1.0,496,295
2023-04-28,2247,656398,194366069,291.0,299.0,289.0,297.0,7.0,830,185
2023-05-02,2247,536355,158940244,298.0,302.5,293.5,295.5,-1.5,874,214
2023-05-03,2247,597480,172731857,290.5,293.5,286.0,287.0,-8.5,752,183
2023-05-04,2247,211457,60658248,288.0,289.5,285.5,287.0,0.0,404,315
2023-05-05,2247,143914,41585366,287.5,290.0,287.0,289.5,2.5,185,366
2023-05-08,2247,215642,62724691,290.0,293.5,288.0,289.5,0.0,299,333
2023-05-09,2247,143573,41402820,291.0,291.0,286.0,289.5,0.0,440,389
2023-05-10,2247,150528,43668930,288.5,291.5,287.0,291.0,1.5,221,348
2023-05-11,2247,708531,200654787,289.0,289.0,280.0,280.0,-11.0,936,185
2023-05-12,2247,575029,166030871,281.0,292.0,280.5,290.0,10.0,828,186
2023-05-15,2247,198921,57138400,291.5,292.0,283.5,284.0,-6.0,819,308
2023-05-16,2247,185608,52908108,284.0,288.0,282.5,288.0,4.0,285,329
2023-05-17,2247,881119,260650541,288.5,300.0,288.5,298.0,10.0,1117,175
2023-05-18,2247,1874110,579633637,300.0,321.0,295.5,319.5,21.5,2415,109
2023-05-19,2247,1252207,390545833,323.5,323.5,303.0,304.5,-15.0,1576,141
2023-05-22,2247,527086,158617534,308.5,308.5,297.0,299.5,-5.0,716,218
2023-05-23,2247,546815,163027498,301.5,305.5,294.5,295.0,-4.5,726,223
2023-05-24,2247,341670,101719700,295.0,302.0,295.0,298.5,3.5,393,270
2023-05-25,2247,276544,82206779,298.0,300.5,295.0,295.0,-3.5,370,296
2023-05-26,2247,967044,277907571,295.5,295.5,284.5,284.5,-10.5,1184,170
2023-05-29,2247,284579,82006703,286.0,290.0,284.5,288.0,3.5,318,301
2023-05-30,2247,545918,159531577,286.0,296.5,286.0,288.5,0.5,701,226
2023-05-31,2247,561587,162769537,290.5,293.0,286.0,289.5,1.0,441,247
2023-06-01,2247,446258,131446092,292.5,297.0,292.0,293.5,4.0,541,263
2023-06-02,2247,508589,151709186,298.0,301.5,296.0,297.0,3.5,629,268
2023-06-05,2247,389386,116541993,299.5,301.5,297.5,298.5,1.5,446,293
2023-06-06,2247,333535,100511415,299.5,303.5,299.5,301.5,3.0,469,312
2023-06-07,2247,263122,79708163,304.5,304.5,301.5,303.0,1.5,364,355
2023-06-08,2247,289298,86947613,303.0,303.5,298.0,298.0,-5.0,426,351
2023-06-09,2247,343523,104029025,300.5,305.0,298.5,304.5,6.5,464,322
2023-06-12,2247,813276,250574575,307.5,312.0,303.5,305.0,0.5,1056,193
2023-06-13,2247,1625548,508853470,315.5,320.0,306.5,313.0,8.0,1748,122
2023-06-14,2247,2488053,834593141,316.0,344.0,314.0,344.0,31.0,2613,76
2023-06-15,2247,2106588,741995066,356.0,359.0,344.0,352.5,8.5,2526,93
2023-06-16,2247,2199175,705399871,345.0,345.5,307.5,308.0,0.0,2909,124
2023-06-19,2247,1173233,366944845,310.0,318.0,305.0,315.0,7.0,1315,158
2023-06-20,2247,1013313,321066862,315.0,323.0,308.5,319.5,4.5,1174,167
2023-06-21,2247,1636715,546763422,323.5,342.0,321.5,337.0,17.5,2045,119
2023-06-26,2247,898454,303444942,337.0,343.5,334.0,334.0,-3.0,1097,173
2023-06-27,2247,849808,286525633,334.5,341.0,330.5,339.5,5.5,918,169
2023-06-28,2247,1378657,479687683,348.5,357.0,341.5,345.0,5.5,1746,105
2023-06-29,2247,419067,144766547,344.5,350.0,342.5,345.5,0.5,514,249
2023-06-30,2247,556070,190171149,347.0,350.5,337.0,338.0,-7.5,814,207
2023-07-03,2247,349843,118859447,342.0,342.0,336.0,338.0,0.0,542,301
2023-07-04,2247,490658,164684716,341.0,341.5,330.0,335.5,-2.5,687,257
2023-07-05,2247,206709,69468948,335.5,337.5,334.5,336.0,0.5,295,389
2023-07-06,2247,181018,60308724,337.0,337.0,331.5,333.0,-3.0,418,412
2023-07-07,2247,347306,113592206,331.0,331.0,324.0,329.5,-3.5,648,313
