date,stock_id,Trading_Volume,Trading_money,open,max,min,close,spread,Trading_turnover,Trading_money_rank
2023-03-14,2645,8433623,768527459,91.9,94.7,89.5,89.5,0.0,5999,56
2023-03-15,2645,4003732,360092663,90.3,91.5,88.5,89.5,0.0,2879,130
2023-03-16,2645,3228453,278196662,88.6,88.7,84.1,84.7,-4.8,2750,155
2023-03-17,2645,3583662,316852380,85.4,90.2,85.4,89.9,5.2,2643,163
2023-03-20,2645,2509092,225630526,89.1,91.4,88.1,90.8,0.9,1926,155
2023-03-21,2645,1760202,158898306,90.8,90.9,89.5,90.1,-0.7,1437,198
2023-03-22,2645,2463430,224563552,91.5,92.4,90.1,90.9,0.8,1755,171
2023-03-23,2645,2062055,188098361,90.0,92.3,89.9,91.8,0.9,1716,196
2023-03-24,2645,1470629,133766748,91.4,91.7,90.5,90.6,-1.2,1290,252
2023-03-27,2645,5164197,481749257,90.8,96.1,90.6,95.8,5.2,4049,97
2023-03-28,2645,4571454,430274714,95.4,95.8,91.9,95.7,-0.1,3896,100
2023-03-29,2645,4122824,398587808,96.5,99.0,94.6,99.0,3.3,3639,104
2023-03-30,2645,3436983,338199413,98.0,99.6,97.2,98.8,-0.2,2959,119
2023-03-31,2645,2140607,209730096,98.9,98.9,97.5,97.8,-1.0,1870,178
2023-04-06,2645,4693426,468736780,98.0,103.5,96.7,103.5,5.7,3232,107
2023-04-07,2645,5304229,550116998,102.0,106.0,102.0,102.0,-1.5,4399,72
2023-04-10,2645,2863607,285105678,102.0,103.0,97.9,99.2,-2.8,2732,124
2023-04-11,2645,2409919,238493911,98.3,99.8,98.2,99.8,0.6,1960,176
2023-04-12,2645,4010691,409050485,100.5,104.0,99.9,103.0,3.2,3095,116
2023-04-13,2645,9201403,993967584,103.5,113.0,101.5,108.0,5.0,6728,64
2023-04-14,2645,7173196,782617298,106.5,112.0,106.0,111.5,3.5,5032,74
2023-04-17,2645,5634720,676556588,114.0,122.5,114.0,122.5,11.0,3277,77
2023-04-18,2645,11769591,1434452999,123.0,128.0,116.5,121.0,-1.5,7471,36
2023-04-19,2645,6089462,723749238,121.0,122.0,115.5,118.5,-2.5,4514,90
2023-04-20,2645,6768159,761780207,117.5,118.5,109.0,111.0,-7.5,5380,70
2023-04-21,2645,5943668,655036805,111.5,115.0,104.0,112.5,1.5,4951,83
2023-04-24,2645,2444837,271829986,110.0,113.5,108.0,113.0,0.5,2184,139
2023-04-25,2645,4773916,538117909,112.5,117.0,108.5,110.0,-3.0,3912,105
2023-04-26,2645,2809298,303494855,110.0,110.0,105.5,109.0,-1.0,2344,147
2023-04-27,2645,3718857,418985327,109.0,115.0,109.0,114.5,5.5,3202,108
2023-04-28,2645,3618666,414610136,115.0,116.5,113.0,114.5,0.0,3185,117
2023-05-02,2645,3078730,355137965,115.5,117.0,114.0,114.0,-0.5,2550,119
2023-05-03,2645,2802539,316732444,114.0,116.5,110.5,111.5,-2.5,2555,123
2023-05-04,2645,3766555,407070758,112.5,113.0,106.5,108.0,-3.5,3680,112
2023-05-05,2645,3075434,324579709,107.0,107.5,103.5,105.5,-2.5,2834,117
2023-05-08,2645,1706002,181408781,106.5,107.5,105.0,106.0,0.5,1440,196
2023-05-09,2645,3342818,344186982,105.0,105.5,101.5,102.0,-4.0,2764,124
2023-05-10,2645,1316247,135907584,102.0,104.5,101.5,104.0,2.0,1161,216
2023-05-11,2645,2051152,208477548,104.0,104.0,100.5,101.0,-3.0,1653,180
2023-05-12,2645,2419707,249507689,100.0,106.0,99.1,105.0,4.0,2048,157
2023-05-15,2645,1293995,133019501,104.5,104.5,102.0,102.0,-3.0,1228,210
2023-05-16,2645,814176,83812261,102.5,103.5,102.5,102.5,0.5,848,265
2023-05-17,2645,1101006,114752544,102.5,105.0,102.5,105.0,2.5,994,253
2023-05-18,2645,881670,91374763,105.5,105.5,103.0,103.0,-2.0,1033,287
2023-05-19,2645,1040419,107878125,103.0,104.5,102.5,103.0,0.0,875,270
2023-05-22,2645,1309311,137327091,103.0,106.0,103.0,105.0,2.0,1099,237
2023-05-23,2645,2539808,271737702,105.0,108.5,104.0,108.0,3.0,2032,162
2023-05-24,2645,5281436,590425855,110.5,113.5,110.0,112.5,4.5,4150,84
2023-05-25,2645,2589040,284913436,111.5,112.0,108.5,110.0,-2.5,2710,159
2023-05-26,2645,1983402,213641033,109.0,109.5,106.5,107.0,-3.0,2032,199
2023-05-29,2645,1228292,132299346,108.0,109.5,107.0,107.0,0.0,1126,256
2023-05-30,2645,1348753,142242043,108.0,108.5,104.0,105.0,-2.0,1469,236
2023-05-31,2645,881219,93617373,104.5,107.5,104.5,105.5,0.5,808,303
2023-06-01,2645,948751,101452700,106.0,107.5,106.0,107.5,2.0,760,292
2023-06-02,2645,1331201,143355131,108.0,109.0,106.5,106.5,-1.0,1132,272
2023-06-05,2645,1175933,126971265,107.5,109.0,106.5,108.5,2.0,987,284
2023-06-06,2645,1371337,148307607,108.0,109.0,107.0,108.0,-0.5,1164,255
2023-06-07,2645,2661047,293381081,109.5,111.5,109.0,110.5,2.5,2037,180
2023-06-08,2645,2088333,229388443,110.5,111.0,108.0,110.0,-0.5,1556,223
2023-06-09,2645,1925249,211589750,112.0,113.0,108.0,108.5,-1.5,1634,218
2023-06-12,2645,1710943,182215212,109.0,109.0,105.0,105.5,-3.0,1493,239
2023-06-13,2645,1283609,136596547,105.5,107.5,105.5,106.5,1.0,1003,295
2023-06-14,2645,3683728,385274222,106.5,107.0,103.0,104.0,-2.5,2824,150
2023-06-15,2645,6812178,739949488,106.0,114.0,104.5,113.0,9.0,4430,94
2023-06-16,2645,3993357,444709695,112.0,113.0,110.0,111.5,-1.5,3127,164
2023-06-19,2645,9247812,1080012325,111.0,120.0,111.0,119.0,7.5,6901,69
2023-06-20,2645,5739431,672680625,119.0,119.5,115.0,118.0,-1.0,4716,99
2023-06-21,2645,2689411,314133587,118.0,118.0,116.0,117.5,-0.5,2407,169
2023-06-26,2645,3822625,436285031,117.5,117.5,111.5,112.5,-5.0,3388,138
2023-06-27,2645,1972732,216605028,112.5,112.5,108.5,109.5,-3.0,2259,212
2023-06-28,2645,1606490,177766645,110.5,111.5,109.5,111.0,1.5,1486,216
2023-06-29,2645,1382686,152331813,111.0,111.0,109.0,109.5,-1.5,1153,241
2023-06-30,2645,1186464,130945065,110.5,112.0,109.0,112.0,2.5,1142,263
2023-07-03,2645,2282482,254561149,113.0,113.0,110.5,112.5,0.5,1670,182
2023-07-04,2645,2605577,290584511,113.0,113.0,110.0,111.0,-1.5,2016,190
2023-07-05,2645,4749453,542643866,111.5,116.0,111.5,114.0,3.0,3352,107
2023-07-06,2645,2481366,282784758,114.0,115.0,113.0,113.5,-0.5,1815,201
2023-07-07,2645,3536125,400898690,113.0,115.0,111.0,114.0,0.5,2412,146
2023-07-10,2645,2753953,306268458,112.0,113.0,109.5,110.5,0.0,1897,163
2023-07-11,2645,4169867,469112981,113.0,114.0,111.0,112.0,1.5,2441,114
2023-07-12,2645,2579983,288567908,113.0,113.5,110.5,110.5,-1.5,1809,171
2023-07-13,2645,3980054,429626004,111.5,112.0,106.5,106.5,-4.0,3784,146
