date,stock_id,Trading_Volume,Trading_money,open,max,min,close,spread,Trading_turnover,Trading_money_rank
2021-11-30,2945,3321604,260173119,77.9,87.6,73.0,84.0,0.0,2584,207
2021-12-01,2945,1594255,127071251,80.8,81.5,78.2,78.7,-5.3,1412,242
2021-12-02,2945,615095,47423858,78.7,79.5,76.2,76.3,-2.4,659,377
2021-12-03,2945,514461,39659227,76.6,77.9,76.0,77.1,0.8,475,374
2021-12-06,2945,399425,30151563,77.0,77.1,75.0,75.3,-1.8,436,400
2021-12-07,2945,444248,32856302,75.3,75.3,72.4,73.0,-2.3,526,413
2021-12-08,2945,280080,20655489,73.1,74.7,73.1,73.5,0.5,292,495
2021-12-09,2945,321568,23316540,73.6,73.7,71.5,71.5,-2.0,370,464
2021-12-10,2945,478593,34316200,71.5,73.9,70.2,73.7,2.2,453,397
2021-12-13,2945,222223,16135861,73.5,73.5,72.0,72.5,-1.2,207,551
2021-12-14,2945,162152,11634750,72.1,72.4,71.5,71.5,-1.0,179,596
2021-12-15,2945,89293,6384680,71.3,71.9,71.2,71.5,0.0,96,629
2021-12-16,2945,191471,13848443,71.9,73.5,71.6,72.9,1.4,170,519
2021-12-17,2945,155519,11381176,72.7,74.0,72.4,72.7,-0.2,170,565
2021-12-20,2945,82605,5967330,72.7,72.7,71.8,72.1,-0.6,85,624
2021-12-21,2945,128307,9219587,72.1,72.5,71.5,72.3,0.2,142,553
2021-12-22,2945,102778,7371019,71.9,72.0,71.5,71.6,-0.7,111,595
2021-12-23,2945,64822,4675557,72.5,72.5,71.8,72.0,0.4,74,675
2021-12-24,2945,64849,4650233,72.0,72.2,71.5,71.7,-0.3,95,684
2021-12-27,2945,93772,6703153,71.8,71.8,71.3,71.4,-0.3,126,657
2021-12-28,2945,150193,10663727,71.3,71.4,70.7,70.9,-0.5,193,598
2021-12-29,2945,81434,5778706,70.8,71.4,70.4,70.8,-0.1,111,677
2021-12-30,2945,56002,3964280,70.7,71.1,70.6,70.8,0.0,86,740
2022-01-03,2945,75256,5323267,71.1,71.1,70.5,70.5,-0.3,106,703
2022-01-04,2945,80005,5640266,70.5,70.9,70.3,70.8,0.3,92,691
2022-01-05,2945,57361,4073340,70.8,71.2,70.8,70.9,0.1,76,732
2022-01-06,2945,51820,3684349,71.0,71.4,70.9,70.9,0.0,56,726
2022-01-07,2945,109805,7723891,70.8,70.8,70.0,70.5,-0.4,139,667
2022-01-10,2945,55913,3944012,70.0,71.0,70.0,70.2,-0.3,54,715
2022-01-11,2945,158574,11068107,70.2,70.2,69.3,69.5,-0.7,196,609
2022-01-12,2945,78591,5457455,69.9,69.9,69.3,69.5,0.0,109,682
2022-01-13,2945,53144,3691815,69.4,69.9,69.3,69.4,-0.1,76,707
2022-01-14,2945,141137,9680054,69.4,69.4,68.2,68.4,-1.0,178,613
2022-01-17,2945,101637,6961665,68.5,68.8,68.3,68.8,0.4,91,608
2022-01-18,2945,66047,4529306,68.5,68.9,68.3,68.4,-0.4,87,669
2022-01-19,2945,69128,4729159,68.4,69.3,68.1,69.3,0.9,106,659
2022-01-20,2945,75916,5296690,69.1,70.0,69.1,70.0,0.7,79,614
2022-01-21,2945,99560,6950747,70.0,70.3,69.5,69.7,-0.3,106,648
2022-01-24,2945,40850,2818656,69.5,69.5,68.8,68.8,-0.9,118,783
2022-01-25,2945,87291,5954978,69.3,69.3,68.0,68.0,-0.8,291,671
2022-01-26,2945,62663,4257301,68.3,68.3,67.6,67.8,-0.2,73,668
2022-02-07,2945,45565,3101163,67.8,68.5,67.7,68.3,0.5,71,734
2022-02-08,2945,62438,4245235,68.4,68.6,67.6,68.6,0.3,65,682
2022-02-09,2945,65309,4499452,68.6,69.3,68.5,68.8,0.2,54,701
2022-02-10,2945,16400,1126500,68.8,68.8,68.6,68.7,-0.1,27,840
2022-02-11,2945,30324,2075753,68.6,68.6,68.4,68.4,-0.3,44,776
2022-02-14,2945,69539,4701276,68.0,68.0,67.4,67.9,-0.5,92,694
2022-02-15,2945,47390,3197655,67.5,67.6,67.3,67.3,-0.6,63,721
2022-02-16,2945,62787,4233512,67.5,67.6,67.3,67.3,0.0,63,688
2022-02-17,2945,70863,4743653,67.3,67.3,66.8,66.8,-0.5,111,678
2022-02-18,2945,57353,3819132,66.8,66.8,66.4,66.5,-0.3,119,692
2022-02-21,2945,46938,3115392,66.4,66.7,66.1,66.2,-0.3,96,727
2022-02-22,2945,49392,3239711,65.9,66.0,65.3,65.6,-0.6,114,763
2022-02-23,2945,33029,2160507,65.7,65.7,65.2,65.5,-0.1,44,746
2022-02-24,2945,145242,9373057,65.3,65.3,63.2,63.5,-2.0,188,663
2022-02-25,2945,97542,6128134,63.8,63.8,62.0,62.5,-1.0,286,653
2022-03-01,2945,91687,5747854,62.9,63.0,62.0,62.5,0.0,93,642
2022-03-02,2945,38001,2369144,62.5,62.5,62.2,62.4,-0.1,70,739
2022-03-03,2945,61328,3836485,62.4,62.7,62.4,62.7,0.3,75,688
2022-03-04,2945,93242,5785872,62.7,62.7,61.7,61.8,-0.9,111,646
2022-03-07,2945,93190,5655107,61.5,61.5,60.4,60.5,-1.3,123,745
2022-03-08,2945,112750,6687313,60.3,60.3,59.0,59.5,-1.0,170,705
2022-03-09,2945,23433,1404592,59.6,60.3,59.6,60.3,0.8,35,819
2022-03-10,2945,39795,2412057,60.4,61.0,60.4,60.4,0.1,53,759
2022-03-11,2945,31074,1864015,60.3,60.3,59.8,59.9,-0.5,39,763
2022-03-14,2945,22982,1370935,60.0,60.2,59.2,59.4,-0.5,46,806
2022-03-15,2945,61900,3678614,59.5,59.7,59.0,59.1,-0.3,83,710
2022-03-16,2945,42945,2547366,59.2,59.7,59.1,59.7,0.6,62,763
2022-03-17,2945,71372,4362300,60.1,61.6,60.1,61.4,1.7,87,708
2022-03-18,2945,61725,3805403,61.2,62.3,61.0,62.1,0.7,69,665
2022-03-21,2945,50522,3143256,62.1,62.4,62.0,62.3,0.2,50,712
2022-03-22,2945,50268,3141200,62.0,62.8,62.0,62.4,0.1,43,698
2022-03-23,2945,22446,1400153,62.4,62.6,62.1,62.4,0.0,29,845
2022-03-24,2945,57404,3599536,62.5,62.9,62.4,62.8,0.4,60,701
2022-03-25,2945,27443,1724942,63.4,63.4,62.5,62.5,-0.3,38,808
2022-03-28,2945,19729,1224001,62.5,62.5,61.4,61.6,-0.9,33,840
2022-03-29,2945,32341,2012279,62.0,63.0,61.7,62.2,0.6,38,772
2022-03-30,2945,24688,1529558,62.2,62.2,61.5,62.1,-0.1,38,836
2022-03-31,2945,79215,5021520,62.1,64.0,62.1,63.2,1.1,92,655
2022-04-01,2945,22708,1421786,63.2,63.2,62.2,62.2,-1.0,41,820
2022-04-06,2945,74410,4721687,63.5,63.7,63.0,63.3,1.1,60,663
2022-04-07,2945,43491,2753245,64.1,64.1,62.4,63.0,-0.3,56,794
2022-04-08,2945,23809,1483181,63.9,63.9,62.1,62.1,-0.9,35,819
2022-04-11,2945,12886,792992,61.9,61.9,61.4,61.4,-0.7,36,900
2022-04-12,2945,22692,1384955,61.3,61.4,60.5,61.3,-0.1,36,829
2022-04-13,2945,20126,1243034,61.2,62.5,61.2,61.7,0.4,32,864
2022-04-14,2945,20336,1255624,61.7,61.9,61.5,61.8,0.1,35,819
2022-04-15,2945,11031,674927,61.7,61.7,61.0,61.5,-0.3,15,884
2022-04-18,2945,34572,2180617,65.4,65.4,61.2,62.5,1.0,48,780
2022-04-19,2945,15656,967588,62.2,62.5,61.5,61.5,-1.0,23,837
2022-04-20,2945,8765,538369,61.4,61.8,61.3,61.3,-0.2,20,898
2022-04-21,2945,15443,948020,62.1,62.1,61.2,61.2,-0.1,24,849
2022-04-22,2945,39538,2390438,60.5,61.0,60.0,60.9,-0.3,46,753
2022-04-25,2945,58294,3511690,60.7,62.0,59.8,60.0,-0.9,59,757
2022-04-26,2945,44222,2662584,60.8,60.8,59.9,60.2,0.2,38,732
2022-04-27,2945,64523,3865632,60.0,61.5,59.4,60.4,0.2,56,761
2022-04-28,2945,23490,1419011,61.0,61.0,59.6,60.7,0.3,30,799
2022-04-29,2945,22443,1347830,60.0,60.2,60.0,60.2,-0.5,37,810
2022-05-03,2945,20390,1229944,60.9,60.9,60.0,60.0,-0.2,25,800
2022-05-04,2945,14420,864931,60.2,60.3,59.6,60.0,0.0,18,829
2022-05-05,2945,38410,2295602,61.6,61.6,59.5,59.8,-0.2,33,731
2022-05-06,2945,87054,5103805,59.2,59.2,57.9,59.0,-0.8,107,627
2022-05-09,2945,299474,16444107,55.1,56.7,53.1,53.1,-5.9,292,517
2022-05-10,2945,242022,12170226,53.0,53.0,49.8,50.2,-2.9,282,528
2022-05-11,2945,121511,6176466,50.5,52.5,50.1,51.0,0.8,126,615
2022-05-12,2945,58916,2957843,50.5,50.7,49.95,49.95,-1.05,79,785
2022-05-13,2945,59877,3001462,49.95,50.5,49.95,50.0,0.05,73,723
2022-05-16,2945,46352,2318765,50.0,50.3,49.95,50.2,0.2,49,753
2022-05-17,2945,42341,2099710,50.0,50.0,49.3,49.5,-0.7,87,765
2022-05-18,2945,58368,2912939,49.3,50.7,49.3,50.1,0.6,52,762
2022-05-19,2945,47410,2335799,49.5,49.5,49.0,49.5,-0.6,61,726
2022-05-20,2945,32342,1600884,49.6,50.1,49.0,49.3,-0.2,32,779
2022-05-23,2945,57694,2836336,49.3,49.3,49.0,49.2,-0.1,65,694
2022-05-24,2945,50633,2485942,49.15,49.3,49.0,49.2,0.0,57,702
2022-05-25,2945,36036,1771271,49.2,49.2,49.1,49.2,0.0,30,758
2022-05-26,2945,36152,1784535,49.35,49.6,49.25,49.35,0.15,35,762
2022-05-27,2945,47675,2406799,49.9,51.0,49.9,50.4,1.05,62,718
2022-05-30,2945,70411,3614142,50.5,52.8,50.0,52.5,2.1,82,706
2022-05-31,2945,43990,2275528,52.9,52.9,51.0,51.3,-1.2,58,719
2022-06-01,2945,134155,7173697,52.0,54.9,51.1,54.9,3.6,164,620
2022-06-02,2945,110912,6037740,54.9,55.3,53.3,54.9,0.0,121,593
2022-06-06,2945,81712,4373584,54.3,54.5,53.0,53.5,-1.4,89,644
2022-06-07,2945,28067,1492865,53.3,53.5,53.0,53.3,-0.2,46,801
2022-06-08,2945,23668,1255669,52.7,53.7,52.7,53.4,0.1,31,820
2022-06-09,2945,117371,6477327,53.4,57.6,53.0,56.1,2.7,138,585
2022-06-10,2945,67515,3792248,55.9,56.7,55.3,56.4,0.3,89,680
2022-06-13,2945,94367,5162338,56.2,56.2,53.2,53.2,-3.2,136,704
2022-06-14,2945,48721,2560757,53.0,53.6,52.0,53.6,0.4,57,783
2022-06-15,2945,23787,1278116,52.6,54.2,52.6,54.2,0.6,29,874
2022-06-16,2945,29708,1574193,54.5,54.7,51.5,52.0,-2.2,46,832
2022-06-17,2945,28504,1475695,52.0,52.6,51.4,51.5,-0.5,35,841
2022-06-20,2945,28529,1483746,52.2,52.9,51.5,51.5,0.0,41,852
2022-06-21,2945,23060,1198220,51.1,52.5,51.1,52.5,1.0,24,872
2022-06-22,2945,24200,1244900,52.7,52.7,50.8,51.0,-1.5,26,838
2022-06-23,2945,31303,1591929,51.5,51.5,50.5,51.2,0.2,46,843
2022-06-24,2945,20403,1047678,51.5,51.8,51.0,51.0,-0.2,25,863
2022-06-27,2945,18000,922000,51.0,51.9,51.0,51.5,0.5,16,884
2022-06-28,2945,8100,413760,51.2,51.2,51.0,51.2,-0.3,9,903
2022-06-29,2945,12588,642200,50.9,51.5,50.8,51.4,0.2,26,863
2022-06-30,2945,19125,967061,51.0,51.0,50.3,50.3,-1.1,32,878
2022-07-01,2945,47992,2398699,50.1,50.3,49.85,49.85,-0.45,61,836
2022-07-04,2945,18750,940692,49.9,50.5,49.9,50.0,0.15,25,877
2022-07-05,2945,14336,725094,50.1,51.4,50.1,50.5,0.5,23,884
2022-07-06,2945,24597,1233559,51.0,51.0,49.85,49.85,-0.65,38,835
2022-07-07,2945,27025,1348291,49.9,50.6,49.8,50.0,0.15,23,808
2022-07-08,2945,11260,576342,51.0,51.4,50.9,50.9,0.9,27,889
2022-07-11,2945,2354,120615,51.3,51.3,51.3,51.3,0.4,12,937
2022-07-12,2945,13236,660790,50.6,50.6,49.65,49.7,-1.6,30,901
2022-07-13,2945,44377,2213471,49.7,50.7,49.7,49.8,0.1,53,755
2022-07-14,2945,23425,1170150,49.8,50.0,49.7,50.0,0.2,45,789
2022-07-15,2945,17381,832450,48.0,48.0,47.6,47.9,0.0,38,842
2022-07-18,2945,14228,682427,47.4,48.4,47.4,48.2,0.3,19,872
2022-07-19,2945,9110,436487,47.6,48.2,47.6,48.0,-0.2,16,892
2022-07-20,2945,14391,690549,48.0,48.35,47.65,48.05,0.05,45,903
2022-07-21,2945,26100,1251465,48.1,48.15,47.7,48.0,-0.05,27,793
2022-07-22,2945,10022,481042,48.0,48.0,47.8,48.0,0.0,19,901
2022-07-25,2945,5006,240292,48.0,48.0,48.0,48.0,0.0,7,916
2022-07-26,2945,5411,258444,47.8,47.8,47.65,47.8,-0.2,11,940
2022-07-27,2945,3501,166916,47.6,47.65,47.6,47.65,-0.15,11,933
2022-07-28,2945,18254,868655,47.65,47.65,47.5,47.5,-0.15,25,861
2022-07-29,2945,35888,1675750,47.5,47.5,46.45,47.0,-0.5,55,755
2022-08-01,2945,11044,515126,46.5,46.8,46.5,46.7,-0.3,28,887
2022-08-02,2945,14986,692270,46.7,46.7,45.7,46.2,-0.5,35,871
2022-08-03,2945,23307,1073567,46.3,46.4,45.9,46.3,0.1,29,833
2022-08-04,2945,10257,478006,46.3,47.3,46.3,46.95,0.65,17,906
2022-08-05,2945,15347,719042,47.15,47.2,46.6,46.6,-0.35,21,878
2022-08-08,2945,32000,1463300,46.2,46.2,45.65,45.7,-0.9,27,783
2022-08-09,2945,53802,2450161,45.5,45.7,45.3,45.7,0.0,48,721
2022-08-10,2945,5923,272577,46.0,46.05,46.0,46.0,0.3,18,937
2022-08-11,2945,5026,232351,46.05,46.35,46.05,46.3,0.3,5,939
2022-08-12,2945,17121,795301,46.3,46.7,46.3,46.7,0.4,20,886
2022-08-15,2945,13069,608355,46.7,46.7,46.4,46.7,0.0,23,914
2022-08-16,2945,8390,394511,48.0,48.0,46.7,46.7,0.0,24,923
2022-08-17,2945,5708,267731,46.8,46.8,46.7,46.75,0.05,16,946
2022-08-18,2945,7277,335950,46.35,46.8,45.45,46.8,0.05,15,917
2022-08-19,2945,12550,583058,46.5,46.5,46.4,46.5,-0.3,30,899
2022-08-22,2945,12200,562821,46.5,46.5,45.8,46.3,-0.2,29,905
2022-08-23,2945,15406,709997,46.05,46.1,46.05,46.05,-0.25,20,878
2022-08-24,2945,14000,644600,46.1,46.1,46.0,46.0,-0.05,13,895
2022-08-25,2945,27334,1255212,46.0,46.1,45.6,45.7,-0.3,27,855
2022-08-26,2945,19342,884635,45.7,46.2,45.6,46.2,0.5,21,896
2022-08-29,2945,9120,418644,46.15,46.15,45.65,45.7,-0.5,13,938
2022-08-30,2945,25413,1167032,45.5,46.6,45.5,46.6,0.9,27,863
2022-08-31,2945,51195,2485520,47.45,49.0,47.45,48.3,1.7,67,760
2022-09-01,2945,19259,914668,48.0,48.0,47.0,47.0,-1.3,33,913
2022-09-02,2945,12043,563066,47.05,47.05,46.4,46.7,-0.3,16,898
2022-09-05,2945,1407,65826,46.5,46.5,46.5,46.5,-0.2,8,959
2022-09-06,2945,16205,744941,46.5,46.5,45.85,45.85,-0.65,19,876
2022-09-07,2945,27222,1227939,45.8,45.8,45.0,45.3,-0.55,21,858
2022-09-08,2945,5639,257583,45.7,46.1,45.45,45.45,0.15,22,920
2022-09-12,2945,32244,1458550,45.3,45.75,45.0,45.45,0.0,28,819
2022-09-13,2945,28940,1306842,45.45,45.45,45.0,45.2,-0.25,41,823
2022-09-14,2945,89576,3935757,44.5,44.5,43.6,44.0,-1.2,113,698
2022-09-15,2945,38681,1695376,44.0,44.05,43.6,43.65,-0.35,54,805
2022-09-16,2945,27628,1198786,43.5,43.5,43.2,43.25,-0.4,52,826
2022-09-19,2945,60488,2589145,43.25,43.25,42.0,42.25,-1.0,81,739
2022-09-20,2945,74446,3104984,42.25,42.3,41.05,41.1,-1.15,123,681
2022-09-21,2945,44929,1842798,41.0,41.5,40.75,40.8,-0.3,77,794
2022-09-22,2945,27048,1105020,40.5,41.35,40.5,41.35,0.55,44,847
2022-09-23,2945,29617,1225046,41.5,41.7,41.0,41.0,-0.35,74,840
2022-09-26,2945,59219,2354033,40.7,40.7,39.35,39.35,-1.65,161,837
2022-09-27,2945,29202,1146263,39.35,39.5,39.0,39.05,-0.3,45,833
2022-09-28,2945,49027,1830460,38.65,39.0,36.05,36.7,-2.35,82,854
2022-09-29,2945,37000,1361900,36.75,37.0,36.4,36.5,-0.2,27,820
2022-09-30,2945,66734,2414806,36.1,36.5,36.0,36.15,-0.35,71,747
2022-10-03,2945,12417,449908,36.0,36.6,36.0,36.6,0.45,36,879
2022-10-04,2945,40249,1483342,37.05,37.5,36.65,37.5,0.9,41,800
2022-10-05,2945,31634,1200035,37.7,38.3,37.55,37.65,0.15,35,840
2022-10-06,2945,7327,275156,37.65,37.65,37.45,37.55,-0.1,18,890
2022-10-07,2945,16607,624403,37.55,37.7,37.35,37.55,0.0,25,843
2022-10-11,2945,21713,789783,37.4,37.4,36.0,36.0,-1.55,35,883
2022-10-12,2945,5445,198495,36.5,36.5,36.3,36.5,0.5,11,935
2022-10-13,2945,95440,3352083,36.05,36.1,34.55,35.15,-1.35,80,783
2022-10-14,2945,20700,737740,36.0,36.0,35.0,35.7,0.55,33,875
2022-10-17,2945,9180,326030,35.7,35.85,34.7,35.7,0.0,17,912
2022-10-18,2945,3000,106900,35.7,35.7,35.5,35.5,-0.2,3,946
2022-10-19,2945,18246,658555,35.5,36.6,35.5,36.5,1.0,33,859
2022-10-20,2945,5175,185060,36.15,36.15,35.55,35.55,-0.95,15,933
2022-10-21,2945,3451,123280,35.75,35.75,35.75,35.75,0.2,13,937
2022-10-24,2945,21512,767751,35.75,35.75,35.5,35.75,0.0,21,845
2022-10-25,2945,13049,460851,36.0,36.0,35.0,35.0,-0.75,16,900
2022-10-26,2945,26299,915340,35.0,35.0,34.5,34.5,-0.5,36,824
2022-10-27,2945,14197,488931,34.5,34.7,34.25,34.7,0.2,23,878
2022-10-28,2945,4160,144983,34.7,35.0,34.7,34.9,0.2,13,926
2022-10-31,2945,12127,419674,34.8,34.8,34.5,34.6,-0.3,28,875
2022-11-01,2945,8050,277550,34.6,34.6,34.3,34.45,-0.15,9,909
2022-11-02,2945,22092,762812,34.4,34.7,34.4,34.7,0.25,26,829
2022-11-03,2945,9449,329239,34.95,34.95,34.65,34.9,0.2,23,889
2022-11-04,2945,20151,709197,36.0,36.0,34.7,35.0,0.1,25,841
2022-11-07,2945,14249,499265,35.1,35.3,35.0,35.3,0.3,18,900
2022-11-08,2945,58844,2204994,35.55,38.75,35.55,36.95,1.65,90,752
2022-11-09,2945,8180,297586,36.15,36.55,36.15,36.55,-0.4,11,928
2022-11-10,2945,6016,219642,36.55,36.6,36.4,36.6,0.05,6,914
2022-11-11,2945,7660,287172,37.5,37.75,37.45,37.55,0.95,22,936
2022-11-14,2945,31091,1184524,37.55,38.55,37.55,38.5,0.95,31,850
2022-11-15,2945,52395,2008127,38.5,38.75,38.0,38.7,0.2,69,810
2022-11-16,2945,29392,1151425,38.8,40.0,38.6,39.5,0.8,46,860
2022-11-17,2945,76108,3191869,39.9,43.25,39.9,42.0,2.5,95,685
2022-11-18,2945,57672,2422485,42.0,42.3,41.85,41.85,-0.15,55,747
2022-11-21,2945,13261,547648,41.85,41.85,40.55,40.55,-1.3,19,873
2022-11-22,2945,6001,244140,40.55,40.85,40.55,40.65,0.1,7,928
2022-11-23,2945,21622,905264,41.6,42.4,41.6,41.8,1.15,36,854
2022-11-24,2945,22362,924367,41.8,41.8,40.7,41.5,-0.3,53,877
2022-11-25,2945,17422,718542,41.5,41.5,41.0,41.5,0.0,27,875
2022-11-28,2945,26180,1077155,41.5,41.5,40.9,40.9,-0.6,20,831
2022-11-29,2945,9200,374650,40.7,40.75,40.7,40.75,-0.15,9,914
2022-11-30,2945,28034,1173830,40.85,42.75,40.85,42.75,2.0,30,857
2022-12-01,2945,31023,1329381,43.5,43.5,42.6,42.9,0.15,46,854
2022-12-02,2945,40092,1729249,42.5,43.5,42.5,43.2,0.3,33,815
2022-12-05,2945,22306,962833,42.9,43.35,42.9,43.35,0.15,27,883
2022-12-06,2945,15238,657144,42.7,43.35,42.7,43.1,-0.25,19,901
2022-12-07,2945,109371,4982073,43.8,46.5,43.8,46.05,2.95,121,682
2022-12-08,2945,36437,1643023,46.1,46.2,44.05,44.3,-1.75,59,762
2022-12-09,2945,32434,1496642,47.45,47.45,45.8,45.8,1.5,42,792
2022-12-12,2945,13009,592111,45.6,45.65,45.4,45.4,-0.4,15,873
2022-12-13,2945,11282,503830,45.2,45.2,44.5,44.6,-0.8,41,894
2022-12-14,2945,10180,457498,44.6,45.95,44.55,44.75,0.15,16,919
2022-12-15,2945,16314,722878,44.75,44.75,44.15,44.2,-0.55,22,874
2022-12-16,2945,7121,310733,44.0,44.0,43.5,43.55,-0.65,10,943
2022-12-19,2945,11000,478300,43.55,43.55,43.2,43.2,-0.35,9,892
2022-12-20,2945,13017,558884,43.2,43.2,42.65,42.65,-0.55,14,911
2022-12-21,2945,8041,343505,42.65,43.0,42.5,42.5,-0.15,14,915
2022-12-22,2945,8193,346913,42.5,42.5,42.2,42.25,-0.25,12,898
2022-12-23,2945,134,5660,0.0,0.0,0.0,0.0,0.0,6,963
2022-12-26,2945,5010,211623,42.25,42.25,42.2,42.2,0.0,6,927
2022-12-27,2945,1150,48750,42.3,42.3,42.3,42.3,0.1,2,958
2022-12-28,2945,11039,465905,42.4,42.4,42.1,42.15,-0.15,12,898
2022-12-29,2945,3178,133541,42.0,42.0,42.0,42.0,-0.15,15,935
2022-12-30,2945,18328,792948,42.5,43.8,42.5,43.8,1.8,28,830
2023-01-03,2945,5260,229726,43.7,43.7,43.65,43.7,-0.1,12,927
2023-01-04,2945,26135,1154070,43.7,44.8,43.4,44.1,0.4,24,782
2023-01-05,2945,11144,485423,43.6,44.35,43.1,43.25,-0.85,23,884
2023-01-06,2945,11128,484171,43.05,43.8,43.05,43.65,0.4,33,880
2023-01-09,2945,4000,175100,43.65,43.95,43.65,43.7,0.05,4,945
2023-01-10,2945,1201,52383,43.6,43.6,43.6,43.6,-0.1,14,958
2023-01-11,2945,2094,91398,43.7,43.7,43.6,43.6,0.0,5,952
2023-01-12,2945,1117,48707,43.6,43.6,43.6,43.6,0.0,7,959
2023-01-13,2945,4046,176409,43.65,43.65,43.55,43.55,-0.05,6,939
2023-01-16,2945,5025,212640,42.25,42.4,42.25,42.4,-1.15,7,932
2023-01-17,2945,5077,215777,42.5,42.6,42.5,42.6,0.2,20,930
2023-01-30,2945,2400,102140,42.35,42.5,42.35,42.5,-0.1,8,954
2023-01-31,2945,6753,289837,43.0,43.0,42.8,42.8,0.3,26,926
2023-02-01,2945,12051,516793,43.2,43.2,42.75,42.8,0.0,22,919
2023-02-02,2945,41151,1763241,43.0,43.0,42.55,42.55,-0.25,212,819
2023-02-03,2945,20000,868600,43.0,43.75,43.0,43.25,0.7,20,865
2023-02-06,2945,27376,1188653,43.5,45.0,43.2,43.2,-0.05,59,830
2023-02-07,2945,18149,786075,43.6,43.6,43.2,43.3,0.1,18,854
2023-02-08,2945,26218,1152833,43.5,44.25,43.5,44.1,0.8,36,853
2023-02-09,2945,40263,1809086,44.1,46.3,44.1,46.3,2.2,66,788
2023-02-10,2945,94864,4474780,46.5,47.5,46.5,47.25,0.95,133,703
2023-02-13,2945,48424,2260946,47.3,47.3,45.6,46.0,-1.25,142,769
2023-02-14,2945,30084,1378506,46.5,46.5,45.5,45.75,-0.25,109,821
2023-02-15,2945,46141,2126157,46.0,46.45,45.6,45.6,-0.15,51,785
2023-02-16,2945,23368,1082925,46.5,46.65,46.0,46.0,0.4,32,863
2023-02-17,2945,16232,750983,46.2,46.35,45.6,46.35,0.35,23,873
2023-02-20,2945,31592,1460689,46.0,46.5,46.0,46.1,-0.25,44,867
2023-02-21,2945,21477,990789,46.1,46.25,46.1,46.1,0.0,22,885
2023-02-22,2945,6187,282734,45.65,45.75,45.65,45.75,-0.35,12,951
2023-02-23,2945,23428,1083048,46.0,46.5,46.0,46.0,0.25,33,898
2023-02-24,2945,16570,761242,46.1,46.1,45.8,45.8,-0.2,23,899
2023-03-01,2945,21599,985299,45.8,45.8,45.5,45.6,-0.2,34,885
2023-03-02,2945,15572,713435,45.6,46.0,45.6,46.0,0.4,27,899
2023-03-03,2945,26286,1209636,46.1,46.2,46.0,46.0,0.0,66,867
2023-03-06,2945,33655,1558314,46.0,46.7,46.0,46.4,0.4,38,878
2023-03-07,2945,23415,1079743,46.2,46.2,46.0,46.0,-0.4,42,890
2023-03-08,2945,19137,874245,46.0,46.0,45.55,45.55,-0.45,32,908
2023-03-09,2945,28397,1277969,45.6,45.6,44.3,45.35,-0.2,37,890
2023-03-10,2945,15225,684609,45.4,45.55,44.55,45.45,0.1,20,931
2023-03-13,2945,19111,847916,44.5,45.1,43.7,44.75,-0.7,29,915
2023-03-14,2945,23300,1030614,46.0,46.0,44.0,44.0,-0.75,21,881
2023-03-15,2945,10050,443502,44.0,44.6,44.0,44.0,0.0,11,939
2023-03-16,2945,32980,1418144,43.6,43.6,42.5,42.5,-1.5,52,871
2023-03-17,2945,23882,1021766,42.5,43.5,42.5,42.6,0.1,26,865
2023-03-20,2945,37177,1554028,42.0,42.2,41.7,42.2,-0.4,36,817
2023-03-21,2945,50083,2096261,42.2,42.2,41.6,41.6,-0.6,67,811
2023-03-22,2945,35478,1482043,42.0,42.0,41.7,41.7,0.1,42,852
2023-03-23,2945,59493,2485411,41.9,41.9,41.7,41.75,0.05,44,807
2023-03-24,2945,43088,1816335,41.7,42.6,41.7,42.0,0.25,40,838
2023-03-27,2945,33717,1408491,42.0,42.0,41.7,41.8,-0.2,45,870
2023-03-28,2945,30845,1274395,41.6,41.6,41.0,41.0,-0.8,41,862
2023-03-29,2945,13049,537755,41.2,41.25,41.2,41.2,0.2,14,913
2023-03-30,2945,8619,354403,41.05,41.2,41.0,41.2,0.0,20,937
2023-03-31,2945,36618,1542146,41.3,42.5,41.3,42.5,1.3,47,851
2023-04-06,2945,20378,863192,42.1,42.5,42.0,42.45,-0.05,32,895
2023-04-07,2945,15080,632247,41.9,41.9,41.85,41.9,-0.55,23,913
2023-04-10,2945,8282,346038,41.85,43.0,41.5,41.6,-0.3,13,945
2023-04-11,2945,24119,1003903,41.7,41.7,41.55,41.6,0.0,23,905
2023-04-12,2945,21333,885132,41.6,41.6,41.2,41.2,-0.4,44,917
2023-04-13,2945,12246,507393,41.1,41.9,41.1,41.9,0.7,19,938
2023-04-14,2945,44820,1861473,41.7,41.85,41.3,41.85,-0.05,44,868
2023-04-17,2945,10337,433065,41.85,42.1,41.75,41.75,-0.1,22,950
2023-04-18,2945,16030,669255,41.8,41.85,41.65,41.65,-0.1,19,931
2023-04-19,2945,25165,1054441,41.8,42.0,41.65,42.0,0.35,26,908
2023-04-20,2945,16420,690935,42.0,42.2,42.0,42.0,0.0,21,922
2023-04-21,2945,16682,700808,42.2,42.2,41.95,42.0,0.0,30,917
2023-04-24,2945,10049,422683,42.0,42.15,41.8,42.1,0.1,11,925
2023-04-25,2945,5173,215716,41.6,42.0,41.5,42.0,-0.1,9,959
2023-04-26,2945,5300,220300,41.55,41.55,41.5,41.55,-0.45,5,954
2023-04-27,2945,18252,766534,42.0,42.0,41.95,42.0,0.45,20,874
2023-04-28,2945,39642,1689213,42.0,43.0,42.0,42.95,0.95,41,819
2023-05-02,2945,71859,3124576,42.95,44.9,42.2,43.65,0.7,73,772
2023-05-03,2945,77880,3463916,43.7,44.85,43.25,44.85,1.2,67,727
2023-05-04,2945,49506,2241812,44.85,45.7,44.8,45.4,0.55,68,794
2023-05-05,2945,36742,1652426,45.0,45.95,44.2,44.2,-1.2,91,827
2023-05-08,2945,47570,2055428,44.0,44.0,43.0,43.15,-1.05,72,824
2023-05-09,2945,6192,264322,42.6,42.95,42.6,42.95,-0.2,17,946
2023-05-10,2945,8753,374347,42.5,42.9,42.5,42.8,-0.15,15,936
2023-05-11,2945,19196,814996,42.6,42.6,42.2,42.2,-0.6,38,915
2023-05-12,2945,36674,1537758,42.0,42.3,41.7,41.8,-0.4,130,827
2023-05-15,2945,16210,675190,41.55,41.8,41.5,41.5,-0.3,15,906
2023-05-16,2945,32032,1330241,41.5,41.95,41.4,41.5,0.0,25,876
2023-05-17,2945,27091,1138381,41.5,42.45,41.5,42.0,0.5,23,910
2023-05-18,2945,20192,850474,42.1,42.75,41.95,42.75,0.75,15,924
2023-05-19,2945,26094,1119581,43.0,43.0,42.75,42.95,0.2,22,885
2023-05-22,2945,13527,577855,42.8,42.8,42.7,42.7,-0.25,17,916
2023-05-23,2945,40076,1696151,42.65,42.65,42.2,42.4,-0.3,29,857
2023-05-24,2945,18470,776658,42.4,42.4,41.95,42.05,-0.35,23,910
2023-05-25,2945,5001,210442,42.05,42.1,42.05,42.1,0.05,5,954
2023-05-26,2945,9100,384520,42.1,43.0,42.05,43.0,0.9,10,951
2023-05-29,2945,19740,843829,43.35,43.35,41.9,42.2,-0.8,27,906
2023-05-30,2945,5000,210100,42.1,42.1,42.0,42.0,-0.2,5,954
2023-05-31,2945,32110,1346540,42.0,42.05,41.6,41.9,-0.1,42,849
2023-06-01,2945,12064,506286,41.9,42.0,41.9,42.0,0.1,17,926
2023-06-02,2945,18133,765890,42.5,42.5,41.9,42.0,0.0,23,928
2023-06-05,2945,10369,435888,42.0,42.0,42.0,42.0,0.0,16,945
2023-06-06,2945,13011,546857,42.0,42.3,41.95,42.3,0.3,23,933
2023-06-07,2945,21525,907955,42.3,42.4,41.85,42.4,0.1,30,914
2023-06-08,2945,28253,1186162,42.4,42.4,41.9,41.9,-0.5,38,882
2023-06-09,2945,15212,638354,42.0,42.1,41.9,41.9,0.0,23,939
2023-06-12,2945,8023,337079,42.1,42.1,41.9,41.9,0.0,8,959
2023-06-13,2945,17582,734847,41.8,41.8,41.75,41.75,-0.15,29,933
2023-06-14,2945,6282,262084,41.8,41.8,41.6,41.7,-0.05,10,949
2023-06-15,2945,14000,585650,41.7,42.0,41.6,42.0,0.3,13,951
2023-06-16,2945,11110,467330,41.85,42.2,41.65,42.2,0.2,12,953
2023-06-19,2945,15314,645909,42.2,42.2,42.1,42.1,-0.1,16,925
2023-06-20,2945,3490,145051,41.7,41.8,41.7,41.8,-0.3,9,961
2023-06-21,2945,18874,793458,41.9,42.45,41.85,42.45,0.65,33,946
2023-06-26,2945,35626,1490532,41.9,41.9,41.75,41.8,-0.65,48,880
2023-06-27,2945,10252,428923,41.85,41.9,41.8,41.8,0.0,12,950
2023-06-28,2945,7094,299212,41.8,42.5,41.8,42.1,0.3,8,947
2023-06-29,2945,30247,1270511,42.0,42.05,42.0,42.0,-0.1,22,867
2023-06-30,2945,5091,213919,42.0,42.0,42.0,42.0,0.0,16,959
2023-07-03,2945,16588,698329,42.0,42.45,41.95,42.35,0.35,25,932
2023-07-04,2945,35190,1480619,42.1,42.3,42.0,42.0,-0.35,42,884
2023-07-05,2945,20809,874204,42.0,42.05,41.9,42.05,0.05,19,913
2023-07-06,2945,43902,1843336,42.05,42.25,41.9,41.9,-0.15,36,874
2023-07-07,2945,9126,382159,41.9,41.9,41.85,41.85,-0.05,14,950
2023-07-10,2945,7755,324459,41.8,41.9,41.8,41.8,-0.05,10,959
2023-07-11,2945,31287,1309039,42.0,42.0,41.75,41.8,0.0,23,895
2023-07-12,2945,6151,257404,41.8,41.95,41.75,41.9,0.1,15,960
2023-07-13,2945,22689,944460,41.6,41.7,41.6,41.65,-0.25,35,921
