date,stock_id,Trading_Volume,Trading_money,open,max,min,close,spread,Trading_turnover,Trading_money_rank
2022-12-15,3447,6641945,275034042,39.4,48.0,38.35,48.0,0.0,3212,133
2022-12-16,3447,4855706,214144850,43.4,45.15,42.0,44.5,-3.5,2655,193
2022-12-19,3447,3045414,126806743,44.0,44.0,39.55,41.45,-3.05,1741,208
2022-12-20,3447,1174900,49493967,41.4,43.6,40.8,41.35,-0.1,864,343
2022-12-21,3447,1003337,41919614,41.75,42.8,40.8,42.1,0.75,659,320
2022-12-22,3447,671940,27812479,42.1,42.3,40.95,41.35,-0.75,446,348
2022-12-23,3447,465346,19101066,41.0,41.4,40.5,40.75,-0.6,260,397
2022-12-26,3447,555120,22124831,40.8,40.8,39.15,40.05,-0.7,368,357
2022-12-27,3447,335694,13405018,40.05,40.35,39.5,40.0,-0.05,205,420
2022-12-28,3447,328745,13090905,39.2,40.5,39.2,39.45,-0.55,180,458
2022-12-29,3447,178494,7047949,39.5,39.8,39.3,39.45,0.0,115,549
2022-12-30,3447,185178,7335259,40.35,40.35,39.3,39.5,0.05,121,494
2023-01-03,3447,469519,18866797,39.5,41.15,39.4,40.9,1.4,248,371
2023-01-04,3447,1701224,72640841,40.9,44.2,40.9,43.0,2.1,934,225
2023-01-05,3447,835012,35591578,42.9,43.3,42.0,42.4,-0.6,475,306
2023-01-06,3447,526575,21879917,42.4,42.55,40.9,41.2,-1.2,314,357
2023-01-09,3447,721393,29236972,41.05,41.45,40.0,40.95,-0.25,386,369
2023-01-10,3447,452615,18614946,39.75,42.0,39.75,41.25,0.3,178,416
2023-01-11,3447,125126,5149379,41.0,41.4,40.95,41.4,0.15,93,612
2023-01-12,3447,86050,3553456,41.1,41.45,41.1,41.25,-0.15,70,661
2023-01-13,3447,185882,7730470,41.9,41.95,41.3,41.35,0.1,130,514
2023-01-16,3447,1085009,46891626,41.4,44.0,41.4,43.05,1.7,679,258
2023-01-17,3447,580292,24976073,42.6,43.5,42.3,42.9,-0.15,336,324
2023-01-30,3447,3307500,151071022,44.4,47.15,43.0,47.15,4.25,1496,214
2023-01-31,3447,2248386,109579945,46.9,51.0,46.0,49.35,2.2,1273,258
2023-02-01,3447,992080,48310742,48.95,49.6,48.0,49.3,-0.05,675,360
2023-02-02,3447,925592,44768807,49.1,49.1,47.6,48.6,-0.7,609,379
2023-02-03,3447,834570,40277327,48.3,49.15,47.6,48.0,-0.6,527,371
2023-02-06,3447,513109,24536899,47.25,48.4,47.0,48.2,0.2,329,421
2023-02-07,3447,1459650,68436238,47.15,48.15,46.25,47.6,-0.6,843,278
2023-02-08,3447,1528920,72299133,47.5,47.75,46.55,47.7,0.1,606,278
2023-02-09,3447,1230872,59642417,47.4,49.85,47.1,49.85,2.15,764,292
2023-02-10,3447,1102790,53548694,49.95,49.95,47.35,47.35,-2.5,772,327
2023-02-13,3447,462231,21710302,47.6,47.6,46.55,46.95,-0.4,323,430
2023-02-14,3447,912549,42143685,47.5,47.5,45.3,45.4,-1.55,653,317
2023-02-15,3447,502368,22817291,45.4,46.35,44.55,45.65,0.25,362,418
2023-02-16,3447,399064,18530356,45.65,47.0,45.65,46.8,1.15,269,457
2023-02-17,3447,411983,19364533,46.5,47.7,46.1,47.05,0.25,251,438
2023-02-20,3447,492111,22990851,47.15,47.4,46.2,46.5,-0.55,321,486
2023-02-21,3447,731131,33235064,46.5,46.6,45.0,45.8,-0.7,462,416
2023-02-22,3447,391414,17725954,45.8,45.8,45.0,45.65,-0.15,237,505
2023-02-23,3447,433209,20283977,46.0,47.35,45.8,46.9,1.25,329,506
2023-02-24,3447,400135,18505550,47.3,47.3,45.65,46.0,-0.9,270,528
2023-03-01,3447,207004,9441134,46.0,46.5,45.2,45.5,-0.5,134,612
2023-03-02,3447,406106,18396079,45.9,45.9,45.05,45.35,-0.15,245,476
2023-03-03,3447,429484,19593867,45.55,46.5,45.25,46.2,0.85,274,503
2023-03-06,3447,1291294,62253946,46.6,49.5,46.6,49.5,3.3,828,359
2023-03-07,3447,1071456,52602952,49.5,50.0,48.35,48.8,-0.7,718,368
2023-03-08,3447,1099601,51841727,48.15,48.15,46.5,47.15,-1.65,803,387
2023-03-09,3447,432302,20370579,47.35,47.75,46.7,46.7,-0.45,339,544
2023-03-10,3447,731510,33336927,45.75,46.5,45.2,45.3,-1.4,496,475
2023-03-13,3447,766650,33804535,45.0,45.0,43.5,43.95,-1.35,495,457
2023-03-14,3447,392262,17150876,44.0,44.25,43.3,43.45,-0.5,248,507
2023-03-15,3447,245120,10819989,43.9,44.45,43.8,44.0,0.55,205,579
2023-03-16,3447,658658,27982609,43.3,43.3,41.8,41.9,-2.1,437,484
2023-03-17,3447,178062,7632473,43.0,43.45,42.5,43.45,1.55,140,620
2023-03-20,3447,111009,4788606,43.5,43.5,42.9,43.1,-0.35,90,670
2023-03-21,3447,253488,10924278,43.3,43.4,42.75,42.95,-0.15,178,572
2023-03-22,3447,191256,8318516,43.2,43.75,43.15,43.55,0.6,134,629
2023-03-23,3447,663855,29928231,43.05,46.45,42.9,46.2,2.65,476,439
2023-03-24,3447,761906,35488754,46.3,47.4,45.7,46.4,0.2,545,414
2023-03-27,3447,963828,45525660,47.0,47.75,46.8,47.75,1.35,616,373
2023-03-28,3447,4714654,235805423,48.45,52.5,47.55,52.5,4.75,2489,171
2023-03-29,3447,6330543,348064842,53.0,57.7,53.0,57.7,5.2,3490,119
2023-03-30,3447,5040980,294599159,59.2,60.9,55.6,59.4,1.7,3120,131
2023-03-31,3447,4596405,286400481,60.1,65.0,59.7,62.3,2.9,3091,135
2023-04-06,3447,3525878,213334277,59.6,63.6,58.7,62.8,0.5,2355,177
2023-04-07,3447,3732786,244287557,63.0,69.0,61.2,69.0,6.2,2493,139
2023-04-10,3447,5191508,336861898,68.2,68.2,62.2,64.2,-4.8,3793,107
2023-04-11,3447,2213566,141438386,63.4,65.5,62.2,64.1,-0.1,1739,235
2023-04-12,3447,1376526,87471564,64.3,64.5,62.7,63.4,-0.7,1160,311
2023-04-13,3447,1463862,92355061,63.3,64.4,62.2,62.6,-0.8,1191,323
2023-04-14,3447,1758278,112750809,62.2,65.3,62.2,64.3,1.7,1432,280
2023-04-17,3447,1644135,102801635,63.5,63.6,61.8,61.8,-2.5,1462,314
2023-04-18,3447,2090383,123897300,61.4,62.0,57.8,58.5,-3.3,1695,282
2023-04-19,3447,977432,57814877,58.5,60.3,58.2,59.6,1.1,849,399
2023-04-20,3447,1711872,95526213,59.1,59.3,54.5,55.1,-4.5,1416,319
2023-04-21,3447,1156818,61165971,55.3,55.4,51.4,52.0,-3.1,896,396
2023-04-24,3447,595662,31506392,51.9,54.8,51.9,51.9,-0.1,500,405
2023-04-25,3447,793076,40386775,52.1,52.3,50.0,50.3,-1.6,590,437
2023-04-26,3447,692109,33980367,49.8,49.9,48.5,49.25,-1.05,568,406
2023-04-27,3447,439752,21666111,49.25,49.8,48.15,49.7,0.45,392,434
2023-04-28,3447,707704,35821113,50.1,51.8,49.5,51.0,1.3,579,391
2023-05-02,3447,519738,25863989,50.8,50.8,49.35,49.7,-1.3,477,455
2023-05-03,3447,476825,23265042,49.3,49.3,48.5,48.5,-1.2,414,441
2023-05-04,3447,324159,16037156,48.65,50.0,48.65,50.0,1.5,289,511
2023-05-05,3447,815514,41887810,50.0,52.6,50.0,51.0,1.0,680,365
2023-05-08,3447,541438,27520019,51.8,52.0,50.1,50.1,-0.9,457,448
2023-05-09,3447,394678,19385595,50.1,50.3,48.6,48.7,-1.4,364,506
2023-05-10,3447,260784,12814656,49.6,49.75,48.6,49.1,0.4,196,531
2023-05-11,3447,593638,28029129,49.4,49.4,46.3,46.4,-2.7,546,482
2023-05-12,3447,239853,11205234,46.3,47.1,46.1,47.0,0.6,207,548
2023-05-15,3447,202132,9548300,47.0,47.9,46.65,47.2,0.2,206,596
2023-05-16,3447,240901,11458085,47.8,48.3,47.25,47.55,0.35,234,569
2023-05-17,3447,226079,10842551,47.6,48.3,47.6,48.0,0.45,201,625
2023-05-18,3447,268576,12896104,48.6,48.6,47.65,48.25,0.25,223,563
2023-05-19,3447,290185,13889878,48.8,48.8,47.55,47.85,-0.4,243,553
2023-05-22,3447,184100,8842539,47.95,48.6,47.7,48.6,0.75,147,592
2023-05-23,3447,275710,13483795,48.7,49.25,48.35,49.0,0.4,229,552
2023-05-24,3447,352785,17375001,49.1,49.7,48.9,49.1,0.1,289,516
2023-05-25,3447,226552,10957571,49.2,49.2,48.1,48.45,-0.65,209,583
2023-05-26,3447,371243,17703504,49.0,49.0,47.0,47.0,-1.45,370,547
2023-05-29,3447,316664,15106107,47.0,48.65,46.85,48.2,1.2,234,551
2023-05-30,3447,223960,10921247,48.45,49.2,48.4,48.5,0.3,209,568
2023-05-31,3447,234999,11280119,48.8,48.8,47.7,48.0,-0.5,299,598
2023-06-01,3447,245451,11800770,48.1,48.6,47.7,48.2,0.2,195,579
2023-06-02,3447,302384,14552236,48.9,48.9,47.9,47.9,-0.3,229,581
2023-06-05,3447,226117,10854218,48.4,48.4,47.7,48.0,0.1,192,630
2023-06-06,3447,644885,30176832,47.7,47.75,46.45,46.5,-1.5,531,466
2023-06-07,3447,194361,9112119,46.55,47.2,46.55,46.65,0.15,168,657
2023-06-08,3447,343230,15782675,46.65,46.65,45.65,45.65,-1.0,312,575
2023-06-09,3447,240270,10873886,45.65,45.7,45.1,45.15,-0.5,246,635
2023-06-12,3447,284154,12694517,45.6,45.6,44.2,44.2,-0.95,269,626
2023-06-13,3447,509737,23129883,44.45,47.15,44.15,45.9,1.7,379,525
2023-06-14,3447,364706,16416967,45.9,45.9,44.75,45.1,-0.8,312,573
2023-06-15,3447,209299,9381692,44.9,45.15,44.55,44.7,-0.4,193,658
2023-06-16,3447,331727,14998920,44.8,46.1,44.55,46.1,1.4,255,605
2023-06-19,3447,177375,8118648,46.15,46.15,45.5,45.55,-0.55,140,673
2023-06-20,3447,123315,5571107,46.05,46.05,45.0,45.2,-0.35,138,709
2023-06-21,3447,1329006,62765449,46.3,48.7,46.0,46.7,1.5,973,358
2023-06-26,3447,1721688,83968142,46.7,49.95,45.8,49.65,2.95,1297,328
2023-06-27,3447,3129833,160482885,50.1,53.5,50.1,50.6,0.95,2412,245
2023-06-28,3447,4468057,239893152,50.1,55.6,50.1,55.6,5.0,3010,180
2023-06-29,3447,7750600,435942429,57.2,57.9,54.5,56.8,1.2,4981,121
2023-06-30,3447,5183623,299580664,56.4,59.3,56.0,57.8,1.0,2740,161
2023-07-03,3447,7205124,437369040,58.1,62.9,57.7,60.8,3.0,4613,127
2023-07-04,3447,4795609,291770371,60.2,62.6,58.5,60.4,-0.4,2940,189
2023-07-05,3447,4028092,228610130,59.3,60.4,54.6,55.5,-4.9,3223,216
2023-07-06,3447,1343019,74750671,55.5,56.9,54.1,55.5,0.0,1112,383
2023-07-07,3447,1007253,55543339,55.0,56.1,54.3,55.0,-0.5,758,414
