date,stock_id,Trading_Volume,Trading_money,open,max,min,close,spread,Trading_turnover,Trading_money_rank
2022-01-07,3592,4114322,2154042495,531.0,542.0,503.0,526.0,0.0,4082,30
2022-01-10,3592,2273666,1226951620,522.0,558.0,521.0,556.0,30.0,2467,43
2022-01-11,3592,3017765,1724595429,551.0,590.0,551.0,580.0,24.0,3210,36
2022-01-12,3592,1399597,802703081,576.0,584.0,566.0,577.0,-3.0,1688,77
2022-01-13,3592,1417734,802366391,577.0,578.0,555.0,565.0,-12.0,1686,73
2022-01-14,3592,2276067,1265956404,560.0,576.0,530.0,568.0,3.0,2235,47
2022-01-17,3592,4071087,2466380679,584.0,624.0,582.0,624.0,56.0,3760,17
2022-01-18,3592,5497844,3582662677,628.0,680.0,618.0,666.0,42.0,5977,10
2022-01-19,3592,2539642,1693460340,650.0,680.0,645.0,678.0,12.0,3306,29
2022-01-20,3592,2507105,1690664160,670.0,690.0,651.0,679.0,1.0,3324,34
2022-01-21,3592,2263098,1495331380,655.0,676.0,650.0,655.0,-24.0,3256,36
2022-01-24,3592,1982183,1272156996,646.0,665.0,613.0,658.0,3.0,2409,38
2022-01-25,3592,2403807,1556441342,642.0,667.0,635.0,636.0,-22.0,2447,32
2022-01-26,3592,1416207,891953064,639.0,643.0,614.0,626.0,-10.0,2025,46
2022-02-07,3592,1951435,1272544148,641.0,676.0,630.0,661.0,35.0,2405,47
2022-02-08,3592,1635353,1089483033,660.0,680.0,648.0,680.0,19.0,2135,46
2022-02-09,3592,1699958,1150493543,698.0,699.0,665.0,667.0,-13.0,2255,49
2022-02-10,3592,747025,495931188,665.0,677.0,654.0,654.0,-13.0,1128,99
2022-02-11,3592,724249,468136154,647.0,655.0,640.0,643.0,-11.0,1161,91
2022-02-14,3592,1784099,1091088498,626.0,633.0,597.0,598.0,-45.0,2925,46
2022-02-15,3592,1340986,829111982,607.0,628.0,607.0,617.0,19.0,1535,51
2022-02-16,3592,1572918,1010550678,630.0,655.0,623.0,647.0,30.0,2023,56
2022-02-17,3592,1115965,708355219,641.0,641.0,628.0,630.0,-17.0,1490,76
2022-02-18,3592,808888,498885209,610.0,627.0,610.0,618.0,-12.0,1464,88
2022-02-21,3592,1196385,718844351,608.0,611.0,590.0,605.0,-13.0,1878,67
2022-02-22,3592,2190152,1265570002,589.0,602.0,560.0,573.0,-32.0,3394,43
2022-02-23,3592,759565,443664204,578.0,596.0,570.0,590.0,17.0,1244,95
2022-02-24,3592,1161299,660167520,571.0,582.0,560.0,560.0,-30.0,2059,100
2022-02-25,3592,1682424,999289622,583.0,603.0,583.0,596.0,36.0,2267,73
2022-03-01,3592,986680,586520388,602.0,602.0,588.0,595.0,-1.0,1380,98
2022-03-02,3592,581996,341600199,585.0,594.0,581.0,591.0,-4.0,960,130
2022-03-03,3592,765825,459973691,597.0,608.0,591.0,599.0,8.0,1180,110
2022-03-04,3592,673372,398521205,591.0,598.0,586.0,588.0,-11.0,1081,121
2022-03-07,3592,1143191,644824012,573.0,578.0,550.0,565.0,-23.0,1830,108
2022-03-08,3592,882202,490952699,551.0,572.0,549.0,550.0,-15.0,1546,126
2022-03-09,3592,544288,302060115,563.0,564.0,550.0,550.0,0.0,897,137
2022-03-10,3592,1154525,665652148,570.0,587.0,562.0,584.0,34.0,1554,85
2022-03-11,3592,634092,358756876,574.0,577.0,560.0,564.0,-20.0,1114,121
2022-03-14,3592,1474144,799733363,563.0,566.0,531.0,534.0,-30.0,2603,60
2022-03-15,3592,1959837,993077726,525.0,526.0,499.0,502.0,-32.0,3246,57
2022-03-16,3592,917839,458962600,511.0,511.0,494.0,498.0,-4.0,1559,111
2022-03-17,3592,1008844,515798577,512.0,519.0,503.0,510.0,12.0,1392,120
2022-03-18,3592,848679,442463727,512.0,532.0,507.0,526.0,16.0,1228,133
2022-03-21,3592,719779,384120665,530.0,542.0,521.0,539.0,13.0,1204,121
2022-03-22,3592,493989,263054040,535.0,540.0,528.0,538.0,-1.0,835,150
2022-03-23,3592,920072,485726800,533.0,537.0,522.0,524.0,-14.0,1835,118
2022-03-24,3592,766670,404324317,520.0,539.0,516.0,538.0,14.0,1207,122
2022-03-25,3592,626913,331297165,537.0,537.0,524.0,526.0,-12.0,981,148
2022-03-28,3592,289880,149754774,519.0,523.0,510.0,520.0,-6.0,1012,217
2022-03-29,3592,274102,142463851,526.0,526.0,516.0,521.0,1.0,1243,217
2022-03-30,3592,542553,280446026,522.0,529.0,509.0,514.0,-7.0,1356,163
2022-03-31,3592,203459,104043964,510.0,517.0,510.0,510.0,-4.0,742,250
2022-04-01,3592,454343,228320513,503.0,507.0,496.5,505.0,-5.0,801,156
2022-04-06,3592,317619,158339713,496.5,500.0,496.5,497.0,-8.0,745,217
2022-04-07,3592,914720,440253300,492.5,493.0,470.0,475.0,-22.0,1954,129
2022-04-08,3592,336304,161832272,475.5,486.0,475.5,480.0,5.0,657,207
2022-04-11,3592,477356,225117872,476.0,484.5,463.5,467.0,-13.0,977,201
2022-04-12,3592,400873,186234690,462.0,473.0,457.5,465.0,-2.0,722,197
2022-04-13,3592,382021,181548809,469.0,483.0,468.0,478.5,13.5,618,192
2022-04-14,3592,215430,103015490,481.5,483.0,474.0,475.0,-3.5,338,251
2022-04-15,3592,444260,204383415,471.0,471.0,453.0,453.0,-22.0,1054,176
2022-04-18,3592,250419,113884487,447.0,460.0,446.5,456.0,3.0,457,242
2022-04-19,3592,373766,168651712,459.0,461.0,446.5,448.5,-7.5,786,191
2022-04-20,3592,718082,336132516,451.0,480.0,451.0,480.0,31.5,1058,146
2022-04-21,3592,1146248,567542498,483.0,505.0,482.0,505.0,25.0,1662,97
2022-04-22,3592,966379,487345230,496.5,514.0,490.0,514.0,9.0,1216,122
2022-04-25,3592,757667,382569673,500.0,511.0,496.0,505.0,-9.0,1151,144
2022-04-26,3592,652321,323544266,507.0,508.0,490.0,490.0,-15.0,920,146
2022-04-27,3592,559322,265487961,482.5,482.5,467.0,475.0,-15.0,848,169
2022-04-28,3592,396617,192074698,482.0,494.0,475.0,482.5,7.5,587,175
2022-04-29,3592,372265,182684656,493.0,497.5,485.0,489.5,7.0,520,166
2022-05-03,3592,282477,138881707,487.0,496.5,484.5,496.0,6.5,447,170
2022-05-04,3592,231968,114936445,496.0,503.0,490.5,492.5,-3.5,384,193
2022-05-05,3592,370681,183659725,500.0,501.0,492.5,493.5,1.0,536,171
2022-05-06,3592,237497,114242290,471.5,485.0,471.5,481.5,-12.0,482,214
2022-05-09,3592,215312,102995027,481.5,482.0,475.0,479.0,-2.5,407,248
2022-05-10,3592,274031,131592174,479.0,488.5,470.0,480.5,1.5,440,213
2022-05-11,3592,667031,327309418,489.0,499.5,480.0,496.0,15.5,909,120
2022-05-12,3592,425868,209577372,488.5,498.0,488.0,489.0,-7.0,672,165
2022-05-13,3592,855356,429596489,496.0,507.0,493.5,506.0,17.0,1099,101
2022-05-16,3592,661317,337194787,516.0,522.0,500.0,505.0,-1.0,985,123
2022-05-17,3592,506889,259339696,509.0,518.0,506.0,509.0,4.0,758,138
2022-05-18,3592,601967,306796327,511.0,516.0,504.0,505.0,-4.0,796,139
2022-05-19,3592,428566,213546432,488.0,509.0,487.0,508.0,3.0,670,159
2022-05-20,3592,245732,123948309,508.0,508.0,501.0,502.0,-6.0,428,192
2022-05-23,3592,626045,308126017,506.0,507.0,485.0,487.5,-14.5,1277,125
2022-05-24,3592,435052,208508805,486.0,487.5,474.0,476.0,-11.5,873,156
2022-05-25,3592,276797,131792341,476.5,478.5,472.5,477.5,1.5,482,194
2022-05-26,3592,207185,99809833,480.0,486.5,477.5,478.5,1.0,346,231
2022-05-27,3592,270031,130777677,483.5,487.5,481.5,486.5,8.0,410,194
2022-05-30,3592,454910,225520503,493.5,502.0,490.0,498.5,12.0,696,169
2022-05-31,3592,1614073,816572297,500.0,509.0,492.0,509.0,10.5,825,103
2022-06-01,3592,553773,281696913,502.0,516.0,501.0,505.0,-4.0,873,144
2022-06-02,3592,279933,141825734,505.0,512.0,502.0,504.0,-1.0,546,197
2022-06-06,3592,197916,98714344,505.0,505.0,495.5,499.5,-4.5,369,223
2022-06-07,3592,211162,105316181,502.0,502.0,496.0,497.0,-2.5,355,211
2022-06-08,3592,477604,234953547,500.0,501.0,485.0,485.0,-12.0,763,148
2022-06-09,3592,140879,68938271,485.0,493.0,482.0,490.0,5.0,923,260
2022-06-10,3592,218339,105346335,485.5,485.5,481.0,481.5,-8.5,579,220
2022-06-13,3592,276560,130573785,471.0,474.5,470.0,472.0,-9.5,662,207
2022-06-14,3592,277483,128739615,469.5,469.5,457.0,468.0,-4.0,754,209
2022-06-15,3592,254023,118441448,470.0,470.0,462.0,464.0,-4.0,512,224
2022-06-16,3592,393238,180151598,473.5,474.0,449.0,449.0,-15.0,775,196
2022-06-17,3592,722396,310409553,442.0,442.5,425.0,426.5,-22.5,1427,162
2022-06-20,3592,558679,231181118,431.0,431.0,408.0,408.0,-18.5,1131,174
2022-06-21,3592,661349,268046934,408.0,411.5,399.0,409.5,1.5,1020,145
2022-06-22,3592,869497,339000469,409.0,409.5,380.0,380.0,-29.5,1585,132
2022-06-23,3592,537300,204372329,381.0,386.5,373.0,380.0,0.0,876,180
2022-06-24,3592,340477,129229369,383.0,384.5,375.5,377.0,-3.0,624,212
2022-06-27,3592,420455,161337337,381.5,386.5,380.0,383.5,6.5,632,195
2022-06-28,3592,428672,159499555,383.5,383.5,363.0,371.0,-12.5,867,180
2022-06-29,3592,540937,195076415,365.0,365.0,356.5,359.5,-11.5,1029,165
2022-06-30,3592,661944,232146617,358.0,358.0,346.5,347.5,-12.0,1078,175
2022-07-01,3592,838564,288219957,347.5,351.0,338.5,339.0,-8.5,1289,164
2022-07-04,3592,700572,208683160,296.5,305.0,294.0,296.0,0.0,1010,160
2022-07-05,3592,607988,181052239,301.0,301.5,294.0,298.0,2.0,802,178
2022-07-06,3592,605835,173702561,298.0,300.0,280.0,280.0,-18.0,1039,176
2022-07-07,3592,724594,203425395,281.0,287.0,272.5,284.0,4.0,840,166
2022-07-08,3592,652812,187681705,284.0,294.5,281.5,287.0,3.0,984,180
2022-07-11,3592,447844,125763920,287.0,287.0,277.5,280.5,-6.5,622,188
2022-07-12,3592,641863,169205266,273.5,275.0,257.5,258.5,-22.0,987,181
2022-07-13,3592,721574,189062417,269.0,269.0,258.5,258.5,0.0,872,167
2022-07-14,3592,714266,185094994,252.5,264.5,252.0,263.0,4.5,756,168
2022-07-15,3592,674530,180345603,265.5,272.0,258.5,269.0,6.0,1337,181
2022-07-18,3592,989127,275761174,272.5,284.0,270.5,278.0,9.0,1368,154
2022-07-19,3592,652357,178466699,274.0,276.0,271.5,274.5,-3.5,880,169
2022-07-20,3592,893880,253926755,281.5,288.0,280.5,281.5,7.0,972,167
2022-07-21,3592,1093390,316064142,283.0,293.0,283.0,290.5,9.0,1076,146
2022-07-22,3592,1395085,410035397,293.5,301.5,287.5,291.0,0.5,1413,120
2022-07-25,3592,431877,125392426,289.0,293.0,286.5,291.0,0.0,484,186
2022-07-26,3592,588967,166307577,291.0,292.0,278.0,279.5,-11.5,1156,172
2022-07-27,3592,339261,95643035,277.5,286.0,276.5,285.5,6.0,424,214
2022-07-28,3592,535960,150783163,288.0,288.5,278.0,278.0,-7.5,785,179
2022-07-29,3592,512321,146126214,281.5,288.5,281.5,284.0,6.0,668,202
2022-08-01,3592,378307,106736557,286.5,287.0,279.5,280.0,-4.0,441,210
2022-08-02,3592,935233,248985096,272.0,274.0,262.0,262.0,-18.0,1366,148
2022-08-03,3592,654415,169097125,259.0,265.0,255.0,256.0,-6.0,859,173
2022-08-04,3592,783043,196816450,256.0,258.0,249.0,250.0,-6.0,1000,161
2022-08-05,3592,571929,146509305,251.0,259.5,251.0,255.5,5.5,698,179
2022-08-08,3592,412226,105248328,249.5,258.0,249.0,257.0,1.5,534,213
2022-08-09,3592,633031,157228453,253.0,253.0,243.5,251.0,-6.0,924,177
2022-08-10,3592,705508,177933601,252.0,254.5,249.0,253.5,2.5,952,167
2022-08-11,3592,902848,236784138,260.0,266.5,258.5,261.0,7.5,1627,159
2022-08-12,3592,1213421,328373937,261.0,276.0,259.0,273.5,12.5,1749,126
2022-08-15,3592,1186932,330435772,277.0,284.0,273.0,281.5,8.0,1553,122
2022-08-16,3592,878722,245738933,283.5,285.5,275.5,278.0,-3.5,1228,150
2022-08-17,3592,503449,140444730,279.0,281.5,276.0,278.5,0.5,579,212
2022-08-18,3592,924703,262274540,276.5,289.5,274.0,287.5,9.0,1328,134
2022-08-19,3592,790454,227198508,287.5,292.0,285.0,285.0,-2.5,1436,155
2022-08-22,3592,2338651,683370610,290.0,302.0,286.0,287.0,2.0,2390,59
2022-08-23,3592,1089538,305317439,283.0,285.0,276.0,277.0,-10.0,1446,114
2022-08-24,3592,382906,107254039,280.5,282.0,278.5,279.5,2.5,478,223
2022-08-25,3592,554401,156341643,281.5,285.0,279.0,280.5,1.0,642,180
2022-08-26,3592,360393,102044476,285.0,285.5,281.0,281.5,1.0,477,247
2022-08-29,3592,609810,164882358,270.0,273.0,268.5,269.5,-12.0,895,183
2022-08-30,3592,306451,83207076,272.0,273.0,270.0,271.0,1.5,461,241
2022-08-31,3592,429125,118408033,271.0,280.5,270.5,277.0,6.0,546,237
2022-09-01,3592,828154,222762828,274.0,276.0,264.5,265.5,-11.5,1085,164
2022-09-02,3592,615295,162816324,265.5,268.0,260.5,260.5,-5.0,851,181
2022-09-05,3592,797722,202477199,261.5,262.0,249.0,253.0,-7.5,1058,160
2022-09-06,3592,735413,182368164,253.0,254.5,245.5,245.5,-7.5,1109,181
2022-09-07,3592,879195,210323422,241.0,244.0,235.5,238.0,-7.5,1209,155
2022-09-08,3592,594169,142969385,240.0,243.5,237.0,242.0,4.0,723,183
2022-09-12,3592,617513,155134192,245.0,254.5,245.0,254.0,12.0,785,190
2022-09-13,3592,545096,139082503,254.0,258.0,252.0,254.5,0.5,1054,197
2022-09-14,3592,634070,157356737,243.0,253.0,241.5,250.0,-4.5,813,183
2022-09-15,3592,655262,166381053,252.0,256.0,250.5,253.5,3.5,1054,194
2022-09-16,3592,2276437,574384301,251.5,253.5,249.0,252.5,-1.0,648,100
2022-09-19,3592,435847,110117674,254.0,255.5,250.0,251.5,-1.0,478,200
2022-09-20,3592,377375,95522967,252.5,257.0,250.5,250.5,-1.0,833,209
2022-09-21,3592,367360,90697406,250.0,252.5,244.5,245.5,-5.0,483,229
2022-09-22,3592,408025,98635077,242.0,245.0,238.0,245.0,-0.5,564,222
2022-09-23,3592,356237,86728941,243.0,248.0,239.5,241.0,-4.0,497,236
2022-09-26,3592,731271,169042250,238.0,238.0,226.0,227.5,-13.5,1114,198
2022-09-27,3592,495381,112547623,226.0,231.0,223.5,229.5,2.0,561,218
2022-09-28,3592,1232164,266707580,226.5,226.5,209.0,210.5,-19.0,1595,145
2022-09-29,3592,484208,103688010,215.0,216.5,211.5,212.5,2.0,562,225
2022-09-30,3592,472698,100324142,205.5,218.0,205.0,217.0,4.5,957,222
2022-10-03,3592,358535,78419398,213.0,223.0,212.0,220.5,3.5,444,218
2022-10-04,3592,434125,98305697,225.5,228.0,224.0,227.0,6.5,1131,214
2022-10-05,3592,740258,172114340,231.5,237.0,228.5,229.5,2.5,885,180
2022-10-06,3592,388971,88511843,231.0,232.0,226.0,226.5,-3.0,675,217
2022-10-07,3592,313935,70224574,226.0,227.0,221.0,221.5,-5.0,428,234
2022-10-11,3592,606132,127693107,215.0,215.5,208.5,208.5,-13.0,998,201
2022-10-12,3592,564908,116665955,209.0,211.5,203.0,205.5,-3.0,709,195
2022-10-13,3592,762171,153881049,206.0,207.5,197.0,198.0,-7.5,949,191
2022-10-14,3592,566637,118622781,203.5,213.5,203.5,211.0,13.0,764,195
2022-10-17,3592,977395,211584546,207.0,223.0,205.5,222.0,11.0,1624,147
2022-10-18,3592,1328615,304056671,229.0,232.0,225.0,228.5,6.5,2080,106
2022-10-19,3592,725037,166621551,229.5,232.5,228.0,228.0,-0.5,2267,172
2022-10-20,3592,1445703,339698331,224.0,245.5,223.5,245.5,17.5,1735,134
2022-10-21,3592,1240490,294489059,240.0,242.0,233.5,233.5,-12.0,3258,96
2022-10-24,3592,913030,217160024,236.5,242.0,234.0,234.0,0.5,1050,128
2022-10-25,3592,615126,140632621,233.0,234.0,224.0,224.0,-10.0,793,168
2022-10-26,3592,1164133,269844901,227.0,236.5,227.0,232.5,8.5,1998,102
2022-10-27,3592,1419544,341991338,240.0,245.0,237.0,239.5,7.0,2040,97
2022-10-28,3592,643547,150493710,236.5,237.5,231.5,231.5,-8.0,1563,149
2022-10-31,3592,515307,119629783,235.5,235.5,230.0,233.0,1.5,682,174
2022-11-01,3592,421405,99556825,234.5,238.5,232.0,237.0,4.0,548,189
2022-11-02,3592,1051495,256044157,237.0,247.0,236.0,244.0,7.0,1351,116
2022-11-03,3592,565493,137506145,239.5,246.5,238.0,244.0,0.0,976,166
2022-11-04,3592,511095,122994400,244.5,245.0,238.0,241.0,-3.0,1520,206
2022-11-07,3592,973733,240331637,242.0,251.0,240.5,249.5,8.5,1070,145
2022-11-08,3592,1486485,382676005,252.5,265.5,250.5,251.0,1.5,4923,103
2022-11-09,3592,2786488,758490989,257.0,276.0,257.0,276.0,25.0,2180,57
2022-11-10,3592,5780853,1629540357,276.5,291.0,272.0,279.0,3.0,6148,26
2022-11-11,3592,4259279,1250562118,298.0,301.0,286.0,288.0,9.0,5281,52
2022-11-14,3592,1905094,540886665,288.0,288.5,280.5,283.0,-5.0,3622,96
2022-11-15,3592,2217772,639490444,281.5,295.0,280.5,295.0,12.0,2293,82
2022-11-16,3592,5629326,1751233770,300.0,324.5,297.0,324.5,29.5,5164,29
2022-11-17,3592,4325705,1406683892,328.0,333.0,320.0,321.5,-3.0,5907,33
2022-11-18,3592,3437452,1122381577,323.5,334.5,316.0,319.0,-2.5,5570,41
2022-11-21,3592,1673208,523730669,319.0,320.5,308.0,308.0,-11.0,1938,74
2022-11-22,3592,1076677,332974975,309.0,313.0,305.5,308.5,0.5,1158,106
2022-11-23,3592,1292537,398210470,314.0,315.5,302.0,303.0,-5.5,1648,93
2022-11-24,3592,1203234,371855043,305.0,312.5,304.5,310.0,7.0,1234,107
2022-11-25,3592,876243,267907635,310.0,311.0,303.0,303.0,-7.0,1065,135
2022-11-28,3592,543116,165397406,301.0,307.0,298.0,305.0,2.0,665,175
2022-11-29,3592,553638,166954317,304.0,304.5,299.0,302.5,-2.5,740,194
2022-11-30,3592,896174,277274157,304.5,313.0,301.5,310.5,8.0,1045,170
2022-12-01,3592,1686178,532978990,316.5,323.0,311.0,311.0,0.5,2078,113
2022-12-02,3592,785960,243835737,309.0,313.5,308.0,313.0,2.0,936,161
2022-12-05,3592,624204,196380705,314.0,318.0,312.0,313.0,0.0,730,191
2022-12-06,3592,895885,272622512,311.0,311.0,299.5,300.5,-12.5,1280,158
2022-12-07,3592,668014,201774142,300.0,307.5,296.0,300.5,0.0,818,191
2022-12-08,3592,379946,114645988,300.5,304.0,300.0,300.0,-0.5,469,219
2022-12-09,3592,492613,149794270,305.5,306.5,301.0,301.5,1.5,527,202
2022-12-12,3592,369475,110078764,301.0,303.0,295.0,299.0,-2.5,493,225
2022-12-13,3592,456571,135771983,303.0,303.0,294.0,294.0,-5.0,628,214
2022-12-14,3592,844712,256195464,296.5,308.0,295.5,307.5,13.5,979,145
2022-12-15,3592,626249,193151493,306.5,310.5,305.0,310.0,2.5,954,175
2022-12-16,3592,843258,260325214,303.0,312.5,303.0,312.5,2.5,1308,167
2022-12-19,3592,747623,232330486,316.0,318.5,307.0,308.0,-4.5,1205,143
2022-12-20,3592,672609,202861114,308.0,310.0,295.0,295.5,-12.5,919,186
2022-12-21,3592,311405,92890922,297.5,301.0,296.0,297.0,1.5,419,247
2022-12-22,3592,912027,280995634,301.5,314.5,301.5,307.5,10.5,997,129
2022-12-23,3592,496994,152544907,303.5,312.0,302.0,307.5,0.0,1148,148
2022-12-26,3592,470814,145995088,310.0,313.0,307.0,309.5,2.0,533,126
2022-12-27,3592,2298367,733169878,314.0,328.0,311.5,311.5,2.0,2710,37
2022-12-28,3592,791678,240815991,308.0,308.5,301.0,302.0,-9.5,1493,122
2022-12-29,3592,558718,168794792,299.0,307.5,296.5,307.5,5.5,660,152
2022-12-30,3592,473185,145617575,312.0,314.0,302.5,304.5,-3.0,584,156
2023-01-03,3592,2513990,806344410,307.0,328.0,303.5,325.5,21.0,2766,38
2023-01-04,3592,3400529,1144915103,325.0,344.5,322.0,340.0,14.5,3889,31
2023-01-05,3592,2808940,963966468,345.0,349.0,337.5,341.5,1.5,2849,38
2023-01-06,3592,1812008,625443631,341.5,349.5,338.0,346.5,5.0,1998,54
2023-01-09,3592,2211864,754358637,347.5,349.0,336.5,340.0,-6.5,2687,60
2023-01-10,3592,1015222,343693638,340.0,344.0,335.0,337.0,-3.0,1207,108
2023-01-11,3592,1230180,421113540,336.5,345.5,336.5,344.0,7.0,1396,82
2023-01-12,3592,994863,340638761,343.5,345.5,339.0,342.0,-2.0,1084,90
2023-01-13,3592,577959,197202120,344.0,345.0,338.5,338.5,-3.5,624,131
2023-01-16,3592,498917,168779524,340.0,341.5,335.0,336.0,-2.5,726,130
2023-01-17,3592,309652,104726497,338.0,339.5,336.0,338.0,2.0,449,185
2023-01-30,3592,714728,246185207,344.5,347.0,343.0,344.0,6.0,906,174
2023-01-31,3592,1499536,531465892,345.0,360.0,344.0,355.0,11.0,1862,110
2023-02-01,3592,905592,323246379,358.0,361.0,353.5,356.0,1.0,1160,138
2023-02-02,3592,761533,273980267,360.0,363.0,355.5,359.5,3.5,927,167
2023-02-03,3592,814916,289637065,361.0,362.5,353.0,354.5,-5.0,1091,138
2023-02-06,3592,571544,199674373,351.5,353.0,346.0,347.5,-7.0,844,165
2023-02-07,3592,1011885,359308571,347.5,359.0,346.0,359.0,11.5,1181,101
2023-02-08,3592,2840162,1083752745,367.0,392.0,366.5,385.0,26.0,3370,46
2023-02-09,3592,1128325,428291196,379.5,382.0,376.0,381.0,-4.0,1342,80
2023-02-10,3592,522035,197258964,381.0,381.5,375.5,375.5,-5.5,770,167
2023-02-13,3592,613766,226548337,371.0,374.5,365.0,366.0,-9.5,1250,140
2023-02-14,3592,789205,296372535,370.0,380.0,370.0,375.5,9.5,979,115
2023-02-15,3592,996450,376711450,375.5,385.5,371.0,372.5,-3.0,1302,105
2023-02-16,3592,671657,254809264,377.0,383.5,375.0,379.0,6.5,903,148
2023-02-17,3592,1945095,760676504,386.0,398.0,386.0,389.0,10.0,2199,59
2023-02-20,3592,843498,330725597,392.5,396.0,389.0,391.5,2.5,1111,119
2023-02-21,3592,2178820,891314167,396.0,419.0,395.5,415.0,23.5,2723,63
2023-02-22,3592,1446766,582498921,414.5,414.5,396.0,403.0,-12.0,2608,85
2023-02-23,3592,1041395,424996306,407.5,414.0,404.0,406.0,3.0,1212,110
2023-02-24,3592,2240999,934842915,424.5,428.0,410.0,412.0,6.0,2756,68
2023-03-01,3592,1339347,552408736,412.0,416.5,407.0,414.0,2.0,1766,90
2023-03-02,3592,1025149,425242103,418.5,418.5,411.0,415.5,1.5,1312,99
2023-03-03,3592,1534349,633292609,414.0,417.0,410.5,411.5,-4.0,1819,73
2023-03-06,3592,1098824,454426182,413.0,416.0,411.0,411.0,-0.5,1431,109
2023-03-07,3592,786595,321847067,413.5,413.5,407.0,409.5,-1.5,1443,140
2023-03-08,3592,683757,279066727,409.0,410.5,405.5,409.5,0.0,1020,164
2023-03-09,3592,673173,275314225,409.5,412.5,406.0,406.5,-3.0,1029,166
2023-03-10,3592,1322071,526264243,401.0,404.0,394.0,396.0,-10.5,2371,107
2023-03-13,3592,882155,345584330,390.5,397.5,385.0,397.5,1.5,1298,132
2023-03-14,3592,600141,235459013,394.5,397.5,390.0,391.5,-6.0,1092,167
2023-03-15,3592,912731,362577573,399.5,403.5,390.0,390.0,-1.5,1260,129
2023-03-16,3592,672565,262721819,386.0,395.0,384.0,393.0,3.0,935,162
2023-03-17,3592,1101126,443407020,399.5,405.5,397.0,403.5,10.5,1293,134
2023-03-20,3592,1033524,424405682,407.0,414.5,407.0,410.5,7.0,1548,96
2023-03-21,3592,1390817,579179168,414.5,419.0,411.5,418.0,7.5,1745,83
2023-03-22,3592,4324794,1902845012,425.0,446.5,423.5,445.0,27.0,4746,27
2023-03-23,3592,2509191,1098202441,450.0,452.0,430.0,430.5,-14.5,6427,40
2023-03-24,3592,958749,411363677,433.0,433.0,427.0,427.0,-3.5,1900,115
2023-03-27,3592,900357,380270901,425.5,429.0,419.0,419.0,-8.0,1891,115
2023-03-28,3592,653097,274470436,419.5,424.0,417.5,419.0,0.0,1812,154
2023-03-29,3592,919596,381957850,421.0,424.0,408.5,413.5,-5.5,2184,108
2023-03-30,3592,646132,268863728,418.0,420.0,413.5,414.5,1.0,1041,142
2023-03-31,3592,955154,396740539,416.0,419.0,412.0,414.0,-0.5,1108,105
2023-04-06,3592,602310,250868793,414.0,419.5,412.0,419.5,5.5,1098,155
2023-04-07,3592,1794856,771850455,424.0,438.5,423.0,425.5,6.0,2098,57
2023-04-10,3592,1078235,460888821,425.5,433.5,422.0,423.0,-2.5,2179,91
2023-04-11,3592,994725,426466947,424.5,431.5,423.0,430.0,7.0,1206,108
2023-04-12,3592,1238678,521637212,433.5,433.5,418.0,419.5,-10.5,1716,89
2023-04-13,3592,461712,192976328,420.0,422.0,415.5,416.0,-3.5,701,216
2023-04-14,3592,599028,251278564,419.5,424.0,417.0,419.0,3.0,681,175
2023-04-17,3592,756371,320072974,420.0,426.0,418.0,425.5,6.5,967,148
2023-04-18,3592,4618706,2036326462,435.0,449.0,428.5,444.5,19.0,4923,22
2023-04-19,3592,3605570,1592396632,448.5,452.5,428.0,435.5,-9.0,4639,37
2023-04-20,3592,2009247,857096921,435.0,441.5,418.0,418.0,-17.5,4210,64
2023-04-21,3592,1477159,608293499,423.5,425.5,403.0,403.5,-14.5,2004,91
2023-04-24,3592,822558,330550647,403.0,406.0,399.0,400.0,-3.5,1283,116
2023-04-25,3592,1895532,726476278,402.0,403.0,372.0,373.5,-26.5,3225,76
2023-04-26,3592,1456261,534137860,369.0,372.0,361.0,371.0,-2.5,1995,94
2023-04-27,3592,947586,354877038,372.0,380.5,364.5,379.0,8.0,1261,126
2023-04-28,3592,799182,306668134,383.0,389.0,380.0,381.0,2.0,1065,142
2023-05-02,3592,561700,213474031,380.0,385.5,374.0,380.0,-1.0,833,172
2023-05-03,3592,539466,202447276,380.0,380.0,372.0,377.5,-2.5,898,168
2023-05-04,3592,501357,188365474,377.0,380.5,373.0,375.0,-2.5,720,192
2023-05-05,3592,433609,162807826,376.0,380.0,372.5,375.5,0.5,571,203
2023-05-08,3592,511626,195198599,379.0,385.0,378.5,381.5,6.0,703,189
2023-05-09,3592,631693,236853279,382.0,383.0,371.0,372.5,-9.0,976,162
2023-05-10,3592,2149006,773959965,359.0,366.5,355.0,356.0,-16.5,3087,56
2023-05-11,3592,533352,189210997,357.0,359.0,351.0,355.5,-0.5,869,197
2023-05-12,3592,2494618,842371884,350.5,350.5,334.0,336.5,-19.0,3499,61
2023-05-15,3592,724768,240396386,330.0,334.5,329.5,333.5,-3.0,1056,146
2023-05-16,3592,484975,163991855,338.0,341.0,336.0,336.5,3.0,769,192
2023-05-17,3592,595096,199779106,335.5,339.5,332.0,335.5,-1.0,935,204
2023-05-18,3592,605269,204455672,338.0,341.0,335.0,339.5,4.0,966,194
2023-05-19,3592,529609,180045656,342.0,344.0,337.0,337.0,-2.5,858,219
2023-05-22,3592,430306,147535404,336.0,345.5,336.0,344.0,7.0,673,230
2023-05-23,3592,486733,168138349,346.5,347.5,343.0,344.5,0.5,731,220
2023-05-24,3592,356409,121632248,345.0,345.0,340.0,342.5,-2.0,642,256
2023-05-25,3592,308174,105519550,345.0,345.0,340.5,342.5,0.0,496,270
2023-05-26,3592,443580,152062580,345.0,347.0,340.5,340.5,-2.0,676,249
2023-05-29,3592,502953,175056441,341.5,350.5,341.5,348.0,7.5,757,222
2023-05-30,3592,297144,103055773,350.5,350.5,343.5,349.0,1.0,473,278
2023-05-31,3592,353918,124218806,350.0,354.5,348.0,350.5,1.5,558,267
2023-06-01,3592,509132,177560687,350.5,354.0,344.0,353.0,2.5,666,223
2023-06-02,3592,588812,208660279,356.0,357.5,351.0,356.5,3.5,893,222
2023-06-05,3592,632883,228320064,360.0,363.0,358.0,362.5,6.0,815,203
2023-06-06,3592,544082,195508564,360.0,361.0,357.5,361.0,-1.5,678,219
2023-06-07,3592,745631,274295143,359.5,372.0,359.5,368.0,7.0,1059,188
2023-06-08,3592,690554,254777495,366.0,372.5,364.0,371.5,3.5,881,209
2023-06-09,3592,820031,307561973,373.5,378.0,372.0,377.0,5.5,1042,171
2023-06-12,3592,661497,251702030,380.0,383.5,378.0,383.5,6.5,977,191
2023-06-13,3592,871228,334904129,384.0,388.0,380.5,388.0,4.5,1296,171
2023-06-14,3592,597217,231572765,388.0,390.0,385.0,387.5,-0.5,893,223
2023-06-15,3592,939118,359566979,387.0,389.5,378.0,380.0,-7.5,1518,166
2023-06-16,3592,753098,285083288,380.0,382.0,374.5,378.5,-1.5,1130,214
2023-06-19,3592,350629,132981073,379.0,382.0,376.5,378.5,0.0,530,275
2023-06-20,3592,528715,198925585,382.0,382.0,375.0,375.0,-3.5,656,212
2023-06-21,3592,553571,206439095,376.0,376.0,371.0,372.0,-3.0,913,220
2023-06-26,3592,985537,359349167,370.0,370.0,360.0,364.5,-7.5,1532,156
2023-06-27,3592,790294,284534878,362.5,363.5,356.5,356.5,-8.0,1452,170
2023-06-28,3592,1282430,459320140,360.0,361.0,355.0,359.5,3.0,1416,108
2023-06-29,3592,1903788,618007620,318.5,338.0,318.5,325.5,0.0,2067,90
2023-06-30,3592,524758,168518527,325.5,325.5,318.5,321.0,-4.5,881,228
2023-07-03,3592,367968,118907428,325.0,325.5,319.5,324.0,3.0,600,300
2023-07-04,3592,364780,120471346,326.0,333.0,324.0,331.5,7.5,679,299
2023-07-05,3592,349490,114764490,334.0,334.0,325.0,325.5,-6.0,729,317
2023-07-06,3592,311899,101127826,325.5,328.0,321.5,321.5,-4.0,541,336
2023-07-07,3592,509132,161086166,321.5,321.5,314.0,315.0,-6.5,999,257
2023-07-10,3592,429512,135088790,316.5,319.5,312.0,313.0,-2.0,702,270
2023-07-11,3592,371034,117413310,317.0,318.0,313.5,317.5,4.5,582,280
2023-07-12,3592,365322,115394276,318.5,319.5,314.0,315.5,-2.0,528,281
2023-07-13,3592,383874,123620788,319.0,325.5,317.5,322.0,6.5,814,289
2023-07-14,3592,335486,109035391,329.0,329.0,321.5,324.0,2.0,478,-1
