date,stock_id,Trading_Volume,Trading_money,open,max,min,close,spread,Trading_turnover,Trading_money_rank
2021-01-06,3714,20727174,1886172834,91.0,91.0,91.0,91.0,0.0,7664,42
2021-01-07,3714,53644385,4664606670,91.2,91.2,83.0,83.8,-7.2,31740,12
2021-01-08,3714,15402716,1304446193,84.5,85.8,83.4,84.5,0.7,10442,49
2021-01-11,3714,11294113,941685354,84.9,85.0,82.1,82.8,-1.7,7804,66
2021-01-12,3714,20385298,1617759568,83.2,83.3,77.0,77.4,-5.4,13772,43
2021-01-13,3714,11784326,946782388,77.8,81.7,77.8,80.5,3.1,7590,67
2021-01-14,3714,7745646,634552094,80.8,82.7,80.1,82.3,1.8,5154,102
2021-01-15,3714,8609004,695511748,82.8,82.8,79.4,79.9,-2.4,5360,101
2021-01-18,3714,11822902,963615085,79.8,83.5,77.7,82.3,2.4,7236,62
2021-01-19,3714,12277351,1024177537,82.4,84.2,82.3,84.0,1.7,6896,53
2021-01-20,3714,37235366,3235331783,85.5,90.2,84.5,85.0,1.0,23020,23
2021-01-21,3714,11752654,1011988268,86.5,87.4,85.1,85.2,0.2,7706,55
2021-01-22,3714,19270528,1685712680,86.4,88.6,86.1,88.3,3.1,12353,37
2021-01-25,3714,11340286,981017138,88.4,88.4,85.2,86.2,-2.1,7081,55
2021-01-26,3714,9160855,777692325,86.5,87.1,83.7,83.8,-2.4,5913,76
2021-01-27,3714,5492953,461645364,84.8,84.9,83.1,84.9,1.1,3967,107
2021-01-28,3714,11219286,930531761,83.0,83.9,82.3,83.1,-1.8,7334,63
2021-01-29,3714,8701704,724938077,83.9,84.4,82.5,82.5,-0.6,5787,88
2021-02-01,3714,8209925,664069687,82.8,82.8,80.2,80.8,-1.7,5302,60
2021-02-02,3714,7340641,595906589,81.5,82.2,80.6,81.2,0.4,4742,71
2021-02-03,3714,5658761,456911011,81.6,81.7,80.2,80.4,-0.8,3559,88
2021-02-04,3714,4196856,336884318,80.4,80.9,79.9,80.0,-0.4,2878,98
2021-02-05,3714,4680487,378001959,80.9,81.5,80.3,80.6,0.6,3182,96
2021-02-17,3714,10655607,884652980,81.6,84.2,81.1,84.2,3.6,6710,76
2021-02-18,3714,7284057,612125041,83.8,85.0,83.4,83.8,-0.4,4797,96
2021-02-19,3714,7720308,653279079,84.3,85.4,84.0,84.0,0.2,4925,82
2021-02-22,3714,10120157,864769923,85.1,86.6,84.6,85.2,1.2,6530,74
2021-02-23,3714,8308249,709842688,85.3,86.2,84.6,85.5,0.3,5484,90
2021-02-24,3714,8854328,760595068,85.9,86.6,85.3,85.5,0.0,5866,85
2021-02-25,3714,11536851,993137287,86.9,87.3,85.3,86.1,0.6,6623,62
2021-02-26,3714,8123988,691707492,85.0,85.8,84.5,85.8,-0.3,4946,103
2021-03-02,3714,9160494,785883331,86.9,87.2,84.5,84.7,-1.1,6308,69
2021-03-03,3714,34820663,3061926315,85.8,89.5,85.2,86.9,2.2,20890,22
2021-03-04,3714,21339490,1886172710,87.5,89.7,87.1,88.0,1.1,13033,35
2021-03-05,3714,12312026,1064075379,86.9,87.7,85.9,86.0,-2.0,7491,47
2021-03-08,3714,15639002,1320415128,86.5,86.9,83.0,83.1,-2.9,10548,43
2021-03-09,3714,7967448,654824098,83.0,83.5,81.1,82.3,-0.8,5832,87
2021-03-10,3714,4951736,409377647,83.4,83.4,82.3,82.5,0.2,3282,118
2021-03-11,3714,3953982,329199530,83.2,83.8,82.9,83.8,1.3,2968,158
2021-03-12,3714,4161507,348256626,84.1,84.5,83.2,83.7,-0.1,2715,138
2021-03-15,3714,7068634,599400322,83.8,85.6,83.7,84.7,1.0,4010,88
2021-03-16,3714,5494939,465714259,85.0,85.2,84.1,85.0,0.3,3049,127
2021-03-17,3714,7047231,601392253,85.4,86.4,84.7,84.8,-0.2,4366,92
2021-03-18,3714,7576534,649945878,85.8,86.3,85.1,85.7,0.9,4720,89
2021-03-19,3714,13522847,1135804939,84.0,84.7,83.5,83.7,-2.0,7729,70
2021-03-22,3714,6511997,544699887,83.9,84.5,82.9,84.5,0.8,3654,110
2021-03-23,3714,11000994,937477620,85.3,86.5,84.0,84.1,-0.4,6118,67
2021-03-24,3714,8969753,747789185,84.2,84.8,82.8,83.1,-1.0,4724,68
2021-03-25,3714,4110218,341764120,83.0,83.9,82.6,83.0,-0.1,2445,162
2021-03-26,3714,3424489,286726126,83.3,84.3,83.1,84.3,1.3,2149,167
2021-03-29,3714,4838699,406623195,84.5,84.6,83.5,83.5,-0.8,3273,140
2021-03-30,3714,5280481,439290502,83.8,84.0,83.0,83.0,-0.5,3357,129
2021-03-31,3714,6398595,527321507,83.3,83.5,82.0,82.1,-0.9,4527,134
2021-04-01,3714,7937061,649050007,82.4,82.6,81.5,81.7,-0.4,5437,90
2021-04-06,3714,7324225,606507773,82.8,83.5,82.1,82.9,1.2,4931,103
2021-04-07,3714,7108998,588334457,83.3,83.5,82.2,82.7,-0.2,4209,114
2021-04-08,3714,7444792,619320474,83.3,83.6,82.9,82.9,0.2,4225,121
2021-04-09,3714,16674437,1407596467,84.0,85.2,83.5,83.6,0.7,9358,54
2021-04-12,3714,12048723,1002453867,84.5,84.8,81.8,82.3,-1.3,7665,81
2021-04-13,3714,7739576,634643706,82.1,82.5,81.6,81.6,-0.7,4898,131
2021-04-14,3714,10561993,862434313,83.0,83.7,80.1,81.2,-0.4,6583,108
2021-04-15,3714,3663605,299103900,81.7,82.2,80.8,82.2,1.0,2317,196
2021-04-16,3714,5708036,469366004,82.7,83.2,81.8,81.9,-0.3,3895,159
2021-04-19,3714,11263316,942959765,83.2,84.5,82.5,84.0,2.1,7137,103
2021-04-20,3714,21082482,1812794239,85.0,87.0,84.6,86.0,2.0,12366,53
2021-04-21,3714,19654746,1663423110,86.8,87.0,83.3,83.4,-2.6,12020,48
2021-04-22,3714,12534113,1047060394,84.6,85.2,82.0,82.3,-1.1,7322,121
2021-04-23,3714,6623568,550308304,83.1,84.0,82.1,82.7,0.4,3866,133
2021-04-26,3714,6060669,499966063,83.3,83.4,82.1,82.1,-0.6,4010,153
2021-04-27,3714,6358874,520948399,82.1,82.8,81.6,81.7,-0.4,3884,143
2021-04-28,3714,6204718,504995321,82.0,82.2,81.0,81.3,-0.4,3933,163
2021-04-29,3714,5421175,439539840,81.3,81.9,80.6,80.8,-0.5,3829,188
2021-05-03,3714,11759733,927714181,81.0,81.1,77.5,77.9,-2.9,7183,115
2021-05-04,3714,14273736,1059693221,78.1,78.3,70.9,73.0,-4.9,8749,103
2021-05-05,3714,5564234,406814265,73.0,74.2,72.0,72.0,-1.0,3817,152
2021-05-06,3714,4761784,347422787,72.6,74.0,72.1,72.9,0.9,3329,167
2021-05-07,3714,3896525,289666927,73.8,75.4,73.5,74.9,2.0,2778,200
2021-05-10,3714,5689161,430267758,75.1,77.3,74.0,76.3,1.4,3440,160
2021-05-11,3714,8282054,601349233,75.2,75.2,70.7,71.2,-5.1,5796,161
2021-05-12,3714,16327384,1074243908,71.2,71.2,64.1,64.2,-7.0,9387,112
2021-05-13,3714,11412273,698092429,60.5,64.4,58.4,61.8,-2.4,6428,120
2021-05-14,3714,7438971,464053838,64.0,64.7,60.8,61.8,0.0,4431,163
2021-05-17,3714,19044237,1231736188,57.4,67.8,57.4,64.8,3.0,10983,64
2021-05-18,3714,12794903,849926090,66.2,68.7,64.0,68.2,3.4,7772,93
2021-05-19,3714,6526041,438406963,68.2,68.8,66.2,66.8,-1.4,4096,134
2021-05-20,3714,9385256,644935093,67.6,69.8,66.4,69.1,2.3,5766,99
2021-05-21,3714,6124947,427135315,70.9,71.5,68.6,69.3,0.2,4019,130
2021-05-24,3714,3768283,263899704,68.1,71.0,68.1,70.9,1.6,2609,173
2021-05-25,3714,5582179,396657702,71.0,71.6,70.5,70.8,-0.1,3184,164
2021-05-26,3714,5477494,397316235,71.4,73.5,71.2,73.1,2.3,3489,129
2021-05-27,3714,3880466,283632563,73.2,73.9,72.1,73.1,0.0,2421,194
2021-05-28,3714,6506270,487654366,73.9,76.2,73.6,76.0,2.9,3473,131
2021-05-31,3714,5310067,402462718,77.4,77.4,74.7,75.5,-0.5,3526,150
2021-06-01,3714,4455919,340707000,75.8,77.5,75.5,75.9,0.4,2598,161
2021-06-02,3714,4792642,363664828,76.5,76.8,74.8,76.3,0.4,2733,176
2021-06-03,3714,4853564,373014948,76.5,77.9,76.2,76.5,0.2,2641,158
2021-06-04,3714,3108723,234820416,76.1,76.3,75.0,75.1,-1.4,2133,196
2021-06-07,3714,4480610,340249031,76.2,77.0,73.6,77.0,1.9,2741,171
2021-06-08,3714,3499080,269030511,77.5,78.0,76.0,76.1,-0.9,2128,172
2021-06-09,3714,3554541,266905965,75.8,76.6,74.5,74.6,-1.5,2258,179
2021-06-10,3714,1969924,147854431,74.8,75.6,74.4,75.2,0.6,1331,253
2021-06-11,3714,2388668,181227190,75.4,76.4,75.4,76.3,1.1,1565,214
2021-06-15,3714,3173718,243973332,77.0,77.5,76.3,77.5,1.2,2139,189
2021-06-16,3714,3019146,232321520,77.2,77.8,76.6,76.6,-0.9,1849,215
2021-06-17,3714,8274148,650580621,76.1,80.0,75.9,80.0,3.4,4936,97
2021-06-18,3714,12999878,1043062507,81.7,82.4,78.2,78.2,-1.8,7515,92
2021-06-21,3714,9789851,784038049,78.3,81.0,78.3,79.7,1.5,6278,96
2021-06-22,3714,4970067,395194785,80.3,81.2,78.8,79.4,-0.3,3269,169
2021-06-23,3714,3728887,297152229,79.8,80.4,79.3,79.4,0.0,2236,213
2021-06-24,3714,3914562,313723751,80.6,80.7,79.4,79.7,0.3,2455,187
2021-06-25,3714,4857088,389489265,80.5,81.4,79.3,79.6,-0.1,2964,182
2021-06-28,3714,4540416,356408537,79.2,79.6,78.1,78.2,-1.4,3613,184
2021-06-29,3714,4376133,339473404,78.2,78.3,77.2,77.5,-0.7,2670,193
2021-06-30,3714,2767379,217398822,78.4,79.1,78.1,78.5,1.0,1906,245
2021-07-01,3714,3864342,298699736,78.7,79.2,76.5,76.7,-1.8,2777,218
2021-07-02,3714,2907432,226114973,77.0,78.7,76.6,77.8,1.1,2039,227
2021-07-05,3714,3099391,245043461,78.7,79.6,78.2,79.1,1.3,2459,246
2021-07-06,3714,2543568,199358850,79.1,79.3,78.0,78.0,-1.1,1909,243
2021-07-07,3714,3356063,259596596,78.4,78.4,76.9,77.0,-1.0,2388,221
2021-07-08,3714,1805200,139979184,77.4,78.2,77.1,77.1,0.1,1448,296
2021-07-09,3714,2833709,217494355,77.0,77.7,76.3,76.3,-0.8,2005,245
2021-07-12,3714,4347800,339710445,77.7,78.8,77.1,78.3,2.0,2738,212
2021-07-13,3714,3789568,297358662,78.7,79.2,77.2,77.5,-0.8,2408,253
2021-07-14,3714,4802588,365991515,78.0,78.0,75.5,75.9,-1.6,3371,198
2021-07-15,3714,2129326,161794093,76.1,76.5,75.6,76.0,0.1,1443,275
2021-07-16,3714,1860022,141935676,75.2,77.1,75.2,76.0,0.0,1220,291
2021-07-19,3714,3574821,268342060,75.5,76.1,74.7,74.8,-1.2,2384,220
2021-07-20,3714,5077198,370698223,73.6,74.1,71.4,72.1,-2.7,3355,177
2021-07-21,3714,3680428,265512303,73.9,73.9,71.0,71.2,-0.9,2332,233
2021-07-22,3714,5923912,443529615,72.4,76.4,72.4,75.2,4.0,3564,162
2021-07-23,3714,36780656,2975589048,76.7,82.7,76.0,80.2,5.0,17773,30
2021-07-26,3714,17036970,1388965511,81.5,82.5,79.5,82.3,2.1,9850,56
2021-07-27,3714,23551053,1948962827,83.7,85.0,81.0,81.7,-0.6,12410,48
2021-07-28,3714,11143610,883262438,82.0,82.3,76.6,79.4,-2.3,6898,92
2021-07-29,3714,19289510,1599373909,80.8,84.0,80.8,83.8,4.4,11845,48
2021-07-30,3714,27436675,2303476450,84.4,86.5,81.5,82.0,-1.8,15976,36
2021-08-02,3714,13837795,1159232246,83.4,84.6,82.4,84.3,2.3,8302,55
2021-08-03,3714,7660785,642697693,84.9,85.4,83.1,83.5,-0.8,5019,95
2021-08-04,3714,9061851,762415746,84.4,84.7,83.2,84.4,0.9,5511,84
2021-08-05,3714,13108786,1112551415,85.1,86.1,83.8,84.0,-0.4,7931,65
2021-08-06,3714,12163818,992119591,83.0,83.3,80.5,80.8,-3.2,7435,65
2021-08-09,3714,11616368,915357546,79.8,80.8,77.3,77.4,-3.4,6904,78
2021-08-10,3714,9964667,751134064,77.4,78.0,74.0,74.9,-2.5,6040,80
2021-08-11,3714,7890845,588320966,75.9,76.2,73.1,73.9,-1.0,4576,103
2021-08-12,3714,4489164,337588697,75.1,76.0,74.3,76.0,2.1,2796,144
2021-08-13,3714,44426636,3664523277,83.6,83.6,80.5,81.4,5.4,20096,15
2021-08-16,3714,29459752,2434041783,81.3,84.0,80.7,83.9,2.5,16589,23
2021-08-17,3714,31689158,2676056268,84.3,85.6,83.0,84.0,0.1,17162,18
2021-08-18,3714,29309094,2366759362,83.0,83.5,78.0,81.2,-2.8,16940,31
2021-08-19,3714,23141254,1785858361,80.0,80.0,74.9,74.9,-6.3,13796,39
2021-08-20,3714,12609561,934833174,75.3,76.4,73.1,73.3,-1.6,8139,59
2021-08-23,3714,8064192,601600660,74.5,75.7,73.8,75.7,2.4,4780,86
2021-08-24,3714,9646840,718618490,76.5,76.5,73.6,73.9,-1.8,5513,88
2021-08-25,3714,11153592,849164980,74.4,77.1,74.3,76.5,2.6,6607,65
2021-08-26,3714,6837617,516917447,76.9,77.4,74.8,75.2,-1.3,3955,116
2021-08-27,3714,5049149,382626097,75.2,76.3,74.6,76.1,0.9,2713,128
2021-08-30,3714,3033515,231292423,76.6,76.9,75.8,76.3,0.2,2090,165
2021-08-31,3714,9405066,727408209,77.1,78.2,76.5,77.3,1.0,5994,84
2021-09-01,3714,6643672,515104308,76.7,78.4,76.2,78.3,1.0,4548,108
2021-09-02,3714,7153325,556052302,78.8,79.1,76.8,76.8,-1.5,4442,104
2021-09-03,3714,5953875,455060123,77.5,77.6,75.9,76.6,-0.2,3560,117
2021-09-06,3714,6354494,476415083,76.9,76.9,74.2,74.2,-2.4,4179,111
2021-09-07,3714,4953608,368657547,74.9,75.6,73.8,74.3,0.1,3330,132
2021-09-08,3714,7675774,556080050,74.1,74.3,71.4,72.0,-2.3,5333,101
2021-09-09,3714,3009076,217873551,71.5,72.9,71.4,72.8,0.8,1984,158
2021-09-10,3714,2314556,169800763,73.1,73.9,72.6,73.8,1.0,1405,178
2021-09-13,3714,2139708,156958153,73.9,74.2,73.0,73.1,-0.7,1346,196
2021-09-14,3714,2172068,159267657,73.5,74.0,72.9,73.8,0.7,1474,194
2021-09-15,3714,6629511,480162963,73.8,74.1,71.6,71.8,-2.0,4579,93
2021-09-16,3714,3925333,280066036,72.1,72.3,70.8,71.1,-0.7,2768,140
2021-09-17,3714,5171793,367763536,71.2,72.2,70.0,71.8,0.7,3118,138
2021-09-22,3714,4925570,344043931,70.4,70.5,69.6,69.8,-2.0,3572,135
2021-09-23,3714,5450298,381070604,70.8,71.5,69.0,69.6,-0.2,3386,118
2021-09-24,3714,5422351,390059408,70.4,72.8,70.4,72.4,2.8,3353,114
2021-09-27,3714,3468866,252289247,72.6,73.4,72.2,72.3,-0.1,2250,156
2021-09-28,3714,2121947,151490632,72.0,72.0,71.1,71.2,-1.1,1501,201
2021-09-29,3714,3788495,264769206,70.0,70.5,69.5,70.0,-1.2,2616,178
2021-09-30,3714,2602786,183110503,70.3,71.1,69.4,71.0,1.0,1733,205
2021-10-01,3714,4856187,334423678,70.4,70.4,68.0,68.1,-2.9,3277,156
2021-10-04,3714,4523269,308352582,68.7,69.6,67.0,67.1,-1.0,3219,142
2021-10-05,3714,3711083,250544853,65.6,68.9,65.5,68.9,1.8,2357,159
2021-10-06,3714,5371945,359458930,68.9,69.0,65.9,67.0,-1.9,3873,135
2021-10-07,3714,3458503,236768278,67.8,69.2,67.1,69.0,2.0,1761,162
2021-10-08,3714,3049658,212074586,68.8,70.2,68.7,69.4,0.4,1787,162
2021-10-12,3714,2145411,146365670,68.6,69.2,67.8,67.9,-1.5,1464,212
2021-10-13,3714,2131125,143624697,68.5,69.0,66.9,66.9,-1.0,1278,204
2021-10-14,3714,2075071,139472334,67.1,67.8,66.4,67.5,0.6,1209,191
2021-10-15,3714,4180968,291860291,68.1,70.5,68.1,70.4,2.9,2678,141
2021-10-18,3714,3122039,220506614,71.5,71.7,69.8,70.2,-0.2,2066,166
2021-10-19,3714,6554416,472878470,71.2,73.0,70.8,72.5,2.3,3904,107
2021-10-20,3714,3296974,239457295,73.3,73.5,71.9,72.6,0.1,1997,171
2021-10-21,3714,3770669,271000320,72.5,73.0,70.9,71.8,-0.8,2259,171
2021-10-22,3714,3007796,217838891,72.0,73.3,71.3,72.6,0.8,2576,185
2021-10-25,3714,1781142,129361767,72.5,73.1,71.9,72.8,0.2,1165,212
2021-10-26,3714,2966763,215188984,73.3,73.5,71.6,71.6,-1.2,1591,198
2021-10-27,3714,3363956,245162831,71.9,73.3,71.9,72.9,1.3,2085,158
2021-10-28,3714,4576102,336855046,73.0,74.1,72.9,73.1,0.2,2761,138
2021-10-29,3714,3488739,255331425,74.0,74.0,72.5,73.0,-0.1,2503,183
2021-11-01,3714,9729140,738933496,74.0,76.8,73.6,76.8,3.8,6653,96
2021-11-02,3714,9778187,742237024,77.0,77.6,74.5,74.8,-2.0,9135,106
2021-11-03,3714,4253950,322428215,75.0,76.6,74.7,76.1,1.3,3503,152
2021-11-04,3714,6796781,524026860,77.8,77.8,76.5,76.5,0.4,4104,118
2021-11-05,3714,5366026,412301386,77.5,77.5,76.1,76.9,0.4,3740,129
2021-11-08,3714,6793805,512802981,76.5,76.8,74.3,76.6,-0.3,5021,115
2021-11-09,3714,2810963,214175917,76.3,76.9,75.6,75.9,-0.7,2296,205
2021-11-10,3714,27438697,2171245954,76.3,80.9,75.9,80.9,5.0,13548,35
2021-11-11,3714,28516403,2293573992,80.0,81.9,79.0,80.9,0.0,16021,37
2021-11-12,3714,25112166,1984269126,80.5,81.8,77.0,77.0,-3.9,17229,36
2021-11-15,3714,6428095,500855473,77.7,78.8,77.4,77.5,0.5,3753,134
2021-11-16,3714,7033683,550071127,78.1,79.2,77.3,77.3,-0.2,3958,126
2021-11-17,3714,7438420,585592083,78.2,79.3,77.8,78.7,1.4,4291,122
2021-11-18,3714,7313542,580701176,79.3,80.0,78.9,79.1,0.4,4179,116
2021-11-19,3714,5390299,427835959,79.9,80.0,78.6,79.0,-0.1,3019,142
2021-11-22,3714,12286057,992996817,79.7,81.7,79.6,80.4,1.4,7296,62
2021-11-23,3714,16155831,1322055175,80.0,83.5,79.6,80.2,-0.2,12016,55
2021-11-24,3714,7265110,575457768,80.1,80.8,78.3,78.7,-1.5,5808,101
2021-11-25,3714,4560183,356792787,79.0,79.2,77.6,78.0,-0.7,4462,141
2021-11-26,3714,8078484,617879199,78.7,78.7,75.8,76.0,-2.0,7425,95
2021-11-29,3714,6167670,463079611,74.7,76.1,73.8,75.3,-0.7,4508,113
2021-11-30,3714,6059578,471039169,76.0,78.8,75.9,77.4,2.1,3767,151
2021-12-01,3714,5918518,466391804,76.6,79.8,76.6,79.6,2.2,3905,113
2021-12-02,3714,15524085,1253428370,79.7,82.5,78.9,79.1,-0.5,12212,51
2021-12-03,3714,5858366,468998371,80.6,81.3,79.2,79.4,0.3,4908,117
2021-12-06,3714,4039865,323462770,79.8,81.0,79.0,80.2,0.8,3075,141
2021-12-07,3714,5426881,432631598,80.5,80.8,79.1,79.3,-0.9,2894,132
2021-12-08,3714,5626690,445543117,80.1,80.4,78.3,78.3,-1.0,5297,136
2021-12-09,3714,4830803,382360384,78.9,79.7,78.3,78.5,0.2,2411,137
2021-12-10,3714,6035823,468155721,79.0,79.0,77.0,77.3,-1.2,7000,112
2021-12-13,3714,5203843,410986541,78.0,79.6,77.8,79.5,2.2,4052,120
2021-12-14,3714,6336844,489587736,78.8,78.8,76.7,76.8,-2.7,9396,110
2021-12-15,3714,2500047,192328720,76.8,77.5,76.5,76.9,0.1,2089,192
2021-12-16,3714,4485482,348956695,77.5,78.3,77.2,78.1,1.2,3120,137
2021-12-17,3714,4179096,320905678,77.8,77.9,76.2,76.5,-1.6,3505,169
2021-12-20,3714,2616833,198817426,76.5,76.8,75.6,75.8,-0.7,1922,192
2021-12-21,3714,1862884,141855470,76.0,76.5,75.8,76.0,0.2,1437,216
2021-12-22,3714,2042933,155423864,76.5,76.7,75.8,75.9,-0.1,1538,206
2021-12-23,3714,2478325,189741910,76.4,77.0,76.2,76.8,0.9,1820,202
2021-12-24,3714,2018302,154528029,77.0,77.4,76.1,76.2,-0.6,1841,221
2021-12-27,3714,3061069,236931826,77.0,77.8,76.5,77.5,1.3,1908,163
2021-12-28,3714,2978585,230001056,78.0,78.4,76.6,76.7,-0.8,2563,182
2021-12-29,3714,1643902,126803251,77.0,77.6,76.8,77.1,0.4,1187,257
2021-12-30,3714,1672005,128106775,77.1,77.3,76.3,76.7,-0.4,1694,252
2022-01-03,3714,6634746,519801763,77.3,79.0,77.1,79.0,2.3,4150,106
2022-01-04,3714,5224484,411569087,79.0,79.5,77.9,79.4,0.4,3643,128
2022-01-05,3714,43459965,3597621453,79.9,84.9,79.6,84.1,4.7,23432,19
2022-01-06,3714,34307005,2900526332,83.0,86.0,82.0,85.2,1.1,21759,18
2022-01-07,3714,71231888,6306838701,85.2,90.0,85.2,89.1,3.9,41961,7
2022-01-10,3714,72682742,6733073498,88.6,95.3,87.5,94.2,5.1,45172,6
2022-01-11,3714,72641612,6818235215,94.0,96.5,91.2,92.7,-1.5,44868,4
2022-01-12,3714,60823446,5738679439,95.1,97.5,91.6,92.7,0.0,45832,6
2022-01-13,3714,49536205,4498102558,93.0,94.3,88.3,88.6,-4.1,38738,11
2022-01-14,3714,48124696,4248007409,89.4,90.0,86.6,88.0,-0.6,31836,15
2022-01-17,3714,57096171,5245256808,89.0,94.2,88.8,94.2,6.2,34311,6
2022-01-18,3714,67398861,6350411583,94.1,97.5,91.6,91.6,-2.6,41388,5
2022-01-19,3714,84301062,7982838469,90.7,96.5,90.2,95.9,4.3,48512,3
2022-01-20,3714,77621616,7433081966,96.8,97.7,93.4,96.5,0.6,42556,3
2022-01-21,3714,48457494,4547941587,94.6,95.6,91.5,91.8,-4.7,32116,9
2022-01-24,3714,55993874,5128318571,92.2,93.3,89.2,90.8,-1.0,29630,7
2022-01-25,3714,43636315,3883720304,90.7,91.6,86.6,86.6,-4.2,29988,9
2022-01-26,3714,52171252,4655471634,87.3,91.8,86.3,90.0,3.4,29302,7
2022-02-07,3714,52447916,4887998634,94.0,95.3,91.5,93.4,3.4,30229,8
2022-02-08,3714,41720467,3941758165,93.4,96.3,92.3,94.8,1.4,24461,12
2022-02-09,3714,90910469,9042075487,95.6,104.0,94.6,103.5,8.7,51208,6
2022-02-10,3714,51909255,5273841661,103.5,104.0,99.9,101.0,-2.5,34716,12
2022-02-11,3714,37054693,3748682451,101.0,103.5,99.7,100.0,-1.0,23836,12
2022-02-14,3714,44759089,4427498821,97.3,101.0,96.0,100.0,0.0,27148,12
2022-02-15,3714,56073266,5499359064,100.5,102.0,95.3,95.3,-4.7,35062,7
2022-02-16,3714,79806804,7556913085,96.9,97.3,91.5,91.8,-3.5,47695,7
2022-02-17,3714,40665565,3757511475,93.0,93.8,91.0,92.0,0.2,23460,14
2022-02-18,3714,45138678,4050794744,91.0,91.0,88.5,90.3,-1.7,27140,13
2022-02-21,3714,24050110,2138074577,89.5,89.8,88.1,88.4,-1.9,14124,22
2022-02-22,3714,57332664,5087028621,88.5,91.1,86.7,86.9,-1.5,33342,10
2022-02-23,3714,34059893,3031137183,88.0,90.3,87.2,90.3,3.4,20218,14
2022-02-24,3714,35780243,3122432944,88.8,89.2,85.2,85.8,-4.5,22060,15
2022-02-25,3714,94470482,7697282806,86.0,87.5,78.2,79.0,-6.8,58063,10
2022-03-01,3714,41734126,3318547136,78.8,80.8,77.5,80.1,1.1,24824,17
2022-03-02,3714,31307018,2450451998,79.2,79.6,77.1,78.5,-1.6,19937,20
2022-03-03,3714,19330755,1529493920,79.5,79.9,78.6,78.7,0.2,12015,33
2022-03-04,3714,46858231,3543679899,77.7,77.7,74.2,74.3,-4.4,30032,12
2022-03-07,3714,32973137,2367638762,72.1,73.3,70.7,71.3,-3.0,18762,29
2022-03-08,3714,37149914,2608873952,71.2,72.6,68.6,68.6,-2.7,23980,26
2022-03-09,3714,16511375,1151401978,70.5,70.5,69.0,69.9,1.3,13436,36
2022-03-10,3714,24443906,1743323975,71.3,72.5,70.3,71.0,1.1,18124,35
2022-03-11,3714,11151240,793569671,71.0,72.0,70.1,71.1,0.1,10810,58
2022-03-14,3714,11517794,825031062,71.5,72.7,71.0,71.2,0.1,7202,57
2022-03-15,3714,20231839,1393990476,70.6,71.0,67.6,69.4,-1.8,14866,40
2022-03-16,3714,14043733,970131385,70.7,70.7,68.0,68.5,-0.9,9641,63
2022-03-17,3714,16277138,1157716061,70.2,72.0,69.9,71.6,3.1,10932,62
2022-03-18,3714,13375257,948861554,71.1,72.0,69.9,71.8,0.2,8379,78
2022-03-21,3714,9996771,722225752,72.1,72.9,71.4,72.3,0.5,7557,76
2022-03-22,3714,7366277,529189891,71.9,72.5,71.4,71.8,-0.5,7276,93
2022-03-23,3714,9569295,689181584,72.3,72.7,71.5,71.6,-0.2,7058,92
2022-03-24,3714,6860422,491014403,71.5,72.3,70.6,72.1,0.5,6454,107
2022-03-25,3714,7882303,560788103,72.5,72.5,70.4,70.7,-1.4,9304,102
2022-03-28,3714,6367955,443527414,70.0,70.2,69.1,69.8,-0.9,7725,103
2022-03-29,3714,29407947,2164693330,71.8,75.0,71.7,73.9,4.1,23210,21
2022-03-30,3714,13978693,1018208030,74.0,74.1,72.1,72.2,-1.7,13375,62
2022-03-31,3714,6118201,440109792,72.6,72.7,71.2,71.5,-0.7,6477,114
2022-04-01,3714,5111275,361976078,71.0,71.2,70.5,71.2,-0.3,4610,120
2022-04-06,3714,5508557,386822080,70.6,70.7,69.8,70.4,-0.8,4401,126
2022-04-07,3714,9483984,658096124,70.5,71.2,68.3,68.4,-2.0,10360,94
2022-04-08,3714,4716847,323647868,68.8,69.0,68.2,68.6,0.2,5835,134
2022-04-11,3714,19018949,1253039100,68.3,68.3,65.0,65.5,-3.1,15133,47
2022-04-12,3714,8352254,545748691,65.0,66.4,64.6,64.8,-0.7,5526,98
2022-04-13,3714,3871799,253970219,65.6,66.0,65.0,65.8,1.0,3013,153
2022-04-14,3714,4799878,313698209,66.6,66.6,64.8,65.5,-0.3,5592,138
2022-04-15,3714,9775212,620919111,64.9,65.0,62.9,62.9,-2.6,7208,82
2022-04-18,3714,7589067,473307435,62.2,63.6,61.6,62.3,-0.6,4820,105
2022-04-19,3714,3513242,221269083,63.0,63.7,62.4,62.4,0.1,3008,157
2022-04-20,3714,5585323,347490784,63.0,63.2,61.8,62.1,-0.3,3799,143
2022-04-21,3714,4785349,297235975,62.3,62.6,61.8,62.1,0.0,3216,160
2022-04-22,3714,9530145,594649453,61.7,63.4,61.5,62.1,0.0,5272,109
2022-04-25,3714,10775133,641706617,60.9,61.0,58.9,59.1,-3.0,7293,98
2022-04-26,3714,5949072,355038526,59.9,60.2,59.1,59.2,0.1,4123,134
2022-04-27,3714,12622273,724118166,57.6,58.4,56.2,57.9,-1.3,7881,79
2022-04-28,3714,6770604,399718702,58.6,59.9,57.7,58.9,1.0,4713,116
2022-04-29,3714,5008792,296863731,60.2,60.5,58.5,58.7,-0.2,3788,123
2022-05-03,3714,6486111,389723068,59.0,60.8,59.0,60.5,1.8,4258,85
2022-05-04,3714,5197155,311633621,61.0,61.0,59.5,59.6,-0.9,4489,108
2022-05-05,3714,5948483,361726380,60.5,61.5,60.2,60.6,1.0,3503,112
2022-05-06,3714,5120099,308088414,59.4,60.9,59.1,60.8,0.2,2719,140
2022-05-09,3714,10505781,611204549,60.4,60.4,57.1,57.1,-3.7,7236,83
2022-05-10,3714,6409195,370218737,55.8,58.9,55.6,58.9,1.8,4167,123
2022-05-11,3714,4078122,236447531,58.5,58.5,57.5,58.0,-0.9,3026,150
2022-05-12,3714,5471037,317921802,57.5,59.0,57.5,57.5,-0.5,3418,130
2022-05-13,3714,4241814,249967732,58.6,59.3,58.2,59.1,1.6,2637,143
2022-05-16,3714,5509150,329710174,60.0,60.5,59.1,59.6,0.5,3652,128
2022-05-17,3714,15075675,924684174,59.9,62.8,59.7,62.5,2.9,8529,51
2022-05-18,3714,12579417,781405866,62.6,62.9,61.5,61.8,-0.7,8639,69
2022-05-19,3714,15718265,985202421,60.8,63.8,60.5,63.8,2.0,9920,51
2022-05-20,3714,11734183,737974567,63.8,63.8,62.4,63.0,-0.8,8448,62
2022-05-23,3714,5946272,373774174,63.0,63.8,62.3,62.5,-0.5,4046,113
2022-05-24,3714,6077735,376721882,62.8,63.1,61.2,61.4,-1.1,3845,109
2022-05-25,3714,4722989,294984100,61.7,62.9,61.6,62.6,1.2,2909,124
2022-05-26,3714,9238501,582504862,63.0,63.7,62.2,62.5,-0.1,6873,72
2022-05-27,3714,5452576,344730313,63.3,63.6,62.8,63.0,0.5,4154,114
2022-05-30,3714,6549733,419386113,64.3,64.6,63.5,64.1,1.1,4310,120
2022-05-31,3714,6760825,432310498,64.3,64.6,63.5,63.5,-0.6,5802,131
2022-06-01,3714,6877268,433178233,63.1,63.4,62.6,62.9,-0.6,4633,108
2022-06-02,3714,6267857,393675657,63.3,63.7,62.2,62.3,-0.6,4903,99
2022-06-06,3714,3981367,247854887,62.3,62.9,61.5,62.6,0.3,3230,135
2022-06-07,3714,3507008,216757549,61.8,62.0,61.5,61.9,-0.7,2798,145
2022-06-08,3714,6498457,396550090,62.2,62.3,60.3,60.4,-1.5,5509,97
2022-06-09,3714,2418731,146506408,60.3,60.8,60.2,60.7,0.3,1679,186
2022-06-10,3714,4445801,265260402,60.3,60.3,59.4,59.6,-1.1,3513,118
2022-06-13,3714,5009654,289646780,58.4,58.6,57.5,57.5,-2.1,4790,145
2022-06-14,3714,3991184,228027842,57.0,57.7,56.4,57.4,-0.1,2674,155
2022-06-15,3714,5347578,304611355,57.5,57.9,56.5,56.5,-0.9,3284,131
2022-06-16,3714,5678292,311704699,55.6,56.0,53.9,53.9,0.0,4089,148
2022-06-17,3714,8137417,426462524,53.0,53.3,51.9,52.1,-1.8,4962,137
2022-06-20,3714,11668089,587682643,52.1,52.3,49.3,49.3,-2.8,6864,89
2022-06-21,3714,7001636,359326944,50.1,52.3,49.9,52.0,2.7,4203,124
2022-06-22,3714,8259382,415264374,52.4,52.4,49.5,49.7,-2.3,6398,112
2022-06-23,3714,7389949,367808563,49.8,50.8,48.8,49.45,-0.25,4346,130
2022-06-24,3714,7027059,360962419,50.3,52.3,50.3,51.0,1.55,4775,117
2022-06-27,3714,4502636,234537857,52.1,52.5,51.5,52.1,1.1,3848,149
2022-06-28,3714,3962243,207813539,52.3,52.8,52.0,52.4,0.3,2834,152
2022-06-29,3714,4442999,233610137,52.2,53.1,51.6,52.6,0.2,3846,146
2022-06-30,3714,5784899,295549268,52.4,52.4,50.3,50.7,-1.9,4610,151
2022-07-01,3714,8615728,421906880,50.7,51.3,47.2,47.55,-3.15,6709,127
2022-07-04,3714,5046548,242700206,47.9,48.9,47.55,47.75,0.2,3823,145
2022-07-05,3714,4608587,222095368,48.95,49.4,47.2,48.6,0.85,4183,155
2022-07-06,3714,7185413,334925003,47.55,48.2,45.5,45.65,-2.95,6432,118
2022-07-07,3714,5452767,255630764,45.9,47.9,45.45,47.85,2.2,3432,141
2022-07-08,3714,3572935,173430979,48.2,49.1,47.9,48.5,0.65,3782,189
2022-07-11,3714,1761999,85494267,48.8,49.1,48.05,48.55,0.05,1833,230
2022-07-12,3714,3527161,164455440,48.0,48.0,46.0,46.1,-2.45,2692,186
2022-07-13,3714,2746619,130713424,47.4,48.0,47.35,47.35,1.25,2143,200
2022-07-14,3714,2534283,121520515,47.1,48.55,46.8,48.55,1.2,2118,205
2022-07-15,3714,2754962,134550674,48.3,49.5,47.8,49.3,0.75,3038,204
2022-07-18,3714,3222672,161106077,49.5,50.5,49.2,50.4,1.1,2515,199
2022-07-19,3714,2791386,140456167,49.9,50.9,49.55,50.5,0.1,2522,190
2022-07-20,3714,3439993,174908558,51.2,51.3,50.4,50.6,0.1,2147,207
2022-07-21,3714,4439206,227974818,51.0,51.9,50.8,51.7,1.1,2581,168
2022-07-22,3714,2659373,136682635,51.8,52.0,50.9,51.2,-0.5,2431,213
2022-07-25,3714,2348023,120037197,50.9,51.6,50.2,51.6,0.4,1729,188
2022-07-26,3714,23979690,1266295199,53.8,55.1,51.4,51.6,0.0,15471,28
2022-07-27,3714,11443972,568701060,51.3,51.4,49.1,49.65,-1.95,8429,65
2022-07-28,3714,5979460,294410519,50.1,50.2,48.7,48.7,-0.95,4411,120
2022-07-29,3714,3081416,152275248,49.2,49.8,49.1,49.45,0.75,2097,193
2022-08-01,3714,3140997,154673515,49.35,49.6,48.9,49.45,0.0,2095,175
2022-08-02,3714,6305677,300595203,49.2,49.2,47.2,47.5,-1.95,4593,123
2022-08-03,3714,2872464,135451824,47.5,47.7,46.8,46.95,-0.55,2046,196
2022-08-04,3714,2946790,138790911,47.05,47.55,46.55,47.5,0.55,2099,195
2022-08-05,3714,4279678,205781031,47.6,48.35,47.6,48.35,0.85,2267,153
2022-08-08,3714,3788452,179801804,47.6,47.9,47.2,47.65,-0.7,2942,162
2022-08-09,3714,2987693,141081853,47.55,47.65,46.8,47.35,-0.3,1971,188
2022-08-10,3714,2596894,123307174,47.0,48.05,46.75,47.6,0.25,1820,201
2022-08-11,3714,4577956,223208986,48.3,49.2,48.1,49.1,1.5,3242,168
2022-08-12,3714,6184194,310402414,49.1,50.6,49.1,50.4,1.3,3785,129
2022-08-15,3714,4138278,210774271,50.7,51.5,50.1,51.3,0.9,3063,157
2022-08-16,3714,3794147,194931404,51.4,51.8,50.9,51.4,0.1,2915,176
2022-08-17,3714,6617484,344493115,51.8,52.5,51.6,52.3,0.9,4678,123
2022-08-18,3714,4293260,221883845,52.6,52.6,51.2,51.3,-1.0,3767,155
2022-08-19,3714,8577137,451673614,52.2,53.2,51.9,52.7,1.4,4916,101
2022-08-22,3714,4250427,219646043,52.6,52.6,51.1,51.3,-1.4,4504,152
2022-08-23,3714,2233932,113659957,50.8,51.4,50.3,50.9,-0.4,2026,207
2022-08-24,3714,1453914,73934079,51.2,51.4,50.5,50.6,-0.3,1409,268
2022-08-25,3714,2130614,110175872,51.0,52.0,51.0,51.8,1.2,1447,224
2022-08-26,3714,2006158,104177048,52.2,52.4,51.5,51.6,-0.2,1549,244
2022-08-29,3714,3313928,165306180,50.0,50.2,49.5,49.9,-1.7,3883,182
2022-08-30,3714,4068979,207547291,50.0,51.6,49.85,51.4,1.5,2323,146
2022-08-31,3714,3158715,162990571,51.0,52.0,50.9,51.6,0.2,2294,185
2022-09-01,3714,3485199,180047807,51.5,52.3,51.0,51.6,0.0,2635,179
2022-09-02,3714,2674485,137403161,52.0,52.2,50.8,50.8,-0.8,3152,198
2022-09-05,3714,1981884,99739440,51.3,51.4,49.9,50.1,-0.7,1549,231
2022-09-06,3714,4098933,201173782,50.1,50.7,48.4,48.5,-1.6,3197,165
2022-09-07,3714,1768088,85262680,47.85,48.75,47.7,48.15,-0.35,1458,231
2022-09-08,3714,1249092,60638763,48.65,48.85,48.15,48.85,0.7,999,280
2022-09-12,3714,1399024,69144818,49.7,49.7,49.15,49.35,0.5,1257,278
2022-09-13,3714,2118239,104197030,49.4,49.9,48.75,48.75,-0.6,1743,234
2022-09-14,3714,2436074,116834617,47.75,48.2,47.6,48.15,-0.6,1786,217
2022-09-15,3714,1907975,91653359,48.15,48.35,47.8,47.8,-0.35,1704,248
2022-09-16,3714,4370319,205755641,47.55,47.6,46.85,46.85,-0.95,2823,191
2022-09-19,3714,2181256,101133719,46.85,47.2,46.2,46.25,-0.6,1707,212
2022-09-20,3714,1247393,57939329,46.7,46.8,46.3,46.3,0.05,993,266
2022-09-21,3714,2756113,126341070,46.05,46.3,45.65,45.65,-0.65,2257,200
2022-09-22,3714,3276833,147211600,45.6,45.6,44.35,45.45,-0.2,2811,193
2022-09-23,3714,6122407,271006376,45.0,45.25,43.8,43.9,-1.55,5988,123
2022-09-26,3714,9830862,405657870,43.0,43.1,40.05,40.2,-3.7,6367,108
2022-09-27,3714,4657655,190696372,40.0,41.9,39.9,41.7,1.5,3056,161
2022-09-28,3714,4439375,179710260,41.1,41.65,40.05,40.05,-1.65,3300,184
2022-09-29,3714,2874910,117224028,40.8,41.2,40.15,40.9,0.85,2131,211
2022-09-30,3714,3006088,122126210,39.9,41.45,39.7,41.45,0.55,1894,204
2022-10-03,3714,1817938,75027837,40.75,41.9,40.45,41.65,0.2,2175,224
2022-10-04,3714,2093292,89655529,42.5,43.15,42.4,43.1,1.45,1559,220
2022-10-05,3714,3218920,140445206,43.6,44.25,43.05,43.25,0.15,2634,199
2022-10-06,3714,2292429,100137209,43.4,44.05,43.4,43.5,0.25,1928,205
2022-10-07,3714,1885942,81333978,43.1,43.6,42.7,43.05,-0.45,1495,220
2022-10-11,3714,2822298,118650698,42.0,42.65,41.4,41.9,-1.15,1929,206
2022-10-12,3714,2116429,88716075,42.1,42.4,41.3,42.25,0.35,1655,223
2022-10-13,3714,3436125,143742356,42.4,43.15,40.55,40.55,-1.7,3507,201
2022-10-14,3714,2845247,121845801,41.9,43.2,41.9,43.0,2.45,2294,194
2022-10-17,3714,2161052,91664132,42.2,43.0,41.65,43.0,0.0,1907,223
2022-10-18,3714,1982543,86236131,43.7,43.95,43.0,43.65,0.65,1385,223
2022-10-19,3714,3025595,131630164,43.65,43.95,43.15,43.2,-0.45,2570,188
2022-10-20,3714,4772971,204473372,42.85,43.3,41.85,43.3,0.1,2429,171
2022-10-21,3714,2748175,118142399,43.0,43.0,42.15,42.15,-1.15,1118,183
2022-10-24,3714,1398783,59910476,43.05,43.4,42.3,42.35,0.2,988,248
2022-10-25,3714,1647406,69411324,42.5,43.1,41.65,41.8,-0.55,1330,237
2022-10-26,3714,2181845,90071060,42.0,42.05,40.9,41.25,-0.55,1653,199
2022-10-27,3714,2488544,104852848,41.5,42.6,41.45,42.6,1.35,1416,187
2022-10-28,3714,2947690,121504571,42.35,42.65,40.55,40.55,-2.05,2936,173
2022-10-31,3714,1196619,49127162,41.15,41.3,40.7,41.1,0.55,802,250
2022-11-01,3714,1114342,46014278,41.1,41.5,40.8,41.35,0.25,755,259
2022-11-02,3714,3890040,165602221,41.65,43.25,41.4,42.45,1.1,2459,152
2022-11-03,3714,1747705,73948855,41.85,42.75,41.7,42.3,-0.15,1791,218
2022-11-04,3714,4117107,170021722,41.8,41.8,40.95,41.55,-0.75,3521,164
2022-11-07,3714,3576202,147672310,41.2,41.9,40.6,41.65,0.1,2368,187
2022-11-08,3714,6958014,300429333,41.8,44.05,41.8,42.95,1.3,4247,132
2022-11-09,3714,8576714,378255051,43.4,44.65,43.3,44.25,1.3,5255,105
2022-11-10,3714,4476008,198154409,44.1,44.75,43.8,44.45,0.2,2938,140
2022-11-11,3714,7941137,358662403,45.7,46.0,44.6,44.95,0.5,4778,140
2022-11-14,3714,6428742,295640592,45.45,46.5,45.3,46.0,1.05,4405,151
2022-11-15,3714,5315534,243585789,45.75,46.4,45.25,46.2,0.2,3511,164
2022-11-16,3714,4885882,226939848,46.2,46.8,45.95,46.5,0.3,3151,180
2022-11-17,3714,3108058,143611554,46.2,46.65,45.75,46.5,0.0,2101,202
2022-11-18,3714,2566993,118446764,46.6,46.8,45.6,45.75,-0.75,2018,225
2022-11-21,3714,1710149,78109411,45.85,46.1,45.4,45.55,-0.2,1202,238
2022-11-22,3714,1462043,66634656,45.7,45.9,45.15,45.75,0.2,1116,253
2022-11-23,3714,1651791,76059149,46.0,46.4,45.8,46.0,0.25,1138,233
2022-11-24,3714,1878616,87201576,46.4,46.65,46.05,46.5,0.5,1332,248
2022-11-25,3714,2730546,126754628,46.5,46.95,45.9,45.95,-0.55,1980,194
2022-11-28,3714,1803070,82072764,45.4,45.8,45.2,45.7,-0.25,1202,235
2022-11-29,3714,1639257,74647222,45.7,45.95,45.05,45.9,0.2,1277,259
2022-11-30,3714,3209890,150231532,46.1,47.2,46.0,47.0,1.1,2254,231
2022-12-01,3714,3423373,162850325,47.7,47.95,47.1,47.3,0.3,2823,231
2022-12-02,3714,1995710,95271930,47.5,48.0,47.4,47.7,0.4,1623,279
2022-12-05,3714,2211324,106839335,47.9,48.65,47.8,48.25,0.55,1794,268
2022-12-06,3714,2889686,136869495,48.0,48.0,46.75,47.1,-1.15,2423,237
2022-12-07,3714,2646193,122923451,46.9,47.2,45.85,46.1,-1.0,1788,243
2022-12-08,3714,1699467,79290483,46.0,47.0,45.95,46.6,0.5,1300,254
2022-12-09,3714,3379501,158797534,47.3,47.95,46.4,46.45,-0.15,2228,196
2022-12-12,3714,2075485,94757887,46.0,46.15,45.2,46.1,-0.35,1733,241
2022-12-13,3714,6379482,304995330,46.7,48.4,46.45,48.25,2.15,4345,140
2022-12-14,3714,5810522,283179479,48.25,49.25,47.7,49.2,0.95,4020,136
2022-12-15,3714,3340610,163348795,49.2,49.5,48.55,48.85,-0.35,3391,193
2022-12-16,3714,5074872,246958767,48.4,49.05,48.1,48.7,-0.15,2480,173
2022-12-19,3714,3582454,171985523,48.3,48.95,47.2,48.45,-0.25,2679,176
2022-12-20,3714,3225081,153376796,48.25,48.7,46.6,46.75,-1.7,2986,219
2022-12-21,3714,2585031,122260974,48.0,48.0,46.65,47.0,0.25,1810,203
2022-12-22,3714,1921795,90285272,47.2,47.55,46.65,47.05,0.05,1468,229
2022-12-23,3714,1147848,53219608,46.45,46.8,45.9,46.6,-0.45,877,259
2022-12-26,3714,779291,36191676,46.6,46.8,46.1,46.4,-0.2,612,293
2022-12-27,3714,860585,40196369,46.5,47.05,46.35,46.6,0.2,683,275
2022-12-28,3714,2273681,104234003,46.4,46.4,45.5,45.6,-1.0,1381,195
2022-12-29,3714,1932134,86879941,45.25,45.35,44.65,44.9,-0.7,1564,212
2022-12-30,3714,1420548,63760669,45.5,45.5,44.65,44.75,-0.15,1175,238
2023-01-03,3714,1008781,45380492,44.65,45.3,44.5,45.1,0.35,805,261
2023-01-04,3714,1823338,83998358,45.35,46.6,45.1,46.6,1.5,1417,207
2023-01-05,3714,5879993,280981004,46.6,48.15,46.6,48.05,1.45,3699,117
2023-01-06,3714,4487716,208930604,47.0,47.25,46.2,46.25,-1.8,4330,121
2023-01-09,3714,5732539,274557581,46.6,48.45,46.55,48.35,2.1,3769,136
2023-01-10,3714,12048778,599960042,48.0,50.3,47.6,50.1,1.75,7127,60
2023-01-11,3714,7817886,393975245,50.5,51.0,49.7,50.2,0.1,5720,90
2023-01-12,3714,4661848,232015908,50.2,50.7,49.2,49.3,-0.9,3925,116
2023-01-13,3714,2788565,137058715,49.55,49.7,48.8,48.85,-0.45,2170,161
2023-01-16,3714,1867371,90862800,49.0,49.1,48.3,48.75,-0.1,1323,180
2023-01-17,3714,1361218,66447003,48.75,49.1,48.65,48.75,0.0,997,222
2023-01-30,3714,3741918,184449955,49.8,49.85,48.75,49.15,0.4,2523,198
2023-01-31,3714,4674937,233879153,49.8,50.6,49.4,50.0,0.85,2911,178
2023-02-01,3714,5397993,274309734,50.5,51.5,50.0,51.2,1.2,3671,155
2023-02-02,3714,7286650,373747867,51.7,52.1,50.6,51.0,-0.2,4056,131
2023-02-03,3714,3251589,164886533,51.4,51.4,50.2,50.5,-0.5,2276,198
2023-02-06,3714,3960259,199977796,50.8,51.2,50.0,50.2,-0.3,2245,163
2023-02-07,3714,3308866,165493929,50.0,50.5,49.2,50.4,0.2,2073,181
2023-02-08,3714,1767193,89078560,50.7,50.7,50.1,50.3,-0.1,1307,256
2023-02-09,3714,2520375,125486322,50.5,50.5,49.5,49.5,-0.8,1886,207
2023-02-10,3714,3081926,150880845,49.95,49.95,48.6,48.6,-0.9,2141,194
2023-02-13,3714,1580805,76917184,48.8,49.0,48.4,48.6,0.0,1066,266
2023-02-14,3714,988493,48278861,49.0,49.05,48.65,48.7,0.1,771,302
2023-02-15,3714,1435907,69688569,48.85,48.9,48.35,48.35,-0.35,1159,263
2023-02-16,3714,1529165,75313748,48.85,49.45,48.7,49.4,1.05,1197,262
2023-02-17,3714,2392244,119374934,49.3,50.2,49.2,49.8,0.4,1631,208
2023-02-20,3714,1706252,85679547,50.0,50.4,49.8,50.4,0.6,1230,276
2023-02-21,3714,1088245,54633501,50.5,50.5,50.0,50.1,-0.3,904,323
2023-02-22,3714,1838406,90464233,49.5,49.55,49.0,49.15,-0.95,1513,265
2023-02-23,3714,3881487,195725574,49.2,51.2,49.2,50.1,0.95,2311,184
2023-02-24,3714,3370163,166163278,49.95,50.0,49.1,49.15,-0.95,3114,212
2023-03-01,3714,7248197,341935876,48.85,48.85,46.35,47.15,-2.0,5810,137
2023-03-02,3714,5761033,267146649,46.65,46.8,46.1,46.45,-0.7,4421,138
2023-03-03,3714,8188776,392431492,46.6,49.15,46.3,48.65,2.2,5316,106
2023-03-06,3714,7329015,368132802,49.0,50.9,48.9,50.1,1.45,4761,126
2023-03-07,3714,3162678,159092990,50.0,50.7,49.95,50.5,0.4,2293,216
2023-03-08,3714,4231545,215743069,50.4,51.4,50.2,51.1,0.6,2974,195
2023-03-09,3714,2689884,135638118,51.4,51.4,50.0,50.0,-1.1,3579,259
2023-03-10,3714,3926578,192071578,49.4,49.8,48.4,48.5,-1.5,3174,233
2023-03-13,3714,2202362,106393810,48.3,48.9,47.75,48.85,0.35,1669,286
2023-03-14,3714,1745668,84042528,48.6,48.6,47.8,48.15,-0.7,1424,290
2023-03-15,3714,1637612,79051749,48.65,48.8,47.9,48.0,-0.15,1317,297
2023-03-16,3714,1553569,74207052,47.8,48.15,47.5,47.75,-0.25,1188,328
2023-03-17,3714,1551304,74777004,48.1,48.45,47.95,48.25,0.5,1008,317
2023-03-20,3714,1298440,63037037,48.25,48.8,48.05,48.8,0.55,1334,306
2023-03-21,3714,2112008,104513821,49.25,49.85,49.15,49.25,0.45,1726,257
2023-03-22,3714,6860487,347272645,49.4,51.3,49.15,51.0,1.75,4447,132
2023-03-23,3714,5761732,294131833,50.9,51.8,50.6,50.7,-0.3,4280,150
2023-03-24,3714,31404989,1708363184,51.0,55.7,51.0,55.7,5.0,18020,34
2023-03-27,3714,24253374,1347104113,56.5,57.2,53.9,54.0,-1.7,16234,35
2023-03-28,3714,7892835,422636709,54.1,54.7,52.8,53.3,-0.7,5913,102
2023-03-29,3714,8357805,450324168,53.6,55.4,53.1,53.1,-0.2,5638,95
2023-03-30,3714,3423645,182740890,53.7,53.8,53.1,53.1,0.0,2302,189
2023-03-31,3714,4596129,246822246,53.7,54.6,53.2,53.2,0.1,2743,161
2023-04-06,3714,3473853,182739472,53.8,53.8,52.2,52.3,-0.9,2399,191
2023-04-07,3714,2354886,123923858,52.2,53.2,52.2,52.4,0.1,1673,212
2023-04-10,3714,2469587,129215446,52.4,52.8,51.9,52.2,-0.2,1635,205
2023-04-11,3714,6847364,368978119,52.7,54.4,52.4,54.2,2.0,4479,123
2023-04-12,3714,3919442,210048152,54.0,54.0,53.1,53.8,-0.4,3095,203
2023-04-13,3714,3817420,204280263,53.8,54.2,53.0,53.0,-0.8,2723,209
2023-04-14,3714,5058158,272420980,53.5,54.7,53.1,53.8,0.8,3148,164
2023-04-17,3714,3017072,162266062,54.1,54.2,53.3,53.9,0.1,1967,245
2023-04-18,3714,7283171,394741377,54.1,54.9,53.6,53.9,0.0,4272,137
2023-04-19,3714,3682503,198186807,54.5,54.5,53.3,53.6,-0.3,2946,220
2023-04-20,3714,5569541,293622896,53.7,54.0,52.1,52.3,-1.3,3498,163
2023-04-21,3714,4679901,242292645,52.6,53.1,51.0,51.0,-1.3,3033,201
2023-04-24,3714,1752978,90522738,51.3,52.3,50.9,51.6,0.6,1219,267
2023-04-25,3714,5297335,267294150,51.7,52.0,49.55,49.7,-1.9,3484,178
2023-04-26,3714,2681412,132392029,49.4,49.95,48.8,49.5,-0.2,1768,223
2023-04-27,3714,1729672,85425701,49.5,49.9,48.9,49.35,-0.15,1578,260
2023-04-28,3714,2596034,129516592,50.0,50.4,49.55,49.9,0.55,1495,235
2023-05-02,3714,1668441,83338426,50.2,50.4,49.15,50.1,0.2,1310,286
2023-05-03,3714,1621762,80358544,50.1,50.1,49.35,49.5,-0.6,1238,274
2023-05-04,3714,1237687,61290918,49.7,49.85,49.2,49.6,0.1,888,313
2023-05-05,3714,2379785,117116800,49.35,49.75,49.0,49.05,-0.55,1974,239
2023-05-08,3714,6389329,305711995,49.1,49.2,47.5,47.6,-1.45,4681,146
2023-05-09,3714,2378570,113371119,47.9,48.0,47.3,47.65,0.05,1578,253
2023-05-10,3714,1576367,74892253,47.8,47.8,47.2,47.4,-0.25,1139,286
2023-05-11,3714,2414797,112983429,47.7,47.7,46.45,46.65,-0.75,2035,275
2023-05-12,3714,1408597,65961785,46.35,47.1,46.35,47.05,0.4,1040,290
2023-05-15,3714,2107464,97951049,46.8,46.95,46.1,46.55,-0.5,1646,252
2023-05-16,3714,1755922,83517169,47.15,47.9,47.1,47.6,1.05,1325,266
2023-05-17,3714,2167688,104402480,47.5,48.5,47.4,48.35,0.75,1717,265
2023-05-18,3714,1629453,78859701,48.55,48.6,48.15,48.45,0.1,1145,306
2023-05-19,3714,1235640,60021833,48.7,48.8,48.3,48.6,0.15,1032,333
2023-05-22,3714,1747391,86151106,48.6,49.55,48.6,49.4,0.8,1246,284
2023-05-23,3714,1361130,67419609,49.6,49.8,49.1,49.55,0.15,1067,310
2023-05-24,3714,1717166,85259568,49.4,49.85,49.35,49.7,0.15,1143,288
2023-05-25,3714,1101732,54731834,49.7,49.8,49.4,49.8,0.1,896,350
2023-05-26,3714,1287778,63876142,49.8,50.1,49.3,49.3,-0.5,1348,348
2023-05-29,3714,1857671,92954776,49.75,50.4,49.7,49.9,0.6,1437,287
2023-05-30,3714,9496515,490909389,50.2,52.6,49.7,51.7,1.8,6208,119
2023-05-31,3714,2733289,140022955,51.5,51.8,50.9,51.2,-0.5,2590,260
2023-06-01,3714,2928422,151637385,51.7,52.2,51.2,51.6,0.4,2022,247
2023-06-02,3714,2317904,119543493,52.0,52.1,51.4,51.4,-0.2,1715,296
2023-06-05,3714,4671911,245811135,52.0,53.1,51.9,52.6,1.2,3090,195
2023-06-06,3714,2785801,146841429,52.8,53.0,52.3,52.7,0.1,2198,257
2023-06-07,3714,3877012,205699713,53.3,53.4,52.6,53.0,0.3,2910,223
2023-06-08,3714,2520112,132615652,53.2,53.2,52.3,52.4,-0.6,2435,289
2023-06-09,3714,2090886,109940715,53.0,53.1,52.2,52.5,0.1,1627,319
2023-06-12,3714,2064892,107198496,52.7,52.8,51.5,51.9,-0.6,1413,318
2023-06-13,3714,3464799,183254344,52.6,53.1,52.5,53.0,1.1,2262,252
2023-06-14,3714,7648645,406113101,53.4,54.6,52.2,52.4,-0.6,5320,145
2023-06-15,3714,2826734,146702739,52.4,52.4,51.6,51.7,-0.7,2211,275
2023-06-16,3714,3027011,158134478,52.2,52.8,51.6,52.2,0.5,1873,291
2023-06-19,3714,6920975,370776757,52.3,54.2,52.2,53.8,1.6,4763,155
2023-06-20,3714,3169947,168417604,54.0,54.0,52.6,53.1,-0.7,2550,237
