date,stock_id,Trading_Volume,Trading_money,open,max,min,close,spread,Trading_turnover,Trading_money_rank
2022-08-25,3715,2477346,50866109,21.25,21.25,20.25,20.5,0.0,1021,320
2022-08-26,3715,2132322,43406841,20.6,20.7,20.2,20.25,-0.25,927,351
2022-08-29,3715,3318119,63986263,19.75,19.75,19.1,19.1,-1.15,1496,286
2022-08-30,3715,5827878,119152105,19.25,20.95,19.25,20.65,1.55,2893,201
2022-08-31,3715,2826987,57146832,20.35,20.6,20.0,20.15,-0.5,1489,305
2022-09-01,3715,2243826,44403981,20.1,20.1,19.6,19.7,-0.45,1049,338
2022-09-02,3715,1404353,27894771,19.95,20.05,19.7,19.85,0.15,638,390
2022-09-05,3715,1078827,21333063,20.25,20.25,19.6,19.6,-0.25,689,433
2022-09-06,3715,1337026,26016923,19.8,19.8,19.25,19.3,-0.3,555,417
2022-09-07,3715,1107132,21125401,19.4,19.4,18.95,19.05,-0.25,786,410
2022-09-08,3715,1244671,24013288,19.3,19.55,19.15,19.55,0.5,653,391
2022-09-12,3715,1204471,23725162,19.8,19.95,19.5,19.65,0.1,732,420
2022-09-13,3715,680912,13467927,19.85,19.9,19.65,19.7,0.05,600,488
2022-09-14,3715,1373520,26441481,19.05,19.45,19.05,19.3,-0.4,864,390
2022-09-15,3715,1014089,19672761,19.45,19.6,19.3,19.35,0.05,666,437
2022-09-16,3715,1197152,22927563,19.25,19.35,19.1,19.15,-0.2,853,417
2022-09-19,3715,1236680,23471948,19.15,19.2,18.9,18.9,-0.25,664,399
2022-09-20,3715,1060922,20012782,19.05,19.15,18.7,18.85,-0.05,895,380
2022-09-21,3715,1388773,25903868,18.7,19.0,18.5,18.6,-0.25,897,374
2022-09-22,3715,729728,13471336,18.35,18.65,18.25,18.65,0.05,664,487
2022-09-23,3715,942579,17370806,18.6,18.7,18.3,18.3,-0.35,555,445
2022-09-26,3715,1967529,34627516,18.0,18.0,17.2,17.3,-1.0,842,417
2022-09-27,3715,1176702,20219816,17.3,17.55,16.95,17.55,0.25,487,422
2022-09-28,3715,2290251,40473662,17.6,18.25,17.4,17.45,-0.1,1082,364
2022-09-29,3715,1048265,18353037,17.65,17.85,17.2,17.2,-0.25,630,436
2022-09-30,3715,1032886,17427761,16.75,17.15,16.6,17.15,-0.05,508,439
2022-10-03,3715,505953,8636986,16.9,17.3,16.85,17.15,0.0,267,500
2022-10-04,3715,530286,9319411,17.55,17.75,17.35,17.75,0.6,350,516
2022-10-05,3715,1233781,21981320,17.85,18.05,17.55,17.6,-0.15,530,397
2022-10-06,3715,590105,10507861,17.7,17.95,17.55,17.95,0.35,336,456
2022-10-07,3715,761073,13730370,17.85,18.2,17.85,18.0,0.05,429,422
2022-10-11,3715,1121192,19253768,17.6,17.6,16.95,16.95,-1.05,583,449
2022-10-12,3715,802118,13669402,17.0,17.3,16.8,17.1,0.15,464,458
2022-10-13,3715,2280750,37367440,17.25,17.25,15.95,16.0,-1.1,987,378
2022-10-14,3715,924961,15636092,16.6,17.15,16.45,17.05,1.05,537,450
2022-10-17,3715,1041564,17217009,16.65,16.95,16.2,16.95,-0.1,490,414
2022-10-18,3715,514247,8816719,17.2,17.3,16.9,17.15,0.2,269,491
2022-10-19,3715,740782,12788590,17.05,17.45,17.05,17.25,0.1,324,437
2022-10-20,3715,1279369,21218125,17.1,17.25,16.3,16.6,-0.65,707,475
2022-10-21,3715,472137,7764975,16.6,16.65,16.3,16.3,-0.3,273,516
2022-10-24,3715,430483,7207968,16.55,16.9,16.55,16.75,0.45,248,546
2022-10-25,3715,536351,8846253,16.85,16.85,16.35,16.4,-0.35,274,493
2022-10-26,3715,890036,14389288,16.45,16.45,16.05,16.05,-0.35,421,397
2022-10-27,3715,818645,13469005,16.15,16.7,16.15,16.65,0.6,418,416
2022-10-28,3715,919779,14892734,16.45,16.6,16.05,16.05,-0.6,545,386
2022-10-31,3715,789214,12777946,16.3,16.35,16.05,16.2,0.15,402,397
2022-11-01,3715,1125403,18506040,16.25,16.65,16.15,16.5,0.3,572,370
2022-11-02,3715,1086700,18292960,16.5,17.1,16.5,16.85,0.35,573,384
2022-11-03,3715,609812,10316742,16.55,17.1,16.55,17.05,0.2,376,435
2022-11-04,3715,840723,14446077,17.15,17.3,17.05,17.3,0.25,452,417
2022-11-07,3715,508317,8783839,17.35,17.5,17.2,17.25,-0.05,400,547
2022-11-08,3715,686583,11966642,17.45,17.55,17.3,17.3,0.05,300,479
2022-11-09,3715,1032881,18303781,17.4,17.9,17.4,17.7,0.4,464,441
2022-11-10,3715,475612,8321248,17.4,17.65,17.4,17.55,-0.15,222,528
2022-11-11,3715,857136,15056427,17.9,18.0,17.3,17.45,-0.1,404,514
2022-11-14,3715,977469,17263581,17.45,17.8,17.4,17.75,0.3,433,479
2022-11-15,3715,631078,11187965,17.9,17.9,17.55,17.8,0.05,329,541
2022-11-16,3715,467998,8257744,17.9,17.9,17.55,17.55,-0.25,330,598
2022-11-17,3715,871256,15524670,17.55,17.95,17.55,17.85,0.3,457,452
2022-11-18,3715,614661,10882805,17.95,17.95,17.55,17.55,-0.3,351,505
2022-11-21,3715,635074,11057771,17.6,17.6,17.25,17.25,-0.3,303,464
2022-11-22,3715,967631,16502366,17.25,17.25,16.95,17.05,-0.2,431,396
2022-11-23,3715,295515,5078250,17.35,17.35,17.1,17.15,0.1,175,595
2022-11-24,3715,502376,8638414,17.3,17.4,17.05,17.2,0.05,275,542
2022-11-25,3715,405249,6947390,17.25,17.3,17.0,17.0,-0.2,250,583
2022-11-28,3715,413446,7055469,16.9,17.25,16.75,17.2,0.2,231,563
2022-11-29,3715,417594,7186146,17.1,17.35,17.0,17.3,0.1,239,578
2022-11-30,3715,1923326,33203896,17.35,17.4,17.15,17.2,-0.1,694,389
2022-12-01,3715,1513840,26734483,17.45,17.8,17.4,17.75,0.55,659,450
2022-12-02,3715,849455,15139948,17.75,17.9,17.7,17.85,0.1,413,491
2022-12-05,3715,1098163,19952542,17.95,18.3,17.9,18.15,0.3,563,471
2022-12-06,3715,1240454,22125940,18.15,18.15,17.55,17.55,-0.6,612,454
2022-12-07,3715,1133714,19677797,17.55,17.7,17.15,17.35,-0.2,570,463
2022-12-08,3715,876591,15328802,17.45,17.65,17.3,17.55,0.2,383,451
2022-12-09,3715,517625,9074241,17.7,17.7,17.4,17.4,-0.15,280,540
2022-12-12,3715,596510,10376257,17.4,17.45,17.2,17.45,0.05,241,518
2022-12-13,3715,351591,6121972,17.55,17.55,17.3,17.3,-0.15,219,627
2022-12-14,3715,357255,6242123,17.5,17.55,17.4,17.5,0.2,208,615
2022-12-15,3715,389691,6840678,17.5,17.65,17.45,17.6,0.1,210,592
2022-12-16,3715,761438,13159412,17.4,17.4,17.2,17.25,-0.35,383,531
2022-12-19,3715,613387,10502742,17.25,17.25,17.0,17.05,-0.2,318,513
2022-12-20,3715,1414331,23746095,17.05,17.15,16.55,16.6,-0.45,591,456
2022-12-21,3715,713006,11867203,16.75,16.8,16.5,16.6,0.0,339,476
2022-12-22,3715,602523,10065076,16.8,16.85,16.6,16.65,0.05,275,474
2022-12-23,3715,572520,9396069,16.55,16.55,16.2,16.55,-0.1,232,490
2022-12-26,3715,392723,6487196,16.55,16.65,16.45,16.5,-0.05,168,513
2022-12-27,3715,553670,9255162,16.6,16.9,16.6,16.6,0.1,235,473
2022-12-28,3715,685534,11203420,16.6,16.6,16.25,16.25,-0.35,346,486
2022-12-29,3715,525853,8501274,16.2,16.35,16.05,16.3,0.05,246,518
2022-12-30,3715,466261,7576618,16.5,16.5,16.2,16.2,-0.1,241,489
2023-01-03,3715,312393,5053371,16.25,16.3,16.0,16.3,0.1,171,561
2023-01-04,3715,362053,5893607,16.3,16.4,16.15,16.3,0.0,200,542
2023-01-05,3715,400828,6534130,16.4,16.45,16.2,16.25,-0.05,213,556
2023-01-06,3715,335374,5485428,16.25,16.45,16.2,16.45,0.2,206,555
2023-01-09,3715,4338981,74829861,16.5,17.75,16.5,17.0,0.55,1492,248
2023-01-10,3715,767335,13040573,17.1,17.25,16.9,17.0,0.0,449,479
2023-01-11,3715,439277,7433256,17.0,17.05,16.85,16.9,-0.1,236,553
2023-01-12,3715,509300,8664625,17.0,17.2,16.9,16.9,0.0,307,509
2023-01-13,3715,402668,6770284,17.05,17.05,16.7,16.7,-0.2,241,536
2023-01-16,3715,328229,5477728,16.65,16.8,16.55,16.7,0.0,215,568
2023-01-17,3715,613602,10224381,16.8,16.85,16.55,16.65,-0.05,310,451
2023-01-30,3715,487336,8251738,16.9,17.05,16.8,16.95,0.3,264,590
2023-01-31,3715,570495,9813722,17.05,17.3,17.05,17.25,0.3,323,548
2023-02-01,3715,686988,11921594,17.35,17.45,17.25,17.45,0.2,374,552
2023-02-02,3715,706022,12365389,17.5,17.65,17.4,17.6,0.15,387,561
2023-02-03,3715,574127,10079196,17.6,17.65,17.45,17.5,-0.1,312,568
2023-02-06,3715,395144,6905800,17.45,17.55,17.4,17.4,-0.1,232,600
2023-02-07,3715,543247,9463152,17.5,17.55,17.35,17.5,0.1,267,550
2023-02-08,3715,1121030,19543259,17.5,17.6,17.3,17.6,0.1,486,461
2023-02-09,3715,1346356,23865177,17.55,17.9,17.5,17.85,0.25,633,423
2023-02-10,3715,818972,14415644,17.85,17.9,17.5,17.5,-0.35,517,515
2023-02-13,3715,542131,9540506,17.6,17.7,17.5,17.6,0.1,270,555
2023-02-14,3715,351473,6184269,17.6,17.7,17.55,17.55,-0.05,226,599
2023-02-15,3715,367446,6456787,17.6,17.65,17.5,17.55,0.0,250,622
2023-02-16,3715,810867,14423715,17.65,17.9,17.65,17.7,0.15,396,490
2023-02-17,3715,374685,6599829,17.65,17.7,17.55,17.65,-0.05,245,618
2023-02-20,3715,713826,12677915,17.65,17.85,17.65,17.85,0.2,357,577
2023-02-21,3715,1784638,32360484,17.9,18.3,17.9,18.15,0.3,919,419
2023-02-22,3715,766766,13661508,17.95,17.95,17.75,17.85,-0.3,409,553
2023-02-23,3715,819237,14739666,17.95,18.1,17.9,18.1,0.25,360,551
2023-02-24,3715,622395,11142251,18.15,18.2,17.8,17.8,-0.3,423,590
2023-03-01,3715,721156,12734495,17.75,17.75,17.6,17.65,-0.15,325,568
2023-03-02,3715,594895,10518815,17.7,17.8,17.6,17.75,0.1,238,572
2023-03-03,3715,1373857,24505906,17.8,17.95,17.75,17.8,0.05,683,468
2023-03-06,3715,1067133,19372661,17.95,18.3,17.9,18.15,0.35,728,551
2023-03-07,3715,1665608,30707575,18.2,18.6,18.2,18.55,0.4,949,461
2023-03-08,3715,934484,17316779,18.5,18.65,18.3,18.6,0.05,625,558
2023-03-09,3715,1852098,33680371,18.6,18.6,18.0,18.05,-0.55,883,448
2023-03-10,3715,1641871,29112306,18.0,18.0,17.5,17.6,-0.45,902,504
2023-03-13,3715,757869,13233274,17.6,17.6,17.25,17.55,-0.05,619,612
2023-03-14,3715,600888,10530625,17.55,17.7,17.35,17.6,0.05,478,581
2023-03-15,3715,411533,7239962,17.7,17.75,17.5,17.55,-0.05,587,653
2023-03-16,3715,1844279,32370486,17.45,17.85,17.25,17.55,0.0,1043,454
2023-03-17,3715,1177237,21064711,17.8,18.1,17.75,17.8,0.25,657,481
2023-03-20,3715,1555380,28354256,17.85,18.45,17.85,18.2,0.4,747,410
2023-03-21,3715,2548201,47462891,18.4,18.95,18.3,18.95,0.75,1152,364
2023-03-22,3715,19159920,379071307,19.45,20.3,19.35,19.55,0.6,5584,123
2023-03-23,3715,4696270,93435987,19.45,20.1,19.45,19.95,0.4,1983,271
2023-03-24,3715,23476762,491785845,20.3,21.45,20.15,21.35,1.4,6141,97
2023-03-27,3715,19004930,403209186,21.7,21.85,20.5,20.65,-0.7,7845,111
2023-03-28,3715,51203511,1126916505,20.65,22.7,20.65,22.35,1.7,18034,45
2023-03-29,3715,75151884,1756636981,22.8,24.05,22.65,22.95,0.6,30071,23
2023-03-30,3715,18764266,428916628,23.25,23.3,22.5,23.0,0.05,7838,96
2023-03-31,3715,11584068,265738998,23.2,23.2,22.6,22.95,-0.05,5087,147
2023-04-06,3715,9742953,225971907,23.0,23.75,22.7,22.8,-0.15,4357,167
2023-04-07,3715,5224291,119025217,22.8,23.1,22.6,22.9,0.1,2374,219
2023-04-10,3715,24248035,577330815,23.6,24.45,23.2,24.1,1.2,9839,71
2023-04-11,3715,20916538,507906941,23.9,24.75,23.7,24.15,0.05,7356,97
2023-04-12,3715,21107821,522729058,24.45,25.1,24.25,25.05,0.9,7172,88
2023-04-13,3715,16620532,412248016,25.05,25.2,24.3,24.4,-0.65,7493,127
2023-04-14,3715,13871773,333951959,24.5,24.6,23.7,23.8,-0.6,6689,136
2023-04-17,3715,8476993,206574246,24.15,24.7,24.05,24.2,0.4,3529,209
2023-04-18,3715,8190304,200089447,24.45,24.85,24.0,24.1,-0.1,3890,215
2023-04-19,3715,8073913,195958486,24.15,24.5,23.9,24.25,0.15,3021,224
2023-04-20,3715,23388661,581391998,24.8,25.65,24.2,24.4,0.15,10785,90
2023-04-21,3715,11100368,263593209,24.2,24.4,23.35,23.5,-0.9,4991,191
2023-04-24,3715,5115889,122211466,23.75,24.35,23.55,23.8,0.3,2644,220
2023-04-25,3715,7032745,163932218,23.85,24.1,22.9,23.1,-0.7,3169,240
2023-04-26,3715,4820638,112652791,23.35,23.7,23.05,23.5,0.4,2374,239
2023-04-27,3715,3796011,89125104,23.5,23.75,23.0,23.6,0.1,1756,254
2023-04-28,3715,9420003,229332643,24.0,24.6,24.0,24.4,0.8,3645,169
2023-05-02,3715,8341923,206487210,24.6,25.1,24.3,24.8,0.4,3456,174
2023-05-03,3715,18330911,465112969,24.8,25.85,24.5,25.3,0.5,7655,82
2023-05-04,3715,26425278,681856547,25.95,26.3,25.3,25.65,0.35,11047,66
2023-05-05,3715,11516995,295127462,25.65,26.1,25.05,25.75,0.1,5382,128
2023-05-08,3715,44914920,1225559044,26.3,28.3,25.9,28.0,2.25,15607,35
2023-05-09,3715,41100046,1073982195,27.65,27.7,25.2,25.35,-2.65,18088,39
2023-05-10,3715,12446123,316132605,25.5,25.9,24.9,25.25,-0.1,5707,113
2023-05-11,3715,12761758,316606983,25.2,25.35,24.4,24.65,-0.6,5172,133
2023-05-12,3715,16691898,431607172,25.1,26.35,25.1,26.25,1.6,8598,103
2023-05-15,3715,13776522,363890111,26.0,26.9,26.0,26.25,0.0,6614,97
2023-05-16,3715,36495610,1005195214,27.0,28.1,26.9,27.85,1.6,15718,47
2023-05-17,3715,27215221,726895970,27.25,27.3,26.4,26.5,-1.35,12338,80
2023-05-18,3715,13555092,364361673,26.75,27.35,26.6,26.85,0.35,5770,141
2023-05-19,3715,17591682,475968401,27.05,27.65,26.35,26.55,-0.3,7201,121
2023-05-22,3715,8648143,235089928,26.9,27.45,26.8,27.3,0.75,4164,171
2023-05-23,3715,7006055,191303186,27.8,27.8,26.85,27.3,0.0,3581,207
2023-05-24,3715,8755378,241322443,27.3,27.9,27.0,27.65,0.35,4104,179
2023-05-25,3715,14297544,400086154,28.0,28.45,27.0,28.1,0.45,6488,133
2023-05-26,3715,12067124,331471106,28.35,28.45,27.05,27.05,-1.05,6051,148
2023-05-29,3715,7603133,210834783,27.1,28.0,27.1,27.8,0.75,3171,196
2023-05-30,3715,5154075,142813663,27.9,28.05,27.4,27.7,-0.1,2374,235
2023-05-31,3715,8595255,242015827,27.95,28.35,27.7,28.2,0.5,3714,203
2023-06-01,3715,6326456,179218662,28.1,28.65,28.05,28.2,0.0,3134,220
2023-06-02,3715,9293057,264480935,28.45,28.9,28.05,28.55,0.35,3703,197
2023-06-05,3715,17876682,533495653,28.75,30.65,28.75,29.65,1.1,8000,124
2023-06-06,3715,7932422,231025505,29.3,29.9,28.65,29.05,-0.6,4044,197
2023-06-07,3715,4853954,141945136,29.5,29.6,29.0,29.1,0.05,1964,275
2023-06-08,3715,9344252,265814808,29.3,29.35,28.1,28.25,-0.85,4239,207
2023-06-09,3715,11090498,316438167,28.55,29.2,27.75,28.75,0.5,4610,168
2023-06-12,3715,13107238,366652244,28.8,28.85,27.45,28.0,-0.75,5199,152
2023-06-13,3715,10421717,288959041,28.1,28.6,27.35,27.55,-0.45,4654,199
2023-06-14,3715,6905487,194215971,27.7,28.5,27.55,28.2,0.65,2986,248
2023-06-15,3715,6178861,174607263,28.5,28.6,27.85,28.25,0.05,2665,251
2023-06-16,3715,5021382,143732899,28.45,28.85,28.3,28.75,0.5,2383,306
2023-06-19,3715,11281689,332347062,28.85,30.35,28.25,29.4,0.65,5075,178
2023-06-20,3715,12268119,370198928,29.85,30.5,29.65,30.25,0.85,5357,151
2023-06-21,3715,6891670,210092405,30.7,31.0,30.05,30.4,0.15,3727,217
2023-06-26,3715,10577153,309063376,30.55,30.55,28.7,28.7,-1.7,5105,169
2023-06-27,3715,9967952,275881528,28.55,28.8,27.15,27.35,-1.35,4775,174
2023-06-28,3715,5253263,143387958,27.7,27.85,26.9,27.0,-0.35,2568,246
2023-06-29,3715,8142223,219365273,27.4,27.5,26.55,27.2,0.2,3518,195
2023-06-30,3715,2808547,76260790,27.4,27.4,26.8,27.05,-0.15,1588,326
2023-07-03,3715,4650876,128394162,27.3,27.85,27.15,27.65,0.6,1767,281
2023-07-04,3715,9896900,283044416,27.75,29.25,27.65,28.9,1.25,4228,194
2023-07-05,3715,19063953,577530831,28.9,30.85,28.85,30.35,1.45,7370,99
2023-07-06,3715,34643444,1119858106,30.55,33.35,30.1,32.55,2.2,13639,66
2023-07-07,3715,19572074,612164248,32.25,32.65,30.45,30.9,-1.65,8066,104
