date,stock_id,Trading_Volume,Trading_money,open,max,min,close,spread,Trading_turnover,Trading_money_rank
2017-06-08,4148,4594220,321522340,69.9,73.2,65.0,71.3,0.0,2621,51
2017-06-09,4148,2443000,178099500,72.0,74.3,72.0,73.1,1.8,1706,100
2017-06-12,4148,1264000,90760500,73.0,73.2,70.8,71.5,-1.6,826,156
2017-06-13,4148,1222000,86593600,71.8,72.3,68.6,68.8,-2.7,813,155
2017-06-14,4148,1283010,85024678,68.6,68.7,64.2,64.2,-4.6,882,186
2017-06-15,4148,1416000,87818100,63.6,64.8,60.3,64.0,-0.2,1031,155
2017-06-16,4148,1947082,130486323,63.9,69.9,63.0,69.9,5.9,1308,128
2017-06-19,4148,1152102,77557189,69.0,69.2,66.0,66.1,-3.8,880,176
2017-06-20,4148,1139500,74358400,66.4,67.1,63.9,65.8,-0.3,766,175
2017-06-21,4148,769000,50190800,65.0,66.4,64.5,65.2,-0.6,552,227
2017-06-22,4148,1348100,92014100,65.8,70.0,65.8,68.8,3.6,999,159
2017-06-23,4148,643000,43779800,68.3,68.9,67.5,68.2,-0.6,488,231
2017-06-26,4148,620000,41898900,68.9,69.0,66.2,66.2,-2.0,442,262
2017-06-27,4148,430000,28913300,66.3,68.0,66.2,66.7,0.5,320,301
2017-06-28,4148,839050,57758445,67.8,70.2,67.3,68.6,1.9,578,221
2017-06-29,4148,779550,52627874,68.0,69.0,66.6,66.9,-1.7,475,226
2017-06-30,4148,318100,21239920,66.1,67.7,66.1,67.0,0.1,190,341
2017-07-03,4148,265092,17802282,67.4,67.6,66.7,67.2,0.2,195,358
2017-07-04,4148,255092,16968035,67.4,67.4,66.0,66.0,-1.2,175,391
2017-07-05,4148,209050,13735890,65.7,66.5,65.0,65.7,-0.3,148,405
2017-07-06,4148,84042,5527276,65.7,66.0,65.5,65.8,0.1,69,523
2017-07-07,4148,327000,21209300,64.8,66.0,64.4,64.6,-1.2,206,326
2017-07-10,4148,264050,16931055,64.6,65.0,63.5,63.6,-1.0,179,376
2017-07-11,4148,398001,24876164,62.6,63.3,62.0,62.2,-1.4,264,311
2017-07-12,4148,354000,22591600,62.5,64.6,62.3,64.3,2.1,230,327
2017-07-13,4148,173000,11122500,63.8,64.9,63.7,64.3,0.0,156,435
2017-07-14,4148,144010,9214138,64.4,64.5,63.7,63.8,-0.5,107,461
2017-07-17,4148,114000,7290500,63.8,64.6,63.5,63.5,-0.3,90,506
2017-07-18,4148,206000,13179100,63.8,64.6,63.5,63.7,0.2,141,422
2017-07-19,4148,475010,31108999,64.1,66.9,63.9,66.0,2.3,298,316
2017-07-20,4148,646108,43873952,66.6,69.2,66.2,68.6,2.6,460,259
2017-07-21,4148,577036,39576309,68.6,69.3,67.6,68.0,-0.6,356,261
2017-07-24,4148,218000,14807600,68.0,68.2,67.3,67.8,-0.2,144,396
2017-07-25,4148,455050,31624734,68.0,71.0,68.0,69.4,1.6,305,285
2017-07-26,4148,298000,20360100,69.3,69.4,68.0,68.3,-1.1,199,361
2017-07-27,4148,466000,32454100,68.6,70.1,68.6,69.5,1.2,275,289
2017-07-28,4148,268100,18579750,68.6,70.2,68.6,69.5,0.0,177,358
2017-07-31,4148,1664172,122743940,69.8,76.4,69.6,76.4,6.9,925,137
2017-08-01,4148,1625181,127773734,77.5,81.2,77.3,78.0,1.6,1101,145
2017-08-02,4148,747000,57365900,77.5,78.5,76.0,77.3,-0.7,540,230
2017-08-03,4148,717000,55905500,77.0,80.0,75.5,79.1,1.8,525,234
2017-08-04,4148,892000,71932800,79.1,82.3,78.8,80.5,1.4,605,204
2017-08-07,4148,574289,45912120,80.8,80.9,78.5,79.7,-0.8,402,286
2017-08-08,4148,440050,34368380,79.5,79.5,77.1,77.5,-2.2,309,310
2017-08-09,4148,285000,21993400,77.2,78.0,76.5,76.7,-0.8,198,358
2017-08-10,4148,722300,53629680,77.4,77.4,72.0,74.8,-1.9,409,276
2017-08-11,4148,339200,25562000,73.8,77.0,73.1,77.0,2.2,234,334
2017-08-14,4148,1539494,126984097,77.7,84.7,77.6,83.2,6.2,1060,146
2017-08-15,4148,1099047,91535500,82.4,85.5,81.3,84.8,1.6,756,164
2017-08-16,4148,773000,64046800,83.9,85.0,81.4,82.0,-2.8,586,211
2017-08-17,4148,855000,72057000,83.0,85.5,81.5,84.9,2.9,634,204
2017-08-18,4148,603093,50399346,84.0,84.5,82.9,83.3,-1.6,438,232
2017-08-21,4148,311280,25567164,83.6,83.6,81.5,81.8,-1.5,241,340
2017-08-22,4148,302032,24642492,82.0,82.3,80.7,81.4,-0.4,217,347
2017-08-23,4148,237027,19199168,82.0,82.0,80.2,80.8,-0.6,190,402
2017-08-24,4148,338000,27652500,80.8,83.0,80.2,82.2,1.4,216,344
2017-08-25,4148,752015,64126276,82.8,88.0,82.2,85.1,2.9,579,233
2017-08-28,4148,461480,38838652,85.1,85.7,82.7,82.9,-2.2,267,311
2017-08-29,4148,241197,19842773,82.9,83.6,82.0,82.0,-0.9,141,389
2017-08-30,4148,126050,10500350,84.0,84.3,82.6,82.7,0.7,102,497
2017-08-31,4148,1312770,114198407,83.0,90.8,82.6,90.4,7.7,929,176
2017-09-01,4148,1073032,95641280,88.1,91.6,87.5,88.6,-1.8,874,185
2017-09-04,4148,576300,51590700,89.2,91.0,88.1,89.0,0.4,455,261
2017-09-05,4148,433130,38787096,89.7,90.5,88.6,89.2,0.2,331,305
2017-09-06,4148,528220,46570293,89.0,89.7,87.1,87.5,-1.7,393,300
2017-09-07,4148,620076,55360624,88.0,90.4,87.9,88.3,0.8,489,272
2017-09-08,4148,511150,45516000,90.0,90.2,88.0,88.5,0.2,382,283
2017-09-11,4148,376001,33442489,89.0,90.1,88.1,89.0,0.5,286,357
2017-09-12,4148,280067,24773896,89.1,89.1,87.9,88.3,-0.7,207,398
2017-09-13,4148,277300,24392369,88.3,88.9,87.5,87.5,-0.8,204,381
2017-09-14,4148,147103,12923702,87.9,88.3,87.5,87.9,0.4,113,467
2017-09-15,4148,178100,15737369,89.5,89.5,87.7,87.7,-0.2,136,467
2017-09-18,4148,105320,9210144,87.8,88.0,87.1,87.2,-0.5,90,530
2017-09-19,4148,152650,13487994,87.6,89.1,87.1,88.3,1.1,121,464
2017-09-20,4148,890175,80534265,88.1,91.9,88.1,91.6,3.3,596,212
2017-09-21,4148,1081207,102277408,91.0,97.0,91.0,95.7,4.1,700,158
2017-09-22,4148,1665440,169227900,95.8,105.0,95.0,105.0,9.3,1029,123
2017-09-25,4148,1201000,129535000,102.0,115.5,100.0,115.5,10.5,877,154
2017-09-26,4148,1201336,134758969,115.5,116.5,106.5,114.5,-1.0,829,141
2017-09-27,4148,1576026,193874262,119.5,125.5,117.5,125.5,11.0,931,88
2017-09-28,4148,1058331,134738855,123.0,137.0,120.5,129.5,4.0,839,128
2017-09-29,4148,875620,108740928,123.0,132.0,119.0,125.5,-4.0,692,151
2017-09-30,4148,550836,67077992,125.0,127.0,118.5,120.5,-5.0,439,135
2017-10-02,4148,1184610,139100640,119.0,122.5,114.0,122.5,2.0,935,116
2017-10-03,4148,541410,64892904,121.0,123.0,118.0,118.5,-4.0,447,195
2017-10-05,4148,449080,52588020,118.5,119.5,116.0,118.0,-0.5,341,233
2017-10-06,4148,1259268,156561732,122.0,129.0,120.0,124.5,6.5,959,117
2017-10-11,4148,504365,61254165,123.5,125.5,119.5,120.0,-4.5,419,265
2017-10-12,4148,324053,39644492,120.5,124.5,120.5,121.5,1.5,245,292
2017-10-13,4148,279130,34003795,122.5,124.0,120.5,121.0,-0.5,209,299
2017-10-16,4148,235175,28630175,122.5,122.5,121.0,121.0,0.0,185,342
2017-10-17,4148,888300,111001500,121.5,128.0,121.5,125.0,4.0,608,167
2017-10-18,4148,666050,84934300,128.0,130.0,125.0,126.0,1.0,544,207
2017-10-19,4148,495108,61280068,128.0,128.0,120.0,121.0,-5.0,423,221
2017-10-20,4148,284015,34425815,121.0,123.0,119.5,120.5,-0.5,215,354
2017-10-23,4148,602192,71500964,120.0,121.0,117.0,117.5,-3.0,374,210
2017-10-24,4148,268000,31659500,117.5,120.0,117.0,118.0,0.5,204,298
2017-10-25,4148,416085,49343860,118.0,121.0,116.5,116.5,-1.5,252,270
2017-10-26,4148,305150,35933850,119.0,119.0,116.5,119.0,2.5,249,283
2017-10-27,4148,939065,115413896,120.5,127.0,119.5,121.5,2.5,696,178
2017-10-30,4148,672460,78205668,122.5,123.0,112.5,114.5,-7.0,556,195
2017-10-31,4148,300002,34680232,112.5,117.0,112.5,116.0,1.5,242,282
2017-11-01,4148,227150,26046900,116.5,116.5,113.5,116.0,0.0,183,332
2017-11-02,4148,333100,39066050,116.5,118.5,116.0,116.5,0.5,269,294
2017-11-03,4148,221272,25505644,117.0,117.0,114.5,114.5,-2.0,148,340
2017-11-06,4148,253100,29056700,114.5,116.5,113.0,116.5,2.0,167,334
2017-11-07,4148,195010,22869685,116.5,118.5,115.0,118.0,1.5,149,370
2017-11-08,4148,129000,15178000,118.0,118.5,117.0,117.5,-0.5,92,419
2017-11-09,4148,574005,68681625,118.0,121.5,115.0,118.5,1.0,395,260
2017-11-10,4148,529425,64081910,118.5,124.5,116.5,124.5,6.0,396,226
2017-11-13,4148,474227,57184240,124.0,124.0,118.0,119.0,-5.5,375,271
2017-11-14,4148,440000,51018000,118.0,118.0,114.5,115.0,-4.0,340,283
2017-11-15,4148,129390,14977960,114.5,117.5,114.0,115.0,0.0,107,430
2017-11-16,4148,378086,44767320,115.5,120.5,115.0,120.0,5.0,254,250
2017-11-17,4148,233000,27690500,120.0,120.0,118.0,119.0,-1.0,184,329
2017-11-20,4148,171010,20401680,119.0,120.5,118.5,118.5,-0.5,140,376
2017-11-21,4148,205015,24356755,118.5,120.0,118.0,118.0,-0.5,140,370
2017-11-22,4148,196151,23043554,118.5,119.0,116.0,116.0,-2.0,148,401
2017-11-23,4148,278000,31866000,116.5,116.5,114.0,114.5,-1.5,199,326
2017-11-24,4148,350050,39525650,115.0,115.0,112.0,112.5,-2.0,260,300
2017-11-27,4148,753289,80925278,113.0,113.5,102.0,106.0,-6.5,592,199
2017-11-28,4148,617100,62937200,106.5,106.5,99.4,102.5,-3.5,474,230
2017-11-29,4148,186172,19248216,102.5,105.0,101.5,101.5,-1.0,158,395
2017-11-30,4148,186750,19101250,101.5,104.5,101.0,101.5,0.0,149,437
2017-12-01,4148,739050,70719600,102.0,102.0,91.6,95.6,-5.9,579,265
2017-12-04,4148,506100,52235600,96.6,105.0,96.6,104.5,8.9,375,265
2017-12-05,4148,946372,103210920,104.5,113.0,104.5,106.5,2.0,778,208
2017-12-06,4148,607115,62117215,107.5,109.5,98.1,99.0,-7.5,504,256
2017-12-07,4148,190010,18858740,101.5,102.0,97.6,97.6,-1.4,173,379
2017-12-08,4148,182200,17860180,99.4,100.0,96.0,99.0,1.4,156,376
2017-12-11,4148,194200,19307600,99.1,100.0,98.4,99.3,0.3,152,364
2017-12-12,4148,140150,13745000,99.6,99.6,97.1,97.3,-2.0,133,402
2017-12-13,4148,465112,47680372,98.5,106.0,98.5,105.0,7.7,337,246
2017-12-14,4148,308600,31575259,105.0,105.0,100.5,100.5,-4.5,251,306
2017-12-15,4148,1046102,111263710,102.5,109.0,102.5,105.0,4.5,769,160
2017-12-18,4148,470028,50450510,107.5,109.0,105.5,107.5,2.5,394,226
2017-12-19,4148,266118,27772654,107.5,107.5,103.0,103.0,-4.5,203,308
2017-12-20,4148,241276,24830928,103.5,104.5,102.0,102.5,-0.5,205,313
2017-12-21,4148,1300226,142820860,105.0,112.5,104.0,109.5,7.0,895,130
2017-12-22,4148,2258289,259813180,111.5,120.0,109.5,120.0,10.5,1438,72
2017-12-25,4148,2293550,284213825,125.5,126.0,119.5,121.5,1.5,1583,63
2017-12-26,4148,1307824,158578438,123.0,124.0,117.0,122.5,1.0,827,106
2017-12-27,4148,711022,86904195,123.5,125.5,120.0,120.0,-2.5,580,153
2017-12-28,4148,884006,109494274,121.0,125.5,121.0,124.5,4.5,668,158
2017-12-29,4148,1500364,192727320,126.0,130.5,126.0,128.5,4.0,1150,111
2018-01-02,4148,760680,96098000,129.5,129.5,124.5,125.0,-3.5,603,173
2018-01-03,4148,962909,119268580,125.5,128.0,119.5,121.0,-4.0,695,191
2018-01-04,4148,2271105,288344465,121.5,133.0,118.5,133.0,12.0,1552,109
2018-01-05,4148,974272,126858724,132.0,132.5,128.5,128.5,-4.5,716,193
2018-01-08,4148,659120,84413360,127.0,130.5,125.5,127.0,-1.5,527,242
2018-01-09,4148,2487408,333740782,128.0,139.0,126.5,134.0,7.0,1941,97
2018-01-10,4148,1215061,159071967,132.0,133.5,128.5,132.0,-2.0,894,163
2018-01-11,4148,405000,53592500,131.5,134.0,131.0,132.5,0.5,315,270
2018-01-12,4148,1296092,173345460,133.5,138.0,128.0,128.0,-4.5,966,133
2018-01-15,4148,1252111,165761318,128.5,136.0,127.5,132.5,4.5,949,128
2018-01-16,4148,801051,107114283,132.5,136.5,132.0,132.0,-0.5,590,187
2018-01-17,4148,628000,81200500,132.5,132.5,128.0,128.5,-3.5,488,233
2018-01-18,4148,408100,52440600,130.0,130.5,127.0,127.0,-1.5,321,290
2018-01-19,4148,842114,104028522,127.0,128.0,121.5,122.0,-5.0,653,186
2018-01-22,4148,668136,80725524,122.0,124.0,119.0,120.5,-1.5,438,224
2018-01-23,4148,419004,51256008,121.0,124.0,120.5,124.0,3.5,313,280
2018-01-24,4148,221111,27248707,123.5,124.0,122.0,123.0,-1.0,182,340
2018-01-25,4148,226315,27767615,123.0,124.5,121.0,121.0,-2.0,186,343
2018-01-26,4148,180111,21788986,122.0,123.0,119.5,120.5,-0.5,142,365
2018-01-29,4148,347000,41549500,121.5,122.5,118.5,118.5,-2.0,217,263
2018-01-30,4148,558095,68534780,120.0,126.5,118.0,124.0,5.5,441,227
2018-01-31,4148,403000,49176000,124.5,124.5,120.5,121.5,-2.5,329,255
2018-02-01,4148,127005,15435107,122.0,122.5,120.5,120.5,-1.0,110,377
2018-02-02,4148,288001,34653120,120.0,122.0,119.0,119.0,-1.5,232,266
2018-02-05,4148,476449,54611910,115.5,116.0,113.5,113.5,-5.5,364,229
2018-02-06,4148,1030718,106467594,106.5,108.5,102.5,102.5,-11.0,688,262
2018-02-07,4148,399000,41909000,105.5,107.5,102.5,102.5,0.0,330,305
2018-02-08,4148,1116268,121780576,106.5,112.0,105.0,108.5,6.0,894,141
2018-02-09,4148,555005,57041535,102.0,105.0,100.5,105.0,-3.5,430,247
2018-02-12,4148,297190,31394640,106.0,108.0,104.0,104.0,-1.0,241,299
2018-02-21,4148,361164,39196458,107.0,111.0,106.0,109.0,5.0,277,274
2018-02-22,4148,280000,30534000,109.0,110.0,108.0,109.0,0.0,219,275
2018-02-23,4148,255000,27663000,108.5,109.5,106.5,109.0,0.0,211,337
2018-02-26,4148,121200,13216100,110.0,110.5,107.5,109.0,0.0,108,410
2018-02-27,4148,1062735,124876332,110.0,119.5,110.0,119.5,10.5,773,160
2018-03-01,4148,859206,101704102,119.5,121.0,115.5,116.5,-3.0,628,179
2018-03-02,4148,681070,76263945,113.5,113.5,110.5,113.5,-3.0,540,193
2018-03-05,4148,274035,30818385,114.0,114.0,111.0,111.0,-2.5,206,305
2018-03-06,4148,590730,71639060,120.0,122.0,119.0,122.0,11.0,344,196
2018-03-07,4148,2371275,300367325,127.0,130.5,122.0,122.0,0.0,1595,78
2018-03-08,4148,1823193,232742318,123.5,131.5,123.5,127.0,5.0,1322,92
2018-03-09,4148,928332,114858832,126.0,127.0,122.0,123.0,-4.0,689,163
2018-03-12,4148,605000,74092500,124.5,125.5,121.0,122.0,-1.0,428,215
2018-03-13,4148,988100,123874549,122.5,128.0,122.5,123.0,1.0,736,160
2018-03-14,4148,540150,65634225,123.0,123.0,121.0,121.0,-2.0,441,213
2018-03-15,4148,442122,54388628,122.5,124.5,121.5,122.0,1.0,390,217
2018-03-16,4148,429000,52892000,123.0,125.0,122.0,123.0,1.0,323,266
2018-03-19,4148,385003,47141393,123.0,123.5,121.5,122.5,-0.5,290,247
2018-03-20,4148,4267345,564959401,123.0,134.5,123.0,134.5,12.0,2836,38
2018-03-21,4148,1509650,199223750,134.5,134.5,129.0,132.5,-2.0,1170,123
2018-03-22,4148,4360168,591352172,134.5,143.5,125.5,126.0,-6.5,3283,53
2018-03-23,4148,2079215,264722020,122.0,132.5,121.5,128.0,2.0,1638,103
2018-03-26,4148,1339086,175521524,129.5,133.5,127.5,130.5,2.5,1085,103
2018-03-27,4148,1282087,168996636,132.0,135.0,128.5,128.5,-2.0,1026,131
2018-03-28,4148,1004223,132051547,129.5,134.0,128.5,133.5,5.0,832,137
2018-03-29,4148,6992093,988945694,136.0,146.5,132.5,134.0,0.5,4640,19
2018-03-30,4148,3097055,405342145,136.0,137.5,127.0,129.0,-5.0,2309,60
2018-03-31,4148,932180,121813670,129.0,133.0,128.0,130.0,1.0,770,109
2018-04-02,4148,536000,69846500,131.0,132.5,129.0,129.0,-1.0,417,205
2018-04-03,4148,491150,63464850,127.5,130.5,127.5,129.0,0.0,401,221
2018-04-09,4148,1223365,163194505,132.0,136.0,129.5,134.0,5.0,943,146
2018-04-10,4148,2422735,337308355,142.0,145.0,134.5,135.5,1.5,1780,102
2018-04-11,4148,3206094,455108860,138.0,147.0,135.0,147.0,11.5,2354,65
2018-04-12,4148,2206440,314936540,148.0,148.0,140.0,140.0,-7.0,1724,87
2018-04-13,4148,1026210,141019875,139.0,141.0,135.5,136.0,-4.0,802,145
2018-04-16,4148,726101,99961387,137.0,140.5,134.5,136.5,0.5,549,179
2018-04-17,4148,1073460,142519800,137.5,138.0,129.5,130.0,-6.5,811,150
2018-04-18,4148,571278,74878557,132.0,133.0,129.5,131.0,1.0,499,211
2018-04-19,4148,641100,84994850,131.5,135.0,131.0,132.0,1.0,494,202
2018-04-20,4148,474150,62285875,131.0,133.5,130.0,131.0,-1.0,368,211
2018-04-23,4148,679250,90800750,131.0,136.0,129.5,133.5,2.5,551,182
2018-04-24,4148,1066000,135625000,134.0,135.0,124.5,126.5,-7.0,840,161
2018-04-25,4148,582304,72780608,125.5,127.5,123.5,124.5,-2.0,464,199
2018-04-26,4148,941200,113902800,127.0,127.0,116.0,117.0,-7.5,681,171
2018-04-27,4148,542230,64149944,119.0,120.5,115.5,119.5,2.5,424,199
2018-04-30,4148,246150,29754375,120.0,123.0,119.0,121.0,1.5,206,297
2018-05-02,4148,1039450,131831425,123.0,130.0,121.0,127.5,6.5,854,145
2018-05-03,4148,773349,99883497,126.5,130.5,126.0,128.0,0.5,638,158
2018-05-04,4148,476340,61461520,131.0,131.0,127.0,127.0,-1.0,417,201
2018-05-07,4148,343250,44380750,128.0,131.0,126.0,130.0,3.0,289,235
2018-05-08,4148,1143026,152337932,130.5,135.0,130.0,131.0,1.0,791,135
2018-05-09,4148,624050,81797100,133.5,133.5,130.0,131.5,0.5,482,194
2018-05-10,4148,623307,83281790,132.0,134.5,131.5,134.5,3.0,489,195
2018-05-11,4148,2345033,293519040,130.5,130.5,121.5,122.0,-12.5,1693,97
2018-05-14,4148,690040,83396340,122.0,125.0,119.0,120.5,-1.5,549,214
2018-05-15,4148,511968,62336192,121.0,124.0,119.5,120.0,-0.5,428,245
2018-05-16,4148,338002,40804737,121.5,123.0,119.0,119.5,-0.5,273,297
2018-05-17,4148,346300,41638000,120.0,121.5,118.5,120.5,1.0,269,269
2018-05-18,4148,214206,25784014,121.5,122.5,119.0,119.5,-1.0,187,318
2018-05-21,4148,214100,25561450,121.0,121.0,118.5,119.0,-0.5,185,327
2018-05-22,4148,260100,30945300,119.5,121.0,117.0,118.0,-1.0,233,298
2018-05-23,4148,769533,88682994,119.5,119.5,112.0,113.5,-4.5,605,177
2018-05-24,4148,445114,50986110,113.5,116.5,113.0,114.0,0.5,388,233
2018-05-25,4148,233060,26846490,114.5,116.0,114.0,115.5,1.5,202,313
2018-05-28,4148,476050,55341775,117.0,118.0,114.5,114.5,-1.0,398,234
2018-05-29,4148,358250,41106000,115.0,116.5,113.0,113.0,-1.5,288,264
2018-05-30,4148,310080,35226280,114.0,116.5,111.5,116.5,3.5,275,299
2018-05-31,4148,326500,38115749,118.5,118.5,115.0,117.5,1.0,263,327
2018-06-01,4148,1108222,135458971,118.5,126.0,118.0,122.0,4.5,893,173
2018-06-04,4148,670265,82718461,124.5,126.5,121.5,122.5,0.5,552,225
2018-06-05,4148,294050,35784575,123.0,123.5,120.0,120.5,-2.0,219,326
2018-06-06,4148,184150,22176650,122.0,122.0,120.0,120.0,-0.5,165,411
2018-06-07,4148,207100,25160600,122.0,123.0,120.0,120.0,0.0,181,407
2018-06-08,4148,159018,18974669,121.0,121.5,118.0,118.5,-1.5,145,426
2018-06-11,4148,145000,17124000,119.0,120.0,116.0,116.5,-2.0,134,448
2018-06-12,4148,251500,29810500,116.5,120.5,116.5,118.0,1.5,226,362
2018-06-13,4148,314200,37764100,119.5,122.0,118.0,119.0,1.0,269,318
2018-06-14,4148,151100,17807200,119.0,119.5,116.5,117.5,-1.5,135,421
2018-06-15,4148,133000,15537000,118.0,118.0,116.0,116.0,-1.5,113,425
2018-06-19,4148,133416,15567172,116.5,118.5,115.5,116.0,0.0,132,425
2018-06-20,4148,164188,18929432,117.5,117.5,114.0,114.5,-1.5,146,408
2018-06-21,4148,352312,41889096,116.0,121.5,115.5,119.5,5.0,308,264
2018-06-22,4148,194224,22870260,118.0,120.0,116.0,116.0,-3.5,170,340
2018-06-25,4148,83000,9660000,116.5,117.5,115.5,115.5,-0.5,77,458
2018-06-26,4148,108000,12402500,114.0,115.5,113.5,115.0,-0.5,86,455
2018-06-27,4148,133000,15337000,115.0,116.0,114.5,114.5,-0.5,104,387
2018-06-28,4148,121000,13696500,114.0,114.0,112.5,112.5,0.0,100,411
2018-06-29,4148,93428,10572436,114.0,114.5,112.5,113.0,0.5,77,431
2018-07-02,4148,95000,10774000,113.5,114.0,112.5,113.0,0.0,70,425
2018-07-03,4148,219331,24202413,114.0,114.0,108.0,108.5,-4.5,175,356
2018-07-04,4148,610200,62934600,109.5,109.5,99.5,99.8,-8.7,442,197
2018-07-05,4148,230328,23198128,101.5,102.5,98.1,99.9,0.1,195,325
2018-07-06,4148,187000,18698900,100.5,101.5,99.0,99.7,-0.2,151,381
2018-07-09,4148,194201,19927003,100.0,106.0,99.8,102.0,2.3,170,324
2018-07-10,4148,362110,38078604,101.0,107.5,101.0,105.0,3.0,307,255
2018-07-11,4148,312000,33519000,105.5,109.0,105.0,106.5,1.5,256,261
2018-07-12,4148,455038,50705256,107.0,114.5,107.0,112.0,5.5,401,219
2018-07-13,4148,287020,31901220,113.0,113.5,110.0,110.5,-1.5,238,285
2018-07-16,4148,186000,20829500,112.5,113.5,110.5,111.0,0.5,165,332
2018-07-17,4148,171015,18952165,113.0,113.0,110.0,110.0,-1.0,132,339
2018-07-18,4148,231000,25323000,111.0,111.5,107.5,108.0,-2.0,172,320
2018-07-19,4148,200060,21330420,109.0,109.5,105.0,105.0,-3.0,195,308
2018-07-20,4148,228031,23754755,105.0,106.5,103.0,103.5,-1.5,199,298
2018-07-23,4148,182010,18517020,103.0,104.0,101.0,101.0,-2.5,174,329
2018-07-24,4148,169000,17473000,102.0,105.0,102.0,103.0,2.0,158,340
2018-07-25,4148,213000,22492500,104.5,107.0,103.5,106.0,3.0,167,305
2018-07-26,4148,177010,18632565,106.0,106.5,103.0,105.5,-0.5,139,343
2018-07-27,4148,123000,12992000,105.5,106.5,104.5,105.0,-0.5,101,394
2018-07-30,4148,210000,21722500,102.5,104.5,102.5,103.0,-2.0,157,337
2018-07-31,4148,118187,12334541,103.5,105.5,103.5,104.0,1.0,104,402
2018-08-01,4148,150000,15851000,105.5,107.0,105.0,105.0,1.0,133,378
2018-08-02,4148,101000,10580000,106.5,106.5,104.0,105.0,0.0,92,439
2018-08-03,4148,542200,58713800,107.0,111.5,105.0,109.0,4.0,381,216
2018-08-06,4148,254100,27333400,110.0,110.0,106.0,106.0,-3.0,193,300
2018-08-07,4148,153000,16469000,107.0,108.5,106.5,108.0,2.0,135,375
2018-08-08,4148,346120,38111200,109.5,112.0,108.5,110.0,2.0,273,264
2018-08-09,4148,345150,37411500,110.5,111.5,106.0,106.0,-4.0,287,242
2018-08-10,4148,412418,45028352,106.5,111.5,106.5,109.0,3.0,311,242
2018-08-13,4148,363555,38102605,109.0,109.0,102.0,103.5,-5.5,313,329
2018-08-14,4148,183000,19268500,104.0,107.5,103.0,106.0,2.5,155,348
2018-08-15,4148,110008,11495836,105.0,106.5,104.0,104.0,-2.0,89,449
2018-08-16,4148,114000,11782500,104.5,104.5,102.0,103.5,-0.5,98,417
2018-08-17,4148,121000,12541000,104.5,105.0,102.5,102.5,-1.0,92,385
2018-08-20,4148,101000,10314500,102.5,103.5,101.5,101.5,-1.0,91,419
2018-08-21,4148,69000,7069500,101.0,103.0,101.0,103.0,1.5,63,472
2018-08-22,4148,42000,4316000,103.0,103.5,102.0,102.5,-0.5,40,534
2018-08-23,4148,175040,17632800,102.5,103.5,99.9,100.0,-2.5,129,337
2018-08-24,4148,102000,10260400,102.5,102.5,99.9,100.5,0.5,90,395
2018-08-27,4148,52000,5257500,101.0,101.5,101.0,101.5,1.0,43,486
2018-08-28,4148,175000,17510000,101.5,101.5,99.0,99.9,-1.6,134,355
2018-08-29,4148,127011,12699811,99.9,101.0,99.5,100.0,0.1,96,388
2018-08-30,4148,81402,8179200,101.0,101.5,100.0,100.0,0.0,70,444
2018-08-31,4148,95000,9552500,101.0,101.5,100.0,100.0,0.0,76,405
2018-09-03,4148,72200,7229580,101.5,101.5,99.8,99.9,-0.1,63,477
2018-09-04,4148,77001,7703309,99.9,101.0,99.2,100.5,0.6,60,423
2018-09-05,4148,113100,11235270,100.5,100.5,98.7,98.7,-1.8,113,399
2018-09-06,4148,141000,13963400,99.8,99.8,97.5,98.6,-0.1,130,371
2018-09-07,4148,243000,22994800,98.6,98.6,91.3,93.0,-5.6,205,356
2018-09-10,4148,805100,68320160,93.0,93.5,83.7,83.7,-9.3,614,230
2018-09-11,4148,775300,62365270,83.5,84.0,77.0,79.5,-4.2,645,197
2018-09-12,4148,337000,26801100,81.2,81.2,78.1,80.0,0.5,296,287
2018-09-13,4148,283000,23085900,80.0,83.5,79.9,82.1,2.1,254,287
2018-09-14,4148,484205,41376548,82.7,87.0,82.7,85.6,3.5,384,243
2018-09-17,4148,186000,15822800,86.5,86.6,83.5,84.4,-1.2,168,303
2018-09-18,4148,231000,19390600,85.7,85.7,83.2,84.5,0.1,164,304
2018-09-19,4148,96062,8107957,84.8,85.4,83.9,84.3,-0.2,91,448
2018-09-20,4148,194000,16333100,84.5,85.3,83.5,83.5,-0.8,157,332
2018-09-21,4148,85000,7146600,83.5,84.5,83.5,84.4,0.9,60,469
2018-09-25,4148,51003,4306767,84.8,84.8,84.1,84.4,0.0,45,517
2018-09-26,4148,131004,11167068,84.6,85.6,84.5,85.1,0.7,108,376
2018-09-27,4148,93000,7897000,85.1,86.2,84.1,84.5,-0.6,86,432
2018-09-28,4148,128000,11007400,86.5,86.9,85.2,86.0,1.5,107,417
2018-10-01,4148,94000,8048300,85.6,86.4,85.2,86.2,0.2,82,417
2018-10-02,4148,118050,10047815,86.2,86.2,84.5,84.5,-1.7,105,378
2018-10-03,4148,86000,7278300,84.2,85.7,84.2,84.2,-0.3,83,445
2018-10-04,4148,73000,6128500,84.9,84.9,83.4,83.4,-0.8,67,460
2018-10-05,4148,188070,14957200,83.8,83.9,78.0,79.6,-3.8,165,439
2018-10-08,4148,267019,20389864,77.4,79.6,73.1,75.0,-4.6,236,303
2018-10-09,4148,1190050,82409040,74.0,75.4,67.5,68.6,-6.4,833,181
2018-10-11,4148,821350,51064350,65.0,65.0,61.8,61.8,-6.8,521,306
2018-10-12,4148,313000,19659800,61.0,64.2,61.0,63.3,1.5,249,371
2018-10-15,4148,722146,49759261,63.6,69.6,63.4,69.6,6.3,481,215
2018-10-16,4148,1185146,85227824,72.9,73.6,70.5,71.4,1.8,946,157
2018-10-17,4148,414020,29346640,72.4,72.4,69.9,70.4,-1.0,352,253
2018-10-18,4148,289003,20453419,70.2,72.3,70.0,70.6,0.2,216,280
2018-10-19,4148,294003,20442932,69.6,71.4,68.0,70.7,0.1,214,368
2018-10-22,4148,514500,38199200,70.2,76.8,70.2,75.6,4.9,432,222
2018-10-23,4148,311295,22857852,74.1,74.8,71.8,73.4,-2.2,277,277
2018-10-24,4148,226109,16333566,72.8,74.0,70.2,74.0,0.6,189,323
2018-10-25,4148,243000,17355500,71.0,72.6,70.4,71.0,-3.0,187,359
2018-10-26,4148,258000,18061300,72.7,72.8,68.8,68.9,-2.1,205,339
2018-10-29,4148,145000,9710700,69.4,69.5,66.0,66.1,-2.8,127,373
2018-10-30,4148,218000,13952200,66.1,66.2,63.0,63.5,-2.6,183,312
2018-10-31,4148,327000,21222200,64.1,67.5,63.9,66.2,2.7,269,289
2018-11-01,4148,205000,14049500,67.0,69.5,66.2,68.9,2.7,180,330
2018-11-02,4148,239500,16720850,69.0,71.1,68.9,70.0,1.1,204,325
2018-11-05,4148,129300,9090810,70.0,71.3,68.9,70.0,0.0,106,359
2018-11-06,4148,164100,11477490,70.2,71.5,68.2,68.3,-1.7,123,356
2018-11-07,4148,168050,11744834,68.3,70.9,68.3,70.5,2.2,146,336
2018-11-08,4148,224010,16124121,72.0,73.0,71.3,71.5,1.0,178,331
2018-11-09,4148,143000,10040100,70.8,71.7,69.5,70.5,-1.0,115,351
2018-11-12,4148,265000,18914700,70.9,72.3,70.5,71.0,0.5,215,278
2018-11-13,4148,104000,7258000,69.0,70.5,68.8,70.3,-0.7,89,401
2018-11-14,4148,1033068,68413872,68.8,69.3,65.0,65.2,-5.1,834,172
2018-11-15,4148,350072,22652162,65.1,66.0,63.5,65.2,0.0,308,291
2018-11-16,4148,216000,14232700,65.8,66.6,65.4,65.7,0.5,176,339
2018-11-19,4148,174010,11409720,65.8,66.3,64.6,66.0,0.3,134,358
2018-11-20,4148,160010,10536960,65.5,66.5,65.5,65.5,-0.5,135,346
2018-11-21,4148,155000,10151600,64.5,66.1,64.5,65.9,0.4,126,359
2018-11-22,4148,316000,21108800,66.6,67.9,66.1,66.1,0.2,277,287
2018-11-23,4148,200000,13118500,66.6,66.7,65.0,65.0,-1.1,145,338
2018-11-26,4148,156000,10241700,65.5,66.2,65.1,65.7,0.7,123,365
2018-11-27,4148,465000,30142100,66.0,66.0,63.9,65.1,-0.6,335,260
2018-11-28,4148,712000,48535000,65.2,70.2,65.2,68.5,3.4,561,240
2018-11-29,4148,319000,22152300,70.7,70.8,68.8,69.0,0.5,249,328
2018-11-30,4148,589010,41375802,70.0,71.4,69.2,69.5,0.5,413,275
2018-12-03,4148,439019,31482477,71.0,72.9,70.6,72.0,2.5,324,337
2018-12-04,4148,285000,20593900,73.4,73.4,71.1,71.1,-0.9,243,361
2018-12-05,4148,348000,24004400,68.9,69.9,67.9,68.5,-2.6,262,302
2018-12-06,4148,271000,18229000,68.5,69.6,65.5,66.3,-2.2,225,395
2018-12-07,4148,105000,7063100,67.1,68.0,66.6,67.8,1.5,95,426
2018-12-10,4148,358001,21873874,61.1,61.1,61.1,61.1,-6.7,225,279
2018-12-11,4148,1910053,107730551,55.5,57.9,55.5,57.9,-3.2,1220,148
2018-12-12,4148,788504,45008427,57.9,58.3,56.5,56.9,-1.0,678,243
2018-12-13,4148,480000,27612400,57.9,58.4,56.9,57.7,0.8,394,290
2018-12-14,4148,338040,19162100,57.7,57.7,56.4,56.4,-1.3,265,317
2018-12-17,4148,253065,14292662,56.0,57.2,56.0,56.1,-0.3,201,343
2018-12-18,4148,727505,39562716,55.7,55.7,53.7,53.9,-2.2,566,253
2018-12-19,4148,151047,8192266,54.3,54.7,54.0,54.2,0.3,131,414
2018-12-20,4148,175000,9428400,54.2,54.5,53.5,53.5,-0.7,146,415
2018-12-21,4148,206177,10967104,53.5,53.9,52.6,53.6,0.1,161,391
2018-12-22,4148,75000,4020900,53.6,54.0,53.2,53.8,0.2,58,402
2018-12-24,4148,234000,13015900,53.8,56.5,53.8,56.0,2.2,209,334
2018-12-25,4148,194000,10802000,55.0,56.7,54.8,55.3,-0.7,153,374
2018-12-26,4148,84000,4623400,56.0,56.0,53.8,53.8,-1.5,75,464
2018-12-27,4148,93000,5081800,55.3,55.3,54.4,54.5,0.7,84,469
2018-12-28,4148,76000,4103400,54.3,54.3,53.7,54.2,-0.3,71,483
2019-01-02,4148,91000,4948400,54.3,54.8,54.1,54.3,0.1,67,433
2019-01-03,4148,172000,9476000,54.3,55.9,54.2,55.6,1.3,154,359
2019-01-04,4148,322000,18068000,55.5,57.4,54.0,56.4,0.8,254,303
2019-01-07,4148,248000,13940300,57.0,57.0,55.4,56.1,-0.3,216,329
2019-01-08,4148,704000,40664600,56.7,59.4,56.3,57.6,1.5,496,217
2019-01-09,4148,265000,15254100,58.0,58.3,57.1,57.3,-0.3,205,376
2019-01-10,4148,1740280,107110039,60.2,63.0,60.0,60.4,3.1,1359,155
2019-01-11,4148,967400,55860039,58.0,59.4,56.5,56.7,-3.7,745,199
2019-01-14,4148,205045,11717987,56.8,57.7,56.7,56.9,0.2,169,340
2019-01-15,4148,334255,19367835,57.5,58.8,57.2,57.3,0.4,276,294
2019-01-16,4148,278000,15664300,57.3,57.5,55.6,56.3,-1.0,240,337
2019-01-17,4148,154001,8752756,56.2,57.2,56.2,56.8,0.5,129,416
2019-01-18,4148,468000,27317800,56.9,59.1,56.9,58.7,1.9,354,256
2019-01-21,4148,483010,28999200,58.8,61.1,58.8,59.5,0.8,376,269
2019-01-22,4148,161014,9561510,59.7,60.3,58.8,59.0,-0.5,144,370
2019-01-23,4148,128000,7603900,58.6,59.8,58.6,59.4,0.4,107,378
2019-01-24,4148,242115,14503142,59.7,60.5,59.5,59.6,0.2,174,326
2019-01-25,4148,150000,8986500,59.8,60.2,59.7,59.8,0.2,123,407
2019-01-28,4148,123040,7348772,60.2,60.2,59.5,59.5,-0.3,97,428
2019-01-29,4148,237000,13702400,59.5,59.5,56.5,57.8,-1.7,209,339
2019-01-30,4148,71000,4129000,58.4,58.5,57.8,58.1,0.3,63,518
2019-02-11,4148,178269,10562250,58.5,60.5,58.4,59.0,0.9,150,409
2019-02-12,4148,281047,16888457,59.2,60.8,59.0,60.5,1.5,223,357
2019-02-13,4148,554204,34406770,60.2,63.2,60.2,62.6,2.1,428,303
2019-02-14,4148,436000,27548800,63.1,64.5,62.1,62.1,-0.5,356,325
2019-02-15,4148,191077,11774197,62.1,62.7,61.0,61.3,-0.8,167,418
2019-02-18,4148,275137,16659265,60.2,61.6,59.1,61.4,0.1,232,386
2019-02-19,4148,404000,25404800,61.6,63.9,61.2,63.4,2.0,295,316
2019-02-20,4148,405000,25849900,63.5,64.4,63.5,63.7,0.3,292,335
2019-02-21,4148,226015,14474950,64.3,64.8,63.8,63.8,0.1,172,414
2019-02-22,4148,228004,14386080,64.0,64.0,62.7,62.7,-1.1,150,390
2019-02-25,4148,203019,12932608,63.0,64.5,63.0,63.3,0.6,146,432
2019-02-26,4148,128000,8033100,63.3,63.9,62.2,62.3,-1.0,108,501
2019-02-27,4148,97000,6004000,63.0,63.0,61.4,62.1,-0.2,79,524
2019-03-04,4148,94500,5873400,62.0,62.5,61.8,62.0,-0.1,66,537
2019-03-05,4148,92000,5675000,61.8,62.2,61.4,61.5,-0.5,79,519
2019-03-06,4148,112000,6883600,61.6,61.8,61.1,61.8,0.3,79,508
2019-03-07,4148,68000,4170700,61.6,61.7,61.0,61.2,-0.6,60,598
2019-03-08,4148,167000,10031900,61.2,61.2,59.6,59.8,-1.4,144,429
2019-03-11,4148,130000,7727400,59.9,59.9,59.0,59.5,-0.3,90,477
2019-03-12,4148,122130,7279230,59.8,60.0,59.2,59.5,0.0,109,524
2019-03-13,4148,91500,5453150,60.0,60.0,59.2,59.9,0.4,76,521
2019-03-14,4148,100050,6048125,60.0,61.0,60.0,60.3,0.4,87,538
2019-03-15,4148,77100,4621420,60.3,60.5,59.6,59.7,-0.6,71,605
2019-03-18,4148,180100,10614179,59.3,59.6,58.5,58.6,-1.1,153,461
2019-03-19,4148,171200,10015520,58.6,59.1,57.9,58.0,-0.6,132,470
2019-03-20,4148,254000,14541900,58.0,58.0,56.8,57.1,-0.9,191,413
2019-03-21,4148,380000,21433100,57.1,57.4,55.8,56.4,-0.7,289,365
2019-03-22,4148,152000,8581000,56.4,56.9,56.0,56.7,0.3,117,524
2019-03-25,4148,82026,4612419,56.6,56.6,55.8,56.1,-0.6,65,608
2019-03-26,4148,110000,6251000,56.9,57.3,56.3,57.3,1.2,87,522
2019-03-27,4148,166000,9541200,57.3,57.9,56.9,57.2,-0.1,126,462
2019-03-28,4148,163036,9167988,56.9,57.1,55.8,56.2,-1.0,140,482
2019-03-29,4148,62006,3488868,56.5,56.5,56.1,56.3,0.1,58,631
2019-04-01,4148,218038,12508646,56.2,58.4,56.2,57.7,1.4,174,459
2019-04-02,4148,136105,7878973,58.8,58.8,57.4,57.5,-0.2,107,524
2019-04-03,4148,68054,3918236,57.5,57.8,57.4,57.6,0.1,58,617
2019-04-08,4148,161006,9390254,57.7,59.2,57.6,59.1,1.5,143,529
2019-04-09,4148,126058,7420433,59.5,59.6,58.4,59.2,0.1,103,538
2019-04-10,4148,105002,6094918,58.6,58.6,57.7,57.9,-1.3,88,577
2019-04-11,4148,244000,13849000,57.7,57.9,56.0,56.4,-1.5,193,466
2019-04-12,4148,110346,6194283,56.3,56.6,56.0,56.0,-0.4,77,549
2019-04-15,4148,115100,6501230,56.6,57.5,56.0,56.2,0.2,91,551
2019-04-16,4148,75334,4276274,56.3,57.2,56.3,56.7,0.5,66,612
2019-04-17,4148,103000,5829800,57.1,57.3,56.3,56.5,-0.2,82,588
2019-04-18,4148,169050,9500900,57.2,57.2,55.7,55.7,-0.8,109,535
2019-04-19,4148,141028,7816882,56.0,56.0,54.8,55.3,-0.4,101,480
2019-04-22,4148,229040,12915900,56.0,57.1,54.9,56.7,1.4,119,415
2019-04-23,4148,78011,4391076,56.9,56.9,56.0,56.0,-0.7,59,563
2019-04-24,4148,40051,2242911,56.9,56.9,55.8,55.8,-0.2,40,668
2019-04-25,4148,27000,1505300,55.8,56.0,55.6,55.9,0.1,25,708
2019-04-26,4148,56100,3130800,56.1,56.1,55.6,55.7,-0.2,54,614
2019-04-29,4148,53000,2925600,55.7,55.7,54.3,54.5,-1.2,49,645
2019-04-30,4148,132329,7437048,54.5,57.5,54.4,57.3,2.8,95,468
2019-05-02,4148,60150,3402794,57.1,57.1,56.1,56.3,-1.0,55,601
2019-05-03,4148,34000,1916900,56.7,56.7,56.3,56.3,0.0,30,691
2019-05-06,4148,149000,8158800,55.5,55.5,54.4,54.6,-1.7,109,527
2019-05-07,4148,59055,3223580,54.6,55.0,54.4,54.6,0.0,52,604
2019-05-08,4148,99000,5334100,54.0,54.3,53.7,53.7,-0.9,87,540
2019-05-09,4148,637000,31891350,53.8,53.8,48.65,50.0,-3.7,386,332
2019-05-10,4148,698950,37676950,52.1,55.0,52.0,53.0,3.0,526,306
2019-05-13,4148,206050,10680584,52.5,53.8,50.7,50.9,-2.1,168,496
2019-05-14,4148,157005,8053229,49.5,52.5,49.3,52.2,1.3,142,519
2019-05-15,4148,88100,4561780,52.2,52.5,51.4,51.5,-0.7,80,551
2019-05-16,4148,74000,3759100,51.5,51.5,50.5,50.8,-0.7,64,590
2019-05-17,4148,91100,4576430,50.7,51.0,49.6,50.0,-0.8,74,585
2019-05-20,4148,54057,2710960,49.9,50.5,49.9,50.1,0.1,39,611
2019-05-21,4148,25006,1269416,50.0,51.2,50.0,51.2,1.1,27,733
2019-05-22,4148,145005,7519865,51.5,52.7,50.8,52.5,1.3,110,429
2019-05-23,4148,1146201,64744156,54.2,57.7,54.2,56.5,4.0,837,201
2019-05-24,4148,328062,18485202,56.1,57.6,55.3,56.0,-0.5,277,329
2019-05-27,4148,132027,7331712,56.8,56.8,55.0,56.0,0.0,110,481
2019-05-28,4148,81000,4476000,55.2,55.7,55.0,55.2,-0.8,66,543
2019-05-29,4148,117000,6432700,55.0,56.0,54.3,54.5,-0.7,91,501
2019-05-30,4148,85000,4626500,54.8,54.8,54.0,54.8,0.3,70,522
2019-05-31,4148,96068,5326879,55.0,55.8,54.6,55.5,0.7,88,537
2019-06-03,4148,50052,2769472,55.5,55.8,54.5,55.5,0.0,40,626
2019-06-04,4148,76055,4230102,55.2,56.0,55.2,55.6,0.1,54,512
2019-06-05,4148,49000,2717500,56.0,56.0,55.0,55.3,-0.3,46,590
2019-06-06,4148,64005,3563979,55.5,56.0,55.3,55.8,0.5,35,558
2019-06-10,4148,110000,6107500,55.8,55.9,55.0,55.3,-0.5,59,495
2019-06-11,4148,340800,18051999,54.1,54.2,52.2,52.9,-2.4,250,350
2019-06-12,4148,31143,1636464,52.5,52.8,52.3,52.5,-0.4,30,660
2019-06-13,4148,23032,1215898,52.5,53.5,52.5,52.6,0.1,25,689
2019-06-14,4148,43218,2275323,52.6,53.6,52.2,52.2,-0.4,40,613
2019-06-17,4148,18217,953418,52.3,52.5,52.2,52.2,0.0,19,716
2019-06-18,4148,45218,2351300,52.5,52.5,51.7,51.8,-0.4,36,599
2019-06-19,4148,55050,2878020,52.0,52.5,52.0,52.2,0.4,34,641
2019-06-20,4148,22118,1163106,52.0,52.7,52.0,52.6,0.4,23,755
2019-06-21,4148,93415,4974670,52.7,53.8,52.7,53.2,0.6,70,576
2019-06-24,4148,56100,2974640,52.8,53.6,52.8,52.9,-0.3,33,633
2019-06-25,4148,76050,4017745,53.7,53.7,52.4,52.4,-0.5,60,555
2019-06-26,4148,66050,3437725,52.3,52.3,51.9,52.0,-0.4,54,559
2019-06-27,4148,37000,1936700,52.0,53.0,52.0,52.1,0.1,30,677
2019-06-28,4148,30000,1564500,52.3,52.3,52.0,52.2,0.1,26,668
2019-07-01,4148,132000,6874700,52.5,52.5,52.0,52.3,0.1,84,536
2019-07-02,4148,181500,9482498,52.5,52.9,51.8,52.0,-0.3,145,478
2019-07-03,4148,162200,8424600,52.1,52.3,51.7,52.0,0.0,114,484
2019-07-04,4148,107176,5378870,50.0,50.6,49.9,50.3,0.0,86,543
2019-07-05,4148,56000,2840700,50.6,51.2,50.3,51.2,0.9,48,626
2019-07-08,4148,44100,2252340,51.2,51.5,50.7,50.9,-0.3,40,666
2019-07-09,4148,154000,7750600,50.9,50.9,50.1,50.3,-0.6,83,500
2019-07-10,4148,173000,8905300,50.3,52.1,50.2,51.3,1.0,112,488
2019-07-11,4148,57028,2906622,51.4,51.4,50.7,50.7,-0.6,48,654
2019-07-12,4148,40000,2022100,50.6,51.2,50.3,50.5,-0.2,34,689
2019-07-15,4148,38000,1923300,50.3,51.0,50.3,50.7,0.2,34,694
2019-07-16,4148,45100,2297130,51.1,51.1,50.8,50.8,0.1,40,679
2019-07-17,4148,212000,11037900,51.4,52.8,51.1,52.1,1.3,163,462
2019-07-18,4148,1662328,93135403,53.3,57.3,53.2,55.9,3.8,1005,195
2019-07-19,4148,622096,33926284,56.1,56.5,53.1,53.9,-2.0,470,294
2019-07-22,4148,368205,20066751,53.9,55.2,53.6,54.8,0.9,185,369
2019-07-23,4148,88142,4799066,55.0,55.0,54.1,54.2,-0.6,82,594
2019-07-24,4148,80150,4371445,54.1,55.0,54.1,54.6,0.4,66,619
2019-07-25,4148,437535,24376513,54.9,56.7,54.0,56.2,1.6,296,366
2019-07-26,4148,105000,5854600,56.2,56.2,55.3,55.4,-0.8,88,531
2019-07-29,4148,54416,3003513,55.4,55.5,54.9,54.9,-0.5,49,641
2019-07-30,4148,135000,7277200,55.0,55.3,53.2,53.3,-1.6,108,516
2019-07-31,4148,50000,2667400,53.9,53.9,53.1,53.6,0.3,37,627
2019-08-01,4148,23000,1226700,53.1,53.6,53.1,53.4,-0.2,23,729
2019-08-02,4148,115000,6033600,53.4,53.5,52.0,52.1,-1.3,92,558
2019-08-05,4148,42000,2191000,52.1,52.4,51.7,52.2,0.1,32,695
2019-08-06,4148,33000,1711200,52.2,52.2,51.5,51.9,-0.3,32,733
2019-08-07,4148,36100,1885520,52.2,52.5,52.0,52.1,0.2,32,654
2019-08-08,4148,63000,3361400,52.9,54.0,52.9,53.2,1.1,42,570
2019-08-12,4148,71000,3707500,52.6,53.2,51.7,52.3,-0.9,65,608
2019-08-13,4148,35000,1841800,52.4,53.0,52.0,52.9,0.6,29,679
2019-08-14,4148,435000,22093900,52.9,53.4,49.15,50.5,-2.4,249,351
2019-08-15,4148,62000,3137600,50.2,51.2,50.0,50.6,0.1,54,622
2019-08-16,4148,117215,5877850,50.6,50.6,50.0,50.2,-0.4,84,517
2019-08-19,4148,312100,15466780,50.1,50.1,49.1,49.6,-0.6,228,398
2019-08-20,4148,61000,3022200,49.6,49.7,49.4,49.4,-0.2,53,624
2019-08-21,4148,65000,3228450,50.0,50.0,49.4,49.8,0.4,60,623
2019-08-22,4148,43000,2146750,50.0,51.0,49.7,49.8,0.0,36,656
2019-08-23,4148,24000,1198750,50.2,50.3,49.7,49.7,-0.1,22,714
2019-08-26,4148,23100,1148450,50.4,50.4,49.35,49.5,-0.2,22,740
2019-08-27,4148,70200,3475480,49.45,50.2,49.2,49.2,-0.3,62,575
2019-08-28,4148,92000,4504950,49.2,49.3,48.7,48.75,-0.45,81,535
2019-08-29,4148,56000,2735650,48.9,49.1,48.75,48.95,0.2,51,604
2019-08-30,4148,64000,3137550,48.95,49.2,48.8,49.2,0.25,55,617
2019-09-02,4148,36000,1771350,49.2,49.5,49.0,49.15,-0.05,33,675
2019-09-03,4148,78000,3843050,49.55,49.55,49.1,49.2,0.05,69,563
2019-09-04,4148,49000,2413300,49.9,49.9,49.05,49.15,-0.05,38,652
2019-09-05,4148,73000,3584600,49.2,49.2,49.0,49.1,-0.05,59,608
2019-09-06,4148,51100,2505245,49.2,49.3,48.85,48.85,-0.25,41,637
2019-09-09,4148,418217,19350119,48.75,48.75,44.85,45.0,-3.85,344,364
2019-09-10,4148,165000,7495250,45.1,46.05,45.0,45.8,0.8,119,492
2019-09-11,4148,77000,3541350,45.85,46.5,45.25,45.75,-0.05,72,600
2019-09-12,4148,73000,3319650,45.9,45.9,45.2,45.2,-0.55,57,602
2019-09-16,4148,177400,7904759,45.2,45.2,44.1,44.4,-0.8,147,473
2019-09-17,4148,43100,1918190,44.55,44.65,44.35,44.5,0.1,38,653
2019-09-18,4148,91450,4063830,44.5,44.8,44.0,44.8,0.3,70,626
2019-09-19,4148,43000,1915050,44.55,44.7,44.5,44.7,-0.1,28,656
2019-09-20,4148,32000,1426500,44.7,44.75,44.45,44.6,-0.1,22,716
2019-09-23,4148,54100,2387745,44.3,44.3,44.05,44.05,-0.55,49,648
2019-09-24,4148,117000,5064700,43.3,44.0,42.9,43.75,-0.3,107,543
2019-09-25,4148,52000,2265600,43.55,43.95,43.15,43.55,-0.2,42,659
2019-09-26,4148,115000,4950300,43.1,43.55,42.6,42.6,-0.95,85,554
2019-09-27,4148,337281,13709763,42.5,42.5,39.9,40.6,-2.0,255,430
2019-10-01,4148,265499,10501759,40.6,40.8,39.2,39.45,-1.15,209,415
2019-10-02,4148,540000,23065050,39.55,43.35,39.55,43.35,3.9,305,281
2019-10-03,4148,1148212,52149952,43.35,46.8,43.35,45.5,2.15,963,205
2019-10-04,4148,321225,14410338,46.0,46.35,43.85,44.4,-1.1,255,352
2019-10-07,4148,91000,4006750,44.4,44.85,43.55,44.2,-0.2,80,558
2019-10-08,4148,130080,5569484,43.7,43.7,42.25,42.25,-1.95,103,516
2019-10-09,4148,75027,3152204,42.0,42.7,41.25,42.05,-0.2,64,598
2019-10-14,4148,49019,2095649,42.05,43.3,42.05,42.5,0.45,45,718
2019-10-15,4148,58033,2428144,42.5,42.5,41.45,41.45,-1.05,50,683
2019-10-16,4148,118000,4868650,41.65,42.5,40.9,41.0,-0.45,83,589
2019-10-17,4148,44000,1806450,41.45,41.45,40.9,41.15,0.15,41,657
2019-10-18,4148,46100,1913110,40.85,41.7,40.85,41.45,0.3,39,673
2019-10-21,4148,32000,1317850,41.45,41.45,41.1,41.35,-0.1,28,742
2019-10-22,4148,43000,1770900,41.1,41.5,41.1,41.1,-0.25,41,697
2019-10-23,4148,68112,2791528,41.1,41.1,40.85,40.85,-0.25,54,630
2019-10-24,4148,26000,1063850,41.2,41.2,40.7,41.0,0.15,25,747
2019-10-25,4148,39000,1603400,40.9,41.45,40.9,41.45,0.45,36,686
2019-10-28,4148,35000,1459500,42.5,42.5,41.3,41.7,0.25,31,706
2019-10-29,4148,36000,1499700,41.7,41.9,41.4,41.6,-0.1,27,716
2019-10-30,4148,47000,1971000,41.6,42.3,41.4,42.05,0.45,40,653
2019-10-31,4148,67000,2852450,42.8,42.9,42.15,42.7,0.65,58,614
2019-11-01,4148,58000,2502000,42.55,43.5,42.55,43.3,0.6,49,621
2019-11-04,4148,30000,1282300,42.7,43.0,42.7,42.75,-0.55,27,747
2019-11-05,4148,50000,2144100,42.75,43.05,42.6,42.75,0.0,33,680
2019-11-06,4148,36000,1519850,42.5,42.5,41.95,41.95,-0.8,32,713
2019-11-07,4148,48000,2008600,42.0,42.2,41.55,41.55,-0.4,28,674
2019-11-08,4148,21000,877550,42.2,42.2,41.65,41.65,0.1,16,771
2019-11-11,4148,56100,2330229,41.6,42.8,41.3,41.3,-0.35,43,706
2019-11-12,4148,40000,1647150,41.3,41.3,41.0,41.0,-0.3,31,692
2019-11-13,4148,52000,2115450,41.0,41.1,40.5,40.5,-0.5,39,683
2019-11-14,4148,74000,2982700,40.4,40.95,40.1,40.15,-0.35,56,643
2019-11-15,4148,8000,324500,41.0,41.0,40.2,40.2,0.05,7,864
2019-11-18,4148,35000,1401800,39.9,40.3,39.9,40.3,0.1,23,741
2019-11-19,4148,19000,766250,40.0,40.6,40.0,40.35,0.05,17,787
2019-11-20,4148,21000,850100,40.35,40.8,40.1,40.1,-0.25,21,788
2019-11-21,4148,15000,602050,40.1,40.45,40.1,40.15,0.05,12,805
2019-11-22,4148,194000,8169600,40.7,42.9,40.7,41.8,1.65,169,455
2019-11-25,4148,232100,10012750,43.5,43.5,41.9,43.35,1.55,178,453
2019-11-26,4148,118050,4996067,43.3,43.3,42.05,42.1,-1.25,87,554
2019-11-27,4148,29000,1219000,42.1,42.1,41.9,41.9,-0.2,25,731
2019-11-28,4148,63000,2669800,42.5,42.9,42.0,42.05,0.15,50,617
2019-11-29,4148,40000,1676600,42.5,42.5,41.6,41.6,-0.45,30,714
2019-12-02,4148,30100,1241030,41.6,41.6,41.0,41.05,-0.55,26,728
2019-12-03,4148,16000,651650,40.6,40.85,40.55,40.7,-0.35,14,776
2019-12-04,4148,29000,1173250,40.2,40.6,40.2,40.5,-0.2,23,714
2019-12-05,4148,43075,1736425,40.6,40.6,40.2,40.35,-0.15,39,689
2019-12-06,4148,43000,1747950,40.4,40.9,40.3,40.9,0.55,31,691
2019-12-09,4148,41000,1686800,41.0,41.35,41.0,41.1,0.2,30,715
2019-12-10,4148,22000,903100,41.0,41.2,41.0,41.05,-0.05,17,790
2019-12-11,4148,42000,1753650,41.1,42.5,41.1,41.7,0.65,34,720
2019-12-12,4148,23000,949750,41.9,41.9,40.7,41.1,-0.6,23,793
2019-12-13,4148,29000,1181100,40.85,40.85,40.65,40.65,-0.45,25,775
2019-12-16,4148,60000,2451400,40.6,41.35,40.5,41.05,0.4,40,692
2019-12-17,4148,16000,658700,40.9,41.35,40.85,41.25,0.2,15,834
2019-12-18,4148,41000,1672950,40.7,41.1,40.7,40.8,-0.45,39,755
2019-12-19,4148,47000,1917850,40.7,41.0,40.7,41.0,0.2,42,709
2019-12-20,4148,12000,491750,41.1,41.1,40.9,40.9,-0.1,12,840
2019-12-23,4148,35000,1422800,40.8,41.1,40.45,40.45,-0.45,31,743
2019-12-24,4148,60073,2421257,40.45,40.65,40.0,40.0,-0.45,49,653
2019-12-25,4148,46000,1843950,40.05,40.5,40.0,40.15,0.15,36,704
2019-12-26,4148,84000,3423850,40.4,41.0,40.4,40.85,0.7,65,616
2019-12-27,4148,61000,2508550,40.6,41.5,40.6,41.1,0.25,45,690
2019-12-30,4148,62000,2548350,41.3,41.3,40.7,40.8,-0.3,41,698
2019-12-31,4148,64100,2625550,41.2,41.5,40.8,41.4,0.6,48,677
2020-01-02,4148,58500,2437450,41.8,41.8,41.4,41.6,0.2,51,712
2020-01-03,4148,542010,23632755,41.9,45.1,41.8,43.75,2.15,432,395
2020-01-06,4148,431050,19273505,43.75,45.4,43.75,44.8,1.05,332,385
2020-01-07,4148,159010,7042592,45.2,45.25,43.8,43.9,-0.9,122,543
2020-01-08,4148,58000,2491250,43.65,43.65,42.2,42.85,-1.05,48,676
2020-01-09,4148,62000,2689200,43.3,43.85,43.0,43.65,0.8,56,641
2020-01-10,4148,72000,3135750,43.8,44.0,43.0,43.8,0.15,57,622
2020-01-13,4148,119000,5254300,44.0,44.95,43.8,44.0,0.2,84,566
2020-01-14,4148,50000,2182550,44.2,44.2,43.5,43.5,-0.5,43,682
2020-01-15,4148,29000,1249950,43.2,43.25,43.0,43.0,-0.5,20,750
2020-01-16,4148,35000,1501700,43.3,43.35,42.55,43.15,0.15,33,732
2020-01-17,4148,26166,1122121,43.15,43.15,42.6,42.6,-0.55,23,758
2020-01-20,4148,38000,1620900,42.75,42.9,42.55,42.55,-0.05,27,745
2020-01-30,4148,279000,10805450,40.0,40.0,38.3,38.4,-4.15,213,628
2020-01-31,4148,104023,3941276,37.2,39.2,37.2,38.15,-0.25,82,670
2020-02-03,4148,136010,4966475,38.0,38.0,36.0,36.5,-1.65,101,674
2020-02-04,4148,61123,2305970,37.3,38.7,37.2,38.15,1.65,58,699
2020-02-05,4148,53000,2059800,38.65,39.1,38.5,38.7,0.55,45,708
2020-02-06,4148,35003,1348273,39.4,39.4,38.2,38.4,-0.3,31,773
2020-02-07,4148,17170,655300,38.55,38.55,37.75,38.1,-0.3,20,844
2020-02-10,4148,78000,2875050,37.5,37.5,36.05,36.85,-1.25,60,674
2020-02-11,4148,35100,1289090,36.6,37.0,36.6,37.0,0.15,32,746
2020-02-12,4148,41017,1535324,37.1,37.6,37.1,37.4,0.4,36,728
2020-02-13,4148,32000,1209350,37.45,38.35,37.45,37.9,0.5,29,763
2020-02-14,4148,35000,1335850,38.05,38.35,38.0,38.0,0.1,29,725
2020-02-17,4148,16000,603100,38.0,38.0,37.35,37.35,-0.65,15,816
2020-02-18,4148,21000,786200,37.95,37.95,37.15,37.2,-0.15,19,779
2020-02-19,4148,19100,714850,37.3,37.8,37.3,37.35,0.15,20,797
2020-02-20,4148,54000,2008200,37.3,37.35,37.05,37.1,-0.25,44,686
2020-02-21,4148,20000,746900,37.5,37.5,37.2,37.35,0.25,17,802
2020-02-24,4148,31060,1154103,37.2,37.3,37.0,37.15,-0.2,29,774
2020-02-25,4148,28007,1035434,37.0,37.15,36.8,36.85,-0.3,23,779
2020-02-26,4148,118233,4264584,36.55,36.55,35.75,35.9,-0.95,84,581
2020-02-27,4148,210653,7304008,35.85,35.85,34.2,34.2,-1.7,144,587
2020-03-02,4148,50003,1714812,34.2,34.85,34.1,34.5,0.3,45,776
2020-03-03,4148,71055,2438936,34.8,34.8,34.0,34.05,-0.45,62,669
2020-03-04,4148,79065,2647850,34.0,34.05,33.2,33.25,-0.8,72,627
2020-03-05,4148,81000,2784200,33.8,34.8,33.8,34.6,1.35,73,645
2020-03-06,4148,108000,3638550,34.6,34.6,33.3,33.9,-0.7,93,613
2020-03-09,4148,149004,4951787,33.8,33.8,32.5,33.0,-0.9,107,686
2020-03-10,4148,256000,7863450,31.0,31.5,30.2,31.0,-2.0,186,609
2020-03-11,4148,161004,4975386,31.05,31.4,30.4,30.4,-0.6,92,601
2020-03-12,4148,325000,9098700,30.0,30.05,27.4,27.7,-2.7,247,647
2020-03-13,4148,406065,10142529,25.0,25.45,24.95,24.95,-2.75,233,664
2020-03-16,4148,117000,2905650,25.2,25.9,22.6,22.6,-2.35,97,737
2020-03-17,4148,278000,5780900,22.6,22.6,20.35,20.4,-2.2,176,669
2020-03-18,4148,115019,2378218,21.2,21.5,20.4,20.6,0.2,93,765
2020-03-19,4148,266000,4990200,19.95,20.4,18.55,18.55,-2.05,166,745
2020-03-20,4148,158400,3168260,18.55,20.4,18.55,20.4,1.85,115,726
2020-03-23,4148,55307,1105762,19.95,20.8,19.05,20.3,-0.1,41,775
2020-03-24,4148,140274,3041678,20.3,22.3,20.3,22.25,1.95,95,677
2020-03-25,4148,171000,3998400,22.4,24.15,22.4,23.25,1.0,106,669
2020-03-26,4148,74220,1656078,23.25,23.25,22.0,22.2,-1.05,63,736
2020-03-27,4148,132425,2907987,22.9,22.9,21.3,21.5,-0.7,96,692
2020-03-30,4148,40011,851654,20.7,21.8,20.7,21.8,0.3,28,778
2020-03-31,4148,74000,1609950,22.1,22.2,21.45,21.7,-0.1,54,732
2020-04-01,4148,42005,914317,21.35,22.3,21.35,21.85,0.15,33,765
2020-04-06,4148,53000,1189050,22.0,22.95,21.9,22.6,0.75,45,740
2020-04-07,4148,124000,2933050,22.8,24.35,22.8,23.65,1.05,91,674
2020-04-08,4148,53000,1272600,23.95,24.5,23.4,24.25,0.6,41,780
2020-04-09,4148,58000,1411950,24.9,24.9,24.1,24.15,-0.1,44,771
2020-04-10,4148,59020,1401887,24.15,24.5,23.3,23.8,-0.35,49,744
2020-04-13,4148,114000,2774600,23.8,25.45,23.8,24.35,0.55,79,683
2020-04-14,4148,211020,5501120,24.5,26.75,24.5,26.3,1.95,150,609
2020-04-15,4148,120021,3133662,26.4,26.95,25.5,26.5,0.2,91,719
2020-04-16,4148,31000,818000,26.0,26.7,26.0,26.6,0.1,30,824
2020-04-17,4148,134000,3646400,26.7,28.0,26.55,26.65,0.05,105,707
2020-04-20,4148,13000,345150,27.1,27.1,26.4,26.65,0.0,12,846
2020-04-21,4148,55000,1412000,26.65,26.65,24.75,24.9,-1.75,53,801
2020-04-22,4148,48300,1190110,24.45,24.9,24.15,24.9,0.0,30,751
2020-04-23,4148,18000,449000,24.9,25.2,24.85,24.9,0.0,12,851
2020-04-24,4148,1642000,40885600,25.0,25.0,24.85,24.85,-0.05,12,273
2020-04-27,4148,107000,2904200,27.0,27.3,26.1,27.3,2.45,66,690
2020-04-28,4148,72005,2160150,30.0,30.0,30.0,30.0,2.7,43,701
2020-04-29,4148,615003,20269199,33.0,33.0,32.0,33.0,3.0,331,450
2020-04-30,4148,806109,27699475,35.7,35.7,33.05,34.2,1.2,587,431
2020-05-04,4148,1970188,62677323,34.75,37.0,32.8,36.7,2.5,399,280
2020-05-05,4148,334150,13402202,39.8,40.35,38.9,40.35,3.65,229,471
2020-05-06,4148,1151675,50419654,44.0,44.35,42.7,42.75,2.4,800,320
2020-05-07,4148,703040,27657779,43.0,43.0,38.5,39.45,-3.3,489,378
2020-05-08,4148,408569,15004105,39.45,39.45,35.55,35.6,-3.85,321,500
2020-05-11,4148,147273,5356486,34.5,37.8,34.5,37.5,1.9,122,650
2020-05-12,4148,122000,4437800,37.5,37.5,35.8,36.55,-0.95,89,651
2020-05-13,4148,97250,3578000,36.2,37.15,36.2,36.8,0.25,81,652
2020-05-14,4148,115004,4308646,37.8,38.05,36.5,36.5,-0.3,103,660
2020-05-15,4148,71000,2526200,36.5,36.5,35.0,35.5,-1.0,61,723
2020-05-18,4148,151000,5392750,35.45,37.0,34.7,36.65,1.15,133,591
2020-05-19,4148,119404,4265494,36.7,36.7,35.4,36.0,-0.65,94,631
2020-05-20,4148,183050,6399860,36.0,36.0,34.2,34.9,-1.1,150,559
2020-05-21,4148,234000,8170850,34.8,36.8,33.3,35.25,0.35,193,537
2020-05-22,4148,394500,15091675,35.5,38.75,35.5,38.75,3.5,258,452
2020-05-25,4148,1187385,49537050,39.1,42.6,39.1,42.6,3.85,733,304
2020-05-26,4148,1725222,75705639,43.6,46.0,41.1,41.3,-1.3,1191,266
2020-05-27,4148,458059,18200334,41.3,42.3,38.25,38.25,-3.05,375,442
2020-05-28,4148,202000,7806050,39.0,39.55,37.8,38.5,0.25,170,592
2020-05-29,4148,243050,9665706,39.05,40.6,38.7,39.8,1.3,208,489
2020-06-01,4148,127000,5003450,40.25,40.8,38.8,38.8,-1.0,107,634
2020-06-02,4148,129000,4922950,38.65,38.65,37.85,38.1,-0.7,108,604
2020-06-03,4148,141000,5514700,38.75,39.8,38.4,38.55,0.45,113,644
2020-06-04,4148,107010,4107482,38.6,39.1,37.8,37.9,-0.65,90,675
2020-06-05,4148,78000,3009250,39.0,39.0,38.2,38.3,0.4,67,725
2020-06-08,4148,127000,4839950,38.4,38.7,37.85,38.0,-0.3,95,691
2020-06-09,4148,430000,17303850,38.65,41.4,38.65,39.95,1.95,328,497
2020-06-10,4148,226220,9072739,39.8,40.9,39.5,39.5,-0.45,192,592
2020-06-11,4148,160000,6267900,40.4,40.4,38.3,38.6,-0.9,123,685
2020-06-12,4148,148030,5530140,36.7,38.5,36.65,37.65,-0.95,133,655
2020-06-15,4148,130000,5048300,38.05,39.75,37.8,38.55,0.9,117,624
2020-06-16,4148,1163115,48116269,40.3,42.4,39.05,40.4,1.85,715,315
2020-06-17,4148,1597809,70061319,41.0,44.4,41.0,44.4,4.0,838,275
2020-06-18,4148,3024402,144573249,47.4,48.8,46.1,46.1,1.7,1873,211
2020-06-19,4148,750380,34643410,47.0,47.5,44.8,45.5,-0.6,531,414
2020-06-22,4148,1404115,66895705,45.5,49.35,45.5,45.7,0.2,1000,300
2020-06-23,4148,809000,36108450,47.2,47.2,42.3,42.8,-2.9,572,365
2020-06-24,4148,702300,30626000,42.95,46.0,41.55,41.7,-1.1,520,376
2020-06-29,4148,307000,12937000,42.6,43.25,41.75,42.0,0.3,208,502
2020-06-30,4148,243008,10031254,42.25,42.25,41.0,41.5,-0.5,170,512
2020-07-01,4148,335000,13776750,41.5,42.95,40.0,41.9,0.4,223,497
2020-07-02,4148,198000,8242400,42.4,42.6,41.2,41.3,0.0,153,592
2020-07-03,4148,233700,9478608,41.3,41.6,40.05,40.75,-0.55,193,594
2020-07-06,4148,173100,7084474,40.75,41.35,40.6,40.8,0.05,138,695
2020-07-07,4148,187000,7710700,41.5,42.5,40.65,40.65,-0.15,149,666
2020-07-08,4148,337535,14172855,40.65,43.25,40.6,42.85,2.2,282,571
2020-07-09,4148,352101,15062687,43.45,43.8,42.0,42.05,-0.8,302,593
2020-07-10,4148,386194,15830860,42.95,43.0,40.3,40.45,-1.6,272,580
2020-07-13,4148,140001,5698840,41.0,41.4,40.45,40.6,0.15,111,681
2020-07-14,4148,159250,6324250,40.6,40.6,39.45,39.75,-0.85,123,651
2020-07-15,4148,317000,12282100,39.6,40.1,38.1,38.45,-1.3,217,556
2020-07-16,4148,152000,5835800,39.15,39.25,38.05,38.5,0.05,121,636
2020-07-17,4148,217020,8137347,39.15,39.15,36.55,37.0,-1.5,175,606
2020-07-20,4148,136031,4900522,36.3,36.65,35.6,36.45,-0.55,98,647
2020-07-21,4148,94000,3478100,37.0,37.4,36.6,37.2,0.75,85,719
2020-07-22,4148,50000,1859450,37.65,37.65,37.0,37.25,0.05,46,771
2020-07-23,4148,64000,2355350,37.05,37.2,36.55,36.75,-0.5,58,737
2020-07-24,4148,98020,3573829,37.3,37.3,36.0,36.1,-0.65,79,730
2020-07-27,4148,172000,5987350,36.5,36.5,34.3,34.35,-1.75,118,679
2020-07-28,4148,131020,4411374,34.3,34.45,33.3,33.4,-0.95,103,706
2020-07-29,4148,103000,3545850,34.0,35.0,33.65,34.35,0.95,99,666
2020-07-30,4148,63000,2193050,35.45,35.45,34.35,35.1,0.75,54,720
2020-07-31,4148,18000,632350,35.65,35.65,34.8,35.25,0.15,17,828
2020-08-03,4148,22000,782900,35.3,35.8,35.25,35.75,0.5,21,847
2020-08-04,4148,66000,2394750,36.9,36.9,36.0,36.2,0.45,52,705
2020-08-05,4148,56000,2064750,37.15,37.15,36.65,36.85,0.65,45,731
2020-08-06,4148,39040,1409650,36.1,36.65,35.85,35.9,-0.95,36,800
2020-08-07,4148,141000,5214600,36.9,37.7,36.5,36.8,0.9,97,606
2020-08-10,4148,50000,1826100,37.3,37.35,35.95,36.75,-0.05,40,771
2020-08-11,4148,52000,1855350,35.9,36.1,35.2,35.45,-1.3,50,781
2020-08-12,4148,46001,1606335,34.6,35.2,34.6,35.0,-0.45,38,767
2020-08-13,4148,47200,1642790,34.7,35.2,34.6,34.8,-0.2,38,766
2020-08-14,4148,88018,3163700,35.25,36.6,35.2,36.15,1.35,76,700
2020-08-17,4148,141000,5204000,36.8,37.3,36.45,36.9,0.75,101,683
2020-08-18,4148,388000,15016600,37.0,40.0,37.0,39.0,2.1,246,519
2020-08-19,4148,211020,8280828,39.75,39.75,38.3,38.55,-0.45,161,628
2020-08-20,4148,173000,6367050,38.55,38.55,35.65,37.0,-1.55,119,709
2020-08-21,4148,80000,3005600,37.15,38.05,37.15,37.55,0.55,62,715
2020-08-24,4148,54000,2022450,37.0,39.1,36.45,38.15,0.6,36,750
2020-08-25,4148,53000,2027450,38.2,38.5,38.05,38.5,0.35,33,760
2020-08-26,4148,107000,4184450,39.5,39.5,38.2,38.8,0.3,75,659
2020-08-27,4148,50000,1926650,38.55,38.85,38.5,38.8,0.0,37,773
2020-08-28,4148,62500,2442800,38.8,39.75,38.75,38.8,0.0,37,721
2020-08-31,4148,215000,8654400,39.15,41.0,39.15,39.6,0.8,123,594
2020-09-01,4148,53000,2077600,39.5,39.55,38.5,39.4,-0.2,40,759
2020-09-02,4148,89050,3553854,39.3,40.1,39.3,39.75,0.35,71,715
2020-09-03,4148,104000,4157350,39.95,40.3,39.5,40.25,0.5,63,707
2020-09-04,4148,115200,4564160,39.5,40.75,38.8,40.6,0.35,75,686
2020-09-07,4148,157250,6416712,41.8,41.8,39.3,39.3,-1.3,92,680
2020-09-08,4148,49000,1931600,39.8,39.8,38.9,39.65,0.35,40,781
2020-09-09,4148,63000,2450650,39.05,39.45,38.25,39.35,-0.3,49,745
2020-09-10,4148,96040,3759943,39.6,39.6,38.8,38.95,-0.4,52,719
2020-09-11,4148,102250,3880687,38.8,38.8,37.7,37.8,-1.15,66,721
2020-09-14,4148,28000,1061450,38.0,38.0,37.8,37.8,0.0,12,840
2020-09-15,4148,7000,267100,38.3,38.3,38.1,38.1,0.3,6,902
2020-09-16,4148,25204,949831,38.1,38.1,37.4,37.55,-0.55,23,855
2020-09-17,4148,68000,2552300,37.1,37.95,37.1,37.2,-0.35,31,719
2020-09-18,4148,105000,3936750,37.65,37.8,37.2,37.3,0.1,62,702
2020-09-21,4148,78000,2961250,37.4,38.2,37.35,38.05,0.75,58,753
2020-09-22,4148,45000,1706800,38.1,38.1,37.4,37.5,-0.55,28,792
2020-09-23,4148,56000,2075750,37.25,37.3,36.9,37.0,-0.5,45,786
2020-09-24,4148,81096,2909778,36.7,36.7,35.65,35.8,-1.2,46,790
2020-09-25,4148,49002,1723170,35.4,36.25,34.05,34.55,-1.25,34,819
2020-09-28,4148,23000,800600,34.6,35.65,34.55,35.4,0.85,18,823
2020-09-29,4148,15000,521250,35.4,35.4,34.6,34.75,-0.65,11,848
2020-09-30,4148,26000,900000,34.45,34.9,34.4,34.8,0.05,13,777
2020-10-05,4148,28030,984589,34.8,35.75,34.7,35.75,0.95,27,779
2020-10-06,4148,20000,716550,35.75,36.15,35.6,35.95,0.2,18,847
2020-10-07,4148,15000,540650,36.3,36.3,36.0,36.25,0.3,9,863
2020-10-08,4148,19000,688600,36.2,36.35,35.55,36.1,-0.15,12,858
2020-10-12,4148,15000,536500,36.1,36.1,35.5,35.5,-0.6,10,867
2020-10-13,4148,38000,1306600,34.55,34.7,34.05,34.7,-0.8,31,782
2020-10-14,4148,20000,691500,34.7,34.7,34.3,34.6,-0.1,16,841
2020-10-15,4148,39000,1361600,34.7,35.1,34.7,34.9,0.3,22,775
2020-10-16,4148,17000,594450,34.85,35.6,34.85,34.95,0.05,13,846
2020-10-19,4148,8000,286100,35.95,35.95,35.2,35.2,0.25,5,897
2020-10-20,4148,17000,590700,35.2,35.2,34.7,34.7,-0.5,9,825
2020-10-21,4148,13000,449450,34.55,34.7,34.5,34.7,0.0,12,862
2020-10-22,4148,3000,103400,34.45,34.5,34.45,34.5,-0.2,3,911
2020-10-23,4148,12000,413450,34.5,34.55,34.3,34.5,0.0,11,861
2020-10-26,4148,47000,1593550,33.55,34.55,33.55,34.4,-0.1,21,764
2020-10-27,4148,23000,797850,35.8,35.8,34.3,34.35,-0.05,21,812
2020-10-28,4148,39000,1323100,34.1,34.1,33.8,33.8,-0.55,28,784
2020-10-29,4148,11100,374100,33.7,33.8,33.65,33.7,-0.1,12,866
2020-10-30,4148,38500,1286288,33.55,33.55,33.25,33.25,-0.45,31,776
2020-11-02,4148,59326,1944093,33.25,33.25,32.3,32.75,-0.5,47,715
2020-11-03,4148,31541,1057473,33.0,33.8,33.0,33.8,1.05,29,786
2020-11-04,4148,18000,604050,33.05,33.6,33.05,33.6,-0.2,4,837
2020-11-05,4148,21000,714900,34.0,34.3,33.95,34.15,0.55,17,805
2020-11-06,4148,25000,866300,34.4,35.45,34.4,34.75,0.6,11,813
2020-11-09,4148,29000,1012400,35.7,35.7,34.45,35.0,0.25,19,836
2020-11-10,4148,32100,1111325,34.95,35.0,34.45,34.45,-0.55,22,824
2020-11-11,4148,52019,1807061,34.5,35.0,34.1,34.9,0.45,36,819
2020-11-12,4148,54000,1914950,35.6,35.65,35.05,35.4,0.5,43,766
2020-11-13,4148,10000,352600,34.8,35.4,34.8,35.4,0.0,8,874
2020-11-16,4148,14000,488550,35.0,35.05,34.7,34.9,-0.5,13,882
2020-11-17,4148,133050,4728585,34.8,36.0,34.8,36.0,1.1,80,687
2020-11-18,4148,53000,1915750,36.1,36.4,36.0,36.2,0.2,30,793
2020-11-19,4148,21000,758050,36.0,36.25,36.0,36.1,-0.1,11,841
2020-11-20,4148,53000,1913000,36.0,36.15,36.0,36.05,-0.05,19,779
2020-11-23,4148,17000,618350,36.05,36.55,36.05,36.35,0.3,12,880
2020-11-24,4148,36000,1302150,36.05,36.35,36.05,36.05,-0.3,27,821
2020-11-25,4148,125000,4475350,36.0,36.1,35.45,35.75,-0.3,49,719
2020-11-26,4148,24000,863650,36.2,36.2,35.75,35.95,0.2,17,871
2020-11-27,4148,11000,391600,35.9,35.9,35.1,35.85,-0.1,10,896
2020-11-30,4148,47000,1675200,35.7,35.95,35.5,35.95,0.1,23,855
2020-12-01,4148,43000,1540500,35.95,35.95,35.65,35.9,-0.05,26,838
2020-12-02,4148,60000,2167650,35.7,36.35,35.7,36.1,0.2,47,819
2020-12-03,4148,69012,2517894,36.5,36.85,36.15,36.4,0.3,30,791
2020-12-04,4148,89052,3304218,36.65,38.0,36.65,38.0,1.6,61,782
2020-12-07,4148,545000,21733900,38.8,40.7,38.8,39.0,1.0,372,541
2020-12-08,4148,110019,4202923,38.8,38.8,38.0,38.0,-1.0,79,738
2020-12-09,4148,36000,1352900,38.0,38.0,37.2,37.7,-0.3,25,859
2020-12-10,4148,24000,893800,37.7,37.7,37.1,37.25,-0.45,18,869
2020-12-11,4148,42281,1543860,37.55,37.55,35.9,36.9,-0.35,35,835
2020-12-14,4148,32000,1159600,36.05,36.5,36.05,36.3,-0.6,17,841
2020-12-15,4148,20000,723300,36.3,36.3,36.0,36.1,-0.2,13,871
2020-12-16,4148,46396,1725552,36.25,37.7,36.2,37.35,1.25,35,839
2020-12-17,4148,31250,1173580,37.2,37.85,37.15,37.6,0.25,27,846
2020-12-18,4148,24000,907650,37.7,38.3,37.55,37.85,0.25,22,868
2020-12-21,4148,97362,3704333,37.7,38.45,37.15,38.45,0.6,60,750
2020-12-22,4148,38180,1458182,38.45,38.45,37.9,37.9,-0.55,33,851
2020-12-23,4148,12009,457992,38.0,38.9,37.9,37.9,0.0,12,899
2020-12-24,4148,20000,761750,38.05,38.2,38.05,38.2,0.3,17,873
2020-12-25,4148,27078,1040490,38.3,38.6,38.3,38.6,0.4,27,857
2020-12-28,4148,55000,2131000,38.6,38.95,38.6,38.7,0.1,47,840
2020-12-29,4148,37074,1422858,38.3,38.7,38.2,38.6,-0.1,33,855
2020-12-30,4148,200054,7809733,38.85,39.3,38.4,38.85,0.25,48,674
2020-12-31,4148,25000,973300,39.0,39.0,38.9,38.9,0.05,22,881
2021-01-04,4148,35093,1358636,38.9,38.9,38.5,38.6,-0.3,31,865
2021-01-05,4148,38000,1468000,38.65,38.7,38.55,38.55,-0.05,23,845
2021-01-06,4148,81000,3068650,38.15,38.9,37.1,37.7,-0.85,61,813
2021-01-07,4148,694834,28263252,40.1,41.45,38.85,39.4,1.7,504,486
2021-01-08,4148,85062,3313568,39.55,39.55,38.75,38.75,-0.65,63,783
2021-01-11,4148,36001,1412738,39.85,39.85,38.55,38.85,0.1,24,852
2021-01-12,4148,43000,1674250,38.8,39.15,38.55,38.55,-0.3,19,843
2021-01-13,4148,96000,3660000,38.6,38.6,37.8,38.2,-0.35,62,774
2021-01-14,4148,29000,1112300,38.45,38.5,38.25,38.45,0.25,22,847
2021-01-15,4148,87000,3296100,38.05,38.1,37.8,37.85,-0.6,65,791
2021-01-18,4148,34000,1288100,37.85,39.0,37.6,37.9,0.05,21,841
2021-01-19,4148,21000,795500,37.7,38.0,37.7,37.9,0.0,18,860
2021-01-20,4148,83000,3027500,38.0,38.0,35.3,35.75,-2.15,69,826
2021-01-21,4148,67000,2374250,35.5,36.0,35.0,35.1,-0.65,48,791
2021-01-22,4148,48020,1672986,35.1,35.1,34.75,34.75,-0.35,38,807
2021-01-25,4148,16131,563852,35.0,35.0,34.85,34.95,0.2,9,867
2021-01-26,4148,13220,462038,35.0,35.0,34.9,34.9,-0.05,8,889
2021-01-27,4148,60035,2076636,34.8,35.0,34.1,34.65,-0.25,34,751
2021-01-28,4148,49000,1683750,36.0,36.0,34.05,34.15,-0.5,36,796
2021-01-29,4148,23000,781600,34.15,34.15,33.8,33.85,-0.3,20,876
2021-02-01,4148,8000,272800,34.1,34.1,34.1,34.1,0.25,5,891
2021-02-02,4148,51000,1735300,34.1,34.1,33.75,33.75,-0.35,41,791
2021-02-03,4148,40000,1346700,33.65,33.85,33.5,33.55,-0.2,31,790
2021-02-04,4148,34000,1124700,33.4,33.6,32.65,32.7,-0.85,29,818
2021-02-05,4148,22050,729900,32.7,33.8,32.2,33.0,0.3,22,858
2021-02-17,4148,18000,603500,33.1,34.0,33.1,33.65,0.65,17,884
2021-02-18,4148,20000,695350,33.9,35.0,33.9,35.0,1.35,15,878
2021-02-19,4148,26000,905250,35.0,35.25,34.6,34.65,-0.35,22,865
2021-02-22,4148,32100,1142960,36.15,36.35,35.4,35.55,0.9,26,876
2021-02-23,4148,69000,2490650,35.35,36.8,35.35,35.65,0.1,55,837
2021-02-24,4148,38030,1339568,35.65,35.65,35.05,35.25,-0.4,30,853
2021-02-25,4148,27000,946700,35.35,35.35,34.9,35.1,-0.15,19,878
2021-02-26,4148,27000,937700,35.1,35.1,34.6,34.6,-0.5,23,879
2021-03-02,4148,36000,1237900,34.6,34.7,34.2,34.2,-0.4,28,862
2021-03-03,4148,29000,980100,34.1,34.45,33.5,34.3,0.1,21,866
2021-03-04,4148,41000,1400650,34.25,34.35,33.95,34.2,-0.1,25,853
2021-03-05,4148,16000,541650,33.5,34.0,33.5,33.9,-0.3,15,880
2021-03-08,4148,41000,1392850,33.8,34.45,33.55,33.9,0.0,32,848
2021-03-09,4148,46000,1583800,34.2,34.9,34.0,34.9,1.0,31,830
2021-03-10,4148,39003,1373457,34.95,35.65,34.9,35.2,0.3,32,847
2021-03-11,4148,76144,2786132,36.0,37.55,36.0,36.4,1.2,62,810
2021-03-12,4148,41016,1494618,36.95,37.0,35.65,35.85,-0.55,33,841
2021-03-15,4148,19000,678500,36.35,36.35,35.65,35.65,-0.2,16,890
2021-03-16,4148,33000,1202400,36.0,36.9,36.0,36.25,0.6,30,870
2021-03-17,4148,46000,1664150,36.3,36.4,35.6,35.7,-0.55,35,853
2021-03-18,4148,34000,1218900,35.8,35.9,35.75,35.85,0.15,27,869
2021-03-19,4148,36000,1277300,35.55,35.85,35.4,35.4,-0.45,31,886
2021-03-22,4148,24023,850096,35.4,35.4,35.3,35.4,0.0,22,900
2021-03-23,4148,29000,1029700,35.4,35.85,35.4,35.85,0.45,19,879
2021-03-24,4148,34004,1239546,35.85,36.8,35.85,36.5,0.65,24,859
2021-03-25,4148,75011,2730749,36.6,36.8,36.05,36.05,-0.45,56,792
2021-03-26,4148,57000,2060000,36.2,36.2,36.1,36.2,0.15,33,845
2021-03-29,4148,74000,2644550,35.8,36.0,35.55,35.6,-0.6,56,846
2021-03-30,4148,25000,902050,35.6,36.4,35.6,36.35,0.75,17,890
2021-03-31,4148,39000,1420150,36.55,36.8,36.05,36.15,-0.2,34,866
2021-04-01,4148,23000,827600,36.05,36.15,35.7,35.85,-0.3,21,900
2021-04-06,4148,26000,933100,36.5,36.5,35.55,35.6,-0.25,23,899
2021-04-07,4148,41000,1474200,36.5,36.5,35.65,35.65,0.05,31,882
2021-04-08,4148,376500,14389800,36.9,39.2,36.6,39.2,3.55,248,679
2021-04-09,4148,654724,27459947,40.8,43.0,40.65,42.0,2.8,501,592
2021-04-12,4148,340696,14405752,43.0,43.35,41.5,41.95,-0.05,217,730
2021-04-13,4148,144575,5856358,42.3,42.3,40.0,40.1,-1.85,119,815
2021-04-14,4148,178036,6990765,40.15,40.9,38.2,38.75,-1.35,98,792
2021-04-15,4148,50451,1984226,38.75,40.9,38.75,39.95,1.2,44,859
2021-04-16,4148,36100,1436555,40.0,40.9,39.5,40.0,0.05,26,878
2021-04-19,4148,59319,2376911,39.85,40.8,39.65,39.7,-0.3,53,887
2021-04-20,4148,117289,4789813,40.0,41.5,40.0,40.7,1.0,73,841
2021-04-21,4148,62320,2533481,41.8,41.8,39.8,39.9,-0.8,46,886
2021-04-22,4148,88012,3487767,40.45,41.0,39.0,39.0,-0.9,69,880
2021-04-23,4148,58002,2293229,40.35,40.35,38.5,39.95,0.95,51,878
2021-04-26,4148,82108,3204483,39.35,39.35,38.75,39.1,-0.85,58,866
2021-04-27,4148,45633,1794175,39.1,40.0,38.8,39.7,0.6,42,899
2021-04-28,4148,88009,3425207,39.7,39.7,38.55,38.7,-1.0,60,866
2021-04-29,4148,51000,1956100,39.0,39.0,38.0,38.5,-0.2,33,894
2021-05-03,4148,70002,2657876,37.85,38.8,37.6,38.8,0.3,35,878
2021-05-04,4148,48000,1782000,38.0,38.0,36.05,36.95,-1.85,38,906
2021-05-05,4148,19030,702511,37.7,37.7,36.75,36.8,-0.15,16,903
2021-05-06,4148,234000,9331450,40.4,40.45,38.9,39.4,2.6,143,709
2021-05-07,4148,131020,5252562,39.4,41.3,39.05,39.9,0.5,100,757
2021-05-10,4148,93034,3724042,39.9,40.5,39.7,39.7,-0.2,57,819
2021-05-11,4148,179000,6716000,39.9,39.9,36.5,36.9,-2.8,104,820
2021-05-12,4148,92000,3317600,36.75,37.2,35.05,35.4,-1.5,76,883
2021-05-13,4148,64020,2241655,34.9,36.35,33.55,35.15,-0.25,50,879
2021-05-14,4148,80059,2869297,37.1,37.1,35.35,35.4,0.25,33,856
2021-05-17,4148,61000,2026000,32.0,34.05,32.0,33.25,-2.15,52,886
2021-05-18,4148,21000,726300,33.5,35.2,33.5,34.2,0.95,19,900
2021-05-19,4148,35000,1189150,34.2,35.0,33.5,34.3,0.1,30,865
2021-05-20,4148,9000,306900,34.3,34.3,34.0,34.0,-0.3,9,910
2021-05-21,4148,19300,671942,35.3,35.4,34.5,34.5,0.5,23,879
2021-05-24,4148,55000,1830050,35.5,35.5,33.75,34.5,0.0,13,818
2021-05-25,4148,8000,277300,34.65,34.7,34.65,34.65,0.15,6,916
2021-05-26,4148,10000,352850,35.4,35.45,35.2,35.2,0.55,7,903
2021-05-27,4148,97001,3320985,34.2,35.1,34.0,34.0,-1.2,62,746
2021-05-28,4148,55000,1875650,33.95,34.6,33.95,34.0,0.0,30,831
2021-05-31,4148,29559,1011706,34.5,34.5,34.0,34.4,0.4,26,872
2021-06-01,4148,28000,963100,34.9,34.9,34.1,34.2,-0.2,23,867
2021-06-02,4148,39094,1335243,34.2,34.25,34.0,34.2,0.0,29,854
2021-06-03,4148,20000,683650,34.2,34.2,34.1,34.2,0.0,15,892
2021-06-04,4148,14000,480800,34.25,34.5,34.25,34.35,0.15,11,900
2021-06-07,4148,15075,515426,34.2,34.3,34.0,34.15,-0.2,15,892
2021-06-08,4148,2300,78500,34.15,34.15,34.15,34.15,0.0,5,930
2021-06-09,4148,21575,738297,34.1,34.8,34.1,34.2,0.05,20,871
2021-06-10,4148,16030,557505,35.15,35.15,34.25,34.6,0.4,18,886
2021-06-11,4148,33300,1162072,35.2,35.2,34.4,34.9,0.3,26,844
2021-06-15,4148,23000,801950,35.05,35.05,34.65,34.65,-0.25,23,879
2021-06-16,4148,78225,2702243,34.65,34.7,34.35,34.4,-0.25,46,791
2021-06-17,4148,14001,480287,34.2,34.4,34.2,34.4,0.0,12,895
2021-06-18,4148,30000,1032000,34.4,34.45,34.35,34.35,-0.05,20,873
2021-06-21,4148,72010,2428131,34.05,34.05,33.85,34.0,-0.35,44,830
2021-06-22,4148,39001,1322884,34.0,34.35,33.85,34.35,0.35,19,855
2021-06-23,4148,30065,1041270,35.7,35.7,34.35,34.4,0.05,23,870
2021-06-24,4148,24000,820450,34.2,34.7,34.0,34.55,0.15,20,875
2021-06-25,4148,26114,899186,34.1,34.55,34.1,34.4,-0.15,17,881
2021-06-28,4148,16000,550100,34.7,34.7,34.15,34.15,-0.25,16,908
2021-06-29,4148,23002,785568,34.45,34.45,34.0,34.35,0.2,22,887
2021-06-30,4148,28098,962830,34.5,34.5,34.1,34.2,-0.15,50,881
2021-07-01,4148,65042,2229724,34.2,34.8,34.05,34.75,0.55,57,843
2021-07-02,4148,55000,1886900,34.25,34.7,34.1,34.7,-0.05,36,849
2021-07-05,4148,104011,3631688,34.95,35.1,34.6,34.95,0.25,77,801
2021-07-06,4148,226376,8032069,34.6,37.25,34.15,35.45,0.0,181,684
2021-07-07,4148,44000,1540150,35.45,35.45,34.8,34.8,-0.65,36,868
2021-07-08,4148,24169,842230,34.8,35.9,34.55,34.55,-0.25,28,897
2021-07-09,4148,23000,795750,34.55,34.75,34.55,34.75,0.2,8,896
2021-07-12,4148,17000,588700,34.75,34.75,34.4,34.75,0.0,16,914
2021-07-13,4148,19000,652650,34.7,34.7,34.15,34.2,-0.55,18,911
2021-07-14,4148,14061,482336,34.2,34.55,34.15,34.55,0.35,15,904
2021-07-15,4148,20000,683700,34.2,34.45,34.0,34.45,-0.1,17,887
2021-07-16,4148,30002,1024818,34.45,34.45,34.05,34.25,-0.2,19,868
2021-07-19,4148,29152,991333,34.1,34.1,33.9,34.05,-0.2,19,875
2021-07-20,4148,6000,203750,34.65,34.65,33.7,33.95,-0.1,6,926
2021-07-21,4148,33000,1116000,33.95,34.0,33.5,33.8,-0.15,27,876
2021-07-22,4148,28002,941670,33.55,33.9,33.5,33.7,-0.1,26,877
2021-07-23,4148,29000,972050,33.65,33.65,33.4,33.65,-0.05,24,878
2021-07-26,4148,48000,1603250,33.35,33.5,33.35,33.35,-0.3,28,838
2021-07-27,4148,22000,734600,33.3,33.55,33.3,33.35,0.0,16,881
2021-07-28,4148,32000,1055700,33.35,33.35,32.85,33.2,-0.15,24,881
2021-07-29,4148,13000,428500,33.1,33.1,32.85,32.95,-0.25,12,896
2021-07-30,4148,8000,267100,33.0,33.55,33.0,33.55,0.6,7,910
2021-08-02,4148,12000,402750,33.6,33.8,33.15,33.8,0.25,10,898
2021-08-03,4148,7000,237300,34.15,34.15,33.75,33.75,-0.05,7,905
2021-08-04,4148,27000,904950,33.75,33.75,33.5,33.7,-0.05,17,856
2021-08-05,4148,6001,201333,33.55,33.55,33.55,33.55,-0.15,7,917
2021-08-06,4148,3200,108020,33.65,33.8,33.65,33.75,0.2,4,928
2021-08-09,4148,11201,378583,33.8,33.8,33.8,33.8,0.05,10,904
2021-08-10,4148,15000,507000,33.8,33.8,33.8,33.8,0.0,14,885
2021-08-11,4148,115000,3819150,33.8,33.8,32.95,33.45,-0.35,34,772
2021-08-12,4148,5000,167200,33.4,33.45,33.4,33.45,0.0,3,918
2021-08-13,4148,12038,400171,33.4,33.45,33.1,33.45,0.0,12,904
2021-08-16,4148,24000,784300,33.0,33.0,32.5,32.5,-0.95,22,885
2021-08-17,4148,14000,454300,32.5,32.6,32.1,32.55,0.05,12,901
2021-08-18,4148,12000,389550,32.4,32.6,32.4,32.6,0.05,10,906
2021-08-19,4148,26000,838400,32.6,32.9,32.0,32.9,0.3,18,875
2021-08-20,4148,14145,463420,32.85,33.25,32.5,33.25,0.35,16,886
2021-08-23,4148,10000,329600,32.55,33.3,32.55,33.3,0.05,10,903
2021-08-24,4148,10000,324750,33.35,33.35,32.2,32.25,-1.05,9,898
2021-08-25,4148,11020,358456,32.5,32.7,32.25,32.7,0.45,8,903
2021-08-26,4148,6000,197650,32.9,33.35,32.7,33.35,0.65,6,921
2021-08-27,4148,1000,33350,33.35,33.35,33.35,33.35,0.0,1,936
2021-08-30,4148,16940,572982,33.8,34.3,33.7,34.3,0.95,19,880
2021-08-31,4148,12122,408623,33.6,34.0,33.6,33.8,-0.5,13,902
2021-09-01,4148,7278,245484,33.75,33.75,33.7,33.7,-0.1,10,914
2021-09-02,4148,32748,1097463,33.7,34.15,32.7,34.15,0.45,32,828
2021-09-03,4148,39000,1329550,34.15,34.45,33.85,34.3,0.15,34,835
2021-09-06,4148,36000,1236050,34.05,34.6,33.95,34.35,0.05,27,821
2021-09-07,4148,29000,999500,34.35,34.55,34.3,34.5,0.15,16,825
2021-09-08,4148,49000,1659950,34.6,34.6,33.6,33.6,-0.9,48,804
2021-09-09,4148,16000,538000,33.9,33.95,33.2,33.3,-0.3,13,872
2021-09-10,4148,23000,782300,34.05,34.1,33.6,34.0,0.7,23,842
2021-09-13,4148,8000,271200,34.0,34.0,33.75,33.8,-0.2,5,911
2021-09-14,4148,15000,504350,33.8,33.8,33.55,33.6,-0.2,10,879
2021-09-15,4148,11000,369950,34.0,34.0,33.3,33.7,0.1,11,894
2021-09-16,4148,44201,1507982,33.7,35.2,32.85,34.4,0.7,24,788
2021-09-17,4148,9060,308700,34.4,34.4,34.0,34.0,-0.4,10,904
2021-09-22,4148,5000,167800,33.55,33.6,33.55,33.55,-0.45,5,926
2021-09-23,4148,4000,135150,33.75,33.8,33.75,33.8,0.25,2,925
2021-09-24,4148,6300,213940,33.8,34.0,33.8,34.0,0.2,5,921
2021-09-27,4148,17480,593120,34.0,34.0,33.6,33.65,-0.35,8,889
2021-09-28,4148,8000,270550,33.75,34.0,33.75,34.0,0.35,6,913
2021-09-29,4148,52000,1811750,34.0,35.2,34.0,34.75,0.75,43,816
2021-09-30,4148,259490,9486328,35.0,37.9,34.9,37.0,2.25,222,563
2021-10-01,4148,50114,1790143,36.5,36.5,35.1,35.4,-1.6,45,857
2021-10-04,4148,194310,7307772,35.4,38.9,35.4,37.0,1.6,184,664
2021-10-05,4148,462070,17855715,37.0,39.5,37.0,39.35,2.35,319,488
2021-10-06,4148,211010,8219893,39.8,40.2,37.45,37.45,-1.9,164,571
2021-10-07,4148,78090,2916999,38.0,38.05,36.7,37.5,0.05,71,741
2021-10-08,4148,56000,2119250,37.95,38.5,37.4,37.4,-0.1,41,742
2021-10-12,4148,54000,2039950,37.4,38.25,37.4,38.25,0.85,35,772
2021-10-13,4148,90000,3451200,39.0,39.8,37.1,37.1,-1.15,79,701
2021-10-14,4148,16001,589940,37.0,37.0,36.7,36.7,-0.4,15,871
2021-10-15,4148,61000,2277300,37.0,38.0,36.7,37.8,1.1,26,747
2021-10-18,4148,55001,2101688,37.5,38.65,37.35,38.3,0.5,46,735
2021-10-19,4148,386120,15394824,38.5,42.05,38.3,38.7,0.4,248,488
2021-10-20,4148,59005,2308253,39.7,39.85,38.55,39.0,0.3,49,731
2021-10-21,4148,80000,3098150,39.2,39.2,38.15,38.6,-0.4,58,715
2021-10-22,4148,53000,2010500,37.95,38.6,37.0,38.5,-0.1,47,745
2021-10-25,4148,37003,1408217,38.25,38.95,37.8,37.9,-0.6,28,798
2021-10-26,4148,26002,988326,37.95,38.3,37.85,38.3,0.4,18,867
2021-10-27,4148,115000,4370000,38.0,38.15,37.8,38.15,-0.15,41,667
2021-10-28,4148,55000,2070350,37.8,37.8,37.5,37.55,-0.6,32,763
2021-10-29,4148,37000,1390150,37.5,38.0,37.35,37.65,0.1,26,819
2021-11-01,4148,42000,1576400,37.65,37.9,37.4,37.8,0.15,33,820
2021-11-02,4148,56021,2113817,37.8,38.0,37.4,37.8,0.0,41,799
2021-11-03,4148,11000,418950,37.8,38.5,37.8,37.8,0.0,10,898
2021-11-04,4148,17000,645650,38.1,38.1,37.65,38.1,0.3,12,874
2021-11-05,4148,21000,799250,38.0,38.3,38.0,38.3,0.2,19,874
2021-11-08,4148,31584,1223203,39.4,39.5,38.5,38.65,0.35,25,839
2021-11-09,4148,272393,10925150,39.95,41.0,39.0,40.1,1.45,181,585
2021-11-10,4148,97000,3880800,40.15,40.3,39.6,40.0,-0.1,68,739
2021-11-11,4148,433760,17972723,40.8,42.25,39.9,41.85,1.85,243,526
2021-11-12,4148,98046,4072358,42.2,42.5,41.0,41.1,-0.75,76,731
2021-11-15,4148,85201,3549899,41.5,42.2,41.2,41.8,0.7,70,776
2021-11-16,4148,40025,1633075,41.8,41.8,40.5,40.8,-1.0,36,848
2021-11-17,4148,52400,2109039,40.8,40.9,39.95,40.4,-0.4,47,822
2021-11-18,4148,63010,2499746,40.0,40.0,39.35,39.75,-0.65,48,811
2021-11-19,4148,49000,1932950,39.75,40.05,39.3,39.7,-0.05,37,830
2021-11-22,4148,65158,2645968,40.0,41.5,39.85,41.15,1.45,57,783
2021-11-23,4148,657323,28772697,42.1,45.2,42.1,43.15,2.0,502,450
2021-11-24,4148,84228,3547581,43.1,43.3,41.55,42.05,-1.1,87,720
2021-11-25,4148,32089,1354923,42.05,43.0,41.85,42.2,0.15,35,832
2021-11-26,4148,60077,2488987,42.3,42.3,41.0,41.55,-0.65,54,817
2021-11-29,4148,138001,5667891,41.15,41.6,40.1,41.6,0.05,75,703
2021-11-30,4148,75021,3167783,41.9,43.25,41.3,42.3,0.7,70,740
2021-12-01,4148,67101,2826642,42.1,42.7,42.0,42.0,-0.3,41,747
2021-12-02,4148,87020,3611181,42.0,42.0,41.15,41.4,-0.6,82,714
2021-12-03,4148,26000,1077600,41.4,41.55,41.4,41.5,0.1,23,842
2021-12-06,4148,120007,5111737,41.5,43.1,41.45,42.65,1.15,74,657
2021-12-07,4148,116105,5018750,42.7,44.7,42.6,42.85,0.2,85,674
2021-12-08,4148,86052,3627608,42.85,42.85,41.8,42.35,-0.5,59,740
2021-12-09,4148,57098,2406846,42.35,42.35,41.8,41.9,-0.45,54,778
2021-12-10,4148,20118,840944,41.4,42.1,41.25,41.8,-0.1,21,868
2021-12-13,4148,114132,4631160,41.8,41.8,40.3,40.3,-1.5,92,725
2021-12-14,4148,110042,4339158,39.5,40.3,39.0,39.0,-1.3,79,732
2021-12-15,4148,11005,429147,39.0,39.45,38.5,39.45,0.45,12,900
2021-12-16,4148,29000,1150400,39.45,40.0,39.3,39.85,0.4,29,854
2021-12-17,4148,18000,713450,39.85,40.0,39.45,39.95,0.1,15,878
2021-12-20,4148,12000,479050,40.0,40.0,39.9,39.95,0.0,10,901
2021-12-21,4148,25282,1010289,39.95,40.0,39.9,39.9,-0.05,21,854
2021-12-22,4148,11000,435350,39.35,39.7,39.35,39.7,-0.2,10,902
2021-12-23,4148,19000,768450,40.45,40.8,40.2,40.2,0.5,13,877
2021-12-24,4148,20000,792550,39.6,39.75,39.55,39.55,-0.65,13,880
2021-12-27,4148,14012,553680,39.55,39.55,39.5,39.5,-0.05,13,916
2021-12-28,4148,12000,479900,39.9,40.2,39.9,40.2,0.7,10,915
2021-12-29,4148,33100,1317700,40.2,40.2,39.65,40.0,-0.2,27,863
2021-12-30,4148,7000,280500,40.0,40.1,40.0,40.1,0.1,7,927
2022-01-03,4148,31000,1245950,41.1,41.1,39.85,40.05,-0.05,22,870
2022-01-04,4148,17000,676100,40.0,40.0,39.7,39.8,-0.25,17,906
2022-01-05,4148,31100,1225840,39.5,39.5,39.35,39.5,-0.3,25,857
2022-01-06,4148,16000,629650,39.6,39.6,39.15,39.35,-0.15,11,903
2022-01-07,4148,26000,1014000,39.1,40.05,38.5,40.05,0.7,19,886
2022-01-10,4148,31000,1235550,39.9,40.1,39.35,40.1,0.05,24,844
2022-01-11,4148,49159,1968159,40.2,40.5,39.6,39.7,-0.4,50,825
2022-01-12,4148,7000,277750,39.75,39.75,39.6,39.6,-0.1,6,921
2022-01-13,4148,30184,1189344,39.6,39.6,39.1,39.2,-0.4,44,839
2022-01-14,4148,10000,388700,38.55,39.2,38.55,38.95,-0.25,7,921
2022-01-17,4148,15000,581750,38.5,39.0,38.5,39.0,0.05,13,893
2022-01-18,4148,29000,1138850,39.3,40.15,38.8,40.0,1.0,25,828
2022-01-19,4148,94215,3864394,40.8,41.75,40.1,41.1,1.1,92,684
2022-01-20,4148,65081,2707625,40.7,42.15,40.7,41.45,0.35,59,720
2022-01-21,4148,22002,892832,41.45,41.45,40.1,40.55,-0.9,21,889
2022-01-24,4148,18469,740742,40.25,40.85,39.75,40.85,0.3,26,890
2022-01-25,4148,20476,816562,40.2,40.65,39.0,39.85,-1.0,48,896
2022-01-26,4148,25000,994150,38.5,39.9,38.5,39.75,-0.1,15,862
2022-02-07,4148,12009,475962,39.7,39.95,39.2,39.95,0.2,12,907
2022-02-08,4148,45213,1850406,40.8,41.2,40.5,40.9,0.95,55,789
2022-02-09,4148,21000,852900,41.0,41.0,40.5,40.5,-0.4,17,884
2022-02-10,4148,94082,3917316,40.8,42.05,40.8,41.8,1.3,69,700
2022-02-11,4148,85251,3560677,41.8,42.3,41.2,41.8,0.0,79,716
2022-02-14,4148,186100,7937839,41.3,43.0,41.3,43.0,1.2,132,623
2022-02-15,4148,161003,6780079,42.0,43.0,41.25,42.75,-0.25,123,605
2022-02-16,4148,149004,6256271,43.9,43.9,41.0,41.65,-1.1,105,621
2022-02-17,4148,16083,672669,41.5,42.05,41.5,41.95,0.3,79,891
2022-02-18,4148,13000,541050,41.95,42.3,41.4,42.3,0.35,13,892
2022-02-21,4148,22003,929726,42.4,42.55,42.0,42.2,-0.1,21,862
2022-02-22,4148,51003,2155727,42.1,42.6,42.0,42.25,0.05,45,817
2022-02-23,4148,510097,23333453,43.3,46.45,42.7,46.45,4.2,261,420
2022-02-24,4148,1556867,75871600,51.0,51.0,47.0,48.5,2.05,1673,359
2022-02-25,4148,1900985,99108561,48.5,53.3,48.1,51.7,3.2,1131,271
2022-03-01,4148,1642818,88568796,53.2,56.7,52.0,52.5,0.8,1243,281
2022-03-02,4148,1821655,100263475,52.8,57.0,52.0,55.5,3.0,1354,255
2022-03-03,4148,647217,34995512,55.0,55.0,53.1,54.0,-1.5,496,386
2022-03-04,4148,871682,48679657,53.1,57.8,53.1,55.3,1.3,733,344
2022-03-07,4148,566848,29582088,54.5,54.9,50.3,52.4,-2.9,431,484
2022-03-08,4148,1141601,60297892,53.0,56.0,49.5,49.8,-2.6,883,385
2022-03-09,4148,513535,26367890,52.0,52.6,49.6,52.4,2.6,364,428
2022-03-10,4148,3295949,187575709,56.5,57.6,54.3,57.6,5.2,1527,206
2022-03-11,4148,4156169,252777620,58.1,63.2,57.4,61.2,3.6,3132,151
2022-03-14,4148,2968217,191956019,61.2,67.0,60.7,64.2,3.0,2212,182
2022-03-15,4148,3666703,235959771,64.2,67.9,59.3,60.3,-3.9,2763,172
2022-03-16,4148,1519700,94704663,61.9,64.0,60.4,62.2,1.9,1215,260
2022-03-17,4148,1338652,83661537,63.9,64.0,60.5,62.4,0.2,1012,295
2022-03-18,4148,2351941,156649093,63.1,68.6,63.0,68.6,6.2,1712,240
2022-03-21,4148,3499606,239156363,70.1,71.8,65.4,68.7,0.1,2588,165
2022-03-22,4148,3018974,215812087,70.0,73.8,68.1,70.3,1.6,2434,169
2022-03-23,4148,1806876,124542824,71.5,71.9,67.2,67.3,-3.0,1420,251
2022-03-24,4148,1352592,93101821,68.1,70.5,67.4,68.7,1.4,1114,275
2022-03-25,4148,1722681,111229467,68.7,69.0,62.0,63.6,-5.1,1311,270
2022-03-28,4148,1130181,72234157,65.0,66.8,61.2,63.4,-0.2,898,304
2022-03-29,4148,1298102,85252544,64.0,67.6,62.7,65.5,2.1,1126,268
2022-03-30,4148,1204617,75724856,65.0,65.0,62.1,62.7,-2.8,935,304
2022-03-31,4148,473755,29928970,63.3,64.5,62.4,62.4,-0.3,423,405
2022-04-01,4148,670310,42381996,62.0,64.2,62.0,63.3,0.9,569,339
2022-04-06,4148,1866276,125966542,63.8,69.6,63.3,69.6,6.3,1311,238
2022-04-07,4148,4626458,332266921,72.2,74.4,68.5,68.5,-1.1,3563,160
2022-04-08,4148,3522346,259118444,71.9,75.3,71.1,75.3,6.8,2252,155
2022-04-11,4148,2141216,175275282,81.0,82.8,79.8,82.8,7.5,917,232
2022-04-12,4148,10799979,907011298,85.7,88.6,77.7,85.0,2.2,7554,60
2022-04-13,4148,7617198,657827152,85.0,90.3,83.5,84.5,-0.5,5175,69
2022-04-14,4148,5473884,491280192,86.1,92.9,84.0,92.9,8.4,3071,100
2022-04-15,4148,19322878,1800714746,95.0,98.8,87.5,87.5,-5.4,13289,27
2022-04-18,4148,2140488,194240505,85.6,94.7,85.6,94.7,7.2,1630,178
2022-04-19,4148,1290559,115936893,91.0,92.8,89.0,89.2,-5.5,1056,229
2022-04-20,4148,831655,74673349,89.9,91.1,88.1,89.8,0.6,687,295
2022-04-21,4148,1295359,118892674,93.0,94.0,89.0,90.9,1.1,946,240
2022-04-22,4148,1141972,99709079,89.9,91.0,85.0,85.0,-5.9,911,264
2022-04-25,4148,934770,79520871,86.8,86.9,83.0,83.0,-2.0,697,326
2022-04-26,4148,1883754,145725591,84.5,85.0,74.7,74.8,-8.2,1388,221
2022-04-27,4148,1040669,76960255,69.1,77.5,69.1,76.4,1.6,827,323
2022-04-28,4148,1173246,94753713,78.0,82.8,78.0,79.0,2.6,951,239
2022-04-29,4148,695949,54093869,79.1,79.1,76.5,77.3,-1.7,541,288
2022-05-03,4148,1026890,84409431,79.4,84.9,78.5,84.9,7.6,859,225
2022-05-04,4148,1204570,102142895,85.6,87.0,81.7,82.6,-2.3,985,204
2022-05-05,4148,1607829,135119611,83.4,86.6,81.5,82.7,0.1,1287,198
2022-05-06,4148,4229798,357834935,83.9,89.0,80.9,80.9,-1.8,3216,120
2022-05-09,4148,2855593,219751587,82.0,83.4,72.9,72.9,-8.0,2123,174
2022-05-10,4148,1980655,136668230,72.0,72.0,67.0,68.2,-4.7,1520,209
2022-05-11,4148,2055078,141268522,69.0,71.9,66.4,68.6,0.4,1663,198
2022-05-12,4148,2564529,165535685,67.4,67.8,62.4,63.5,-5.1,1943,186
2022-05-13,4148,1239536,80698291,66.0,67.3,63.7,65.1,1.6,1007,250
2022-05-16,4148,1138024,74860571,66.6,67.7,63.6,65.9,0.8,855,257
2022-05-17,4148,2342395,161781711,67.0,71.6,66.6,68.3,2.4,1766,167
2022-05-18,4148,3446199,247580152,68.5,75.1,68.2,71.2,2.9,2438,156
2022-05-19,4148,2218455,151519017,69.0,72.0,65.3,66.4,-4.8,1576,189
2022-05-20,4148,903742,60453322,67.9,67.9,66.0,66.2,-0.2,724,263
2022-05-23,4148,854472,57065633,65.3,68.6,65.2,67.0,0.8,655,276
2022-05-24,4148,965889,64257782,68.0,69.4,64.1,64.6,-2.4,763,267
2022-05-25,4148,489373,32073813,65.2,66.6,64.3,66.0,1.4,392,340
2022-05-26,4148,701515,44960709,66.1,66.2,63.0,63.0,-3.0,573,298
2022-05-27,4148,405938,25895990,63.3,64.4,63.3,63.5,0.5,288,361
2022-05-30,4148,346969,22593652,64.3,65.9,63.8,65.5,2.0,297,424
2022-05-31,4148,1006658,63130421,64.8,65.2,61.0,62.4,-3.1,841,278
2022-06-01,4148,452055,28596779,62.5,64.1,62.5,63.0,0.6,333,390
2022-06-02,4148,380799,23563938,62.3,63.0,61.3,61.8,-1.2,346,386
2022-06-06,4148,277469,17000921,60.9,62.3,60.5,61.4,-0.4,223,427
2022-06-07,4148,232538,14195691,61.4,62.0,60.5,61.6,0.2,198,444
2022-06-08,4148,252235,15607041,62.7,62.9,61.0,61.0,-0.6,228,443
2022-06-09,4148,282070,17183047,60.9,62.1,60.2,61.2,0.2,232,429
2022-06-10,4148,430154,25749710,61.5,61.5,59.0,59.8,-1.4,351,382
2022-06-13,4148,512696,29527311,58.3,59.4,56.6,56.8,-3.0,394,423
2022-06-14,4148,364840,20807836,56.9,58.3,56.0,56.6,-0.2,299,448
2022-06-15,4148,290792,16256002,56.6,57.0,55.3,55.5,-1.1,233,473
2022-06-16,4148,293687,16124275,56.9,56.9,54.0,54.1,-1.4,258,490
2022-06-17,4148,281405,15226539,53.5,55.1,53.0,54.2,0.1,245,505
2022-06-20,4148,428842,22437271,55.1,55.3,51.2,51.3,-2.9,347,484
2022-06-21,4148,500408,26858717,51.8,55.2,51.5,54.1,2.8,403,417
2022-06-22,4148,685604,35874828,54.2,55.5,51.0,51.3,-2.8,518,364
2022-06-23,4148,280244,13914739,50.0,50.7,48.8,49.3,0.0,237,512
2022-06-24,4148,197296,9796690,49.35,50.7,48.9,49.25,-0.05,151,569
2022-06-27,4148,209951,10663876,49.9,51.2,49.9,50.5,1.25,173,545
2022-06-28,4148,212272,10495574,51.5,51.5,49.0,49.05,-1.45,178,471
2022-06-29,4148,170297,8280863,49.05,49.4,47.8,49.0,-0.05,143,510
2022-06-30,4148,305334,14429440,48.5,48.5,46.55,46.95,-2.05,254,539
2022-07-01,4148,358187,16228110,46.65,46.85,44.25,44.25,-2.7,267,546
2022-07-04,4148,321858,14926226,44.55,47.4,44.55,47.0,2.75,318,485
2022-07-05,4148,263396,12268928,46.6,47.95,45.6,46.65,-0.35,195,506
2022-07-06,4148,238389,10822855,46.5,46.5,44.6,45.0,-1.65,206,521
2022-07-07,4148,203271,10038410,49.35,49.5,48.0,49.5,4.5,140,537
2022-07-08,4148,373769,20329733,54.4,54.4,53.6,54.4,4.9,208,430
2022-07-11,4148,3232355,181588758,57.8,59.3,53.1,54.9,0.5,2329,151
2022-07-12,4148,1116175,59041390,55.5,55.6,51.5,52.5,-2.4,876,288
2022-07-13,4148,957512,50600802,53.4,54.9,51.8,52.1,-0.4,680,307
2022-07-14,4148,489254,25258158,52.5,52.7,50.8,52.1,0.0,380,365
2022-07-15,4148,634790,32039734,52.0,52.1,49.45,49.45,-2.65,507,355
2022-07-18,4148,806395,40779022,49.45,52.7,47.75,51.3,1.85,617,337
2022-07-19,4148,1362717,74520239,50.5,56.4,50.5,56.4,5.1,896,263
2022-07-20,4148,2494126,143285887,59.4,59.4,56.0,56.1,-0.3,1790,224
2022-07-21,4148,1733803,100115367,56.1,59.9,54.0,58.5,2.4,1344,238
2022-07-22,4148,966800,55632175,58.0,58.8,56.4,56.4,-2.1,1026,294
2022-07-25,4148,3735290,226945263,57.4,62.0,57.4,60.2,3.8,2452,129
2022-07-26,4148,1625008,96318824,58.9,61.7,57.4,58.0,-2.2,1317,219
2022-07-27,4148,1607768,96399724,58.5,61.6,58.5,59.2,1.2,1245,212
2022-07-28,4148,3177292,197975974,60.0,64.5,59.5,62.7,3.5,2122,157
2022-07-29,4148,2454308,155779819,62.7,64.8,62.1,64.4,1.7,1665,189
2022-08-01,4148,2235838,141290174,65.0,65.4,61.6,62.0,-2.4,1689,184
2022-08-02,4148,1490805,88801018,62.0,62.0,57.5,58.4,-3.6,1137,251
2022-08-03,4148,750624,43827917,58.3,59.4,57.3,57.7,-0.7,584,318
2022-08-04,4148,2467188,151416490,61.0,63.0,59.7,60.4,2.7,1783,183
2022-08-05,4148,1229987,75995421,60.4,63.3,60.4,61.0,0.6,931,248
2022-08-08,4148,712257,42322970,60.6,61.0,58.5,59.7,-1.3,521,310
2022-08-09,4148,355667,21115422,59.0,60.0,58.6,60.0,0.3,282,412
2022-08-10,4148,1078441,66261703,60.0,62.5,60.0,61.0,1.0,816,278
2022-08-11,4148,419170,25515335,61.5,62.4,60.3,60.7,-0.3,361,435
2022-08-12,4148,990124,61171669,60.5,62.9,60.1,61.3,0.6,730,305
2022-08-15,4148,1274876,80127585,61.5,64.2,61.3,62.7,1.4,911,275
2022-08-16,4148,815807,50653195,63.0,63.0,61.0,62.3,-0.4,575,327
2022-08-17,4148,3049026,199404927,62.7,68.4,62.4,64.0,1.7,2205,181
2022-08-18,4148,2382897,157726111,64.0,68.0,63.2,65.7,1.7,1726,193
2022-08-19,4148,1433393,94349702,67.4,67.5,64.4,64.4,-1.3,1128,246
2022-08-22,4148,4040676,278582607,64.0,70.8,64.0,70.8,6.4,2480,129
2022-08-23,4148,5122401,353544447,72.2,73.5,66.5,67.8,-3.0,3598,98
2022-08-24,4148,2492325,170292649,69.0,70.2,67.1,67.2,-0.6,1729,180
2022-08-25,4148,1226796,82138458,67.8,68.0,66.1,66.7,-0.5,975,263
2022-08-26,4148,1774695,121397384,68.3,70.0,67.1,67.2,0.5,1418,228
2022-08-29,4148,833001,54879299,65.8,66.9,65.3,65.5,-1.7,630,311
2022-08-30,4148,762143,50905760,66.1,67.6,65.9,66.7,1.2,717,293
2022-08-31,4148,4513208,316534412,68.0,72.3,67.9,68.4,1.7,3270,123
2022-09-01,4148,6156571,444656490,68.9,75.0,68.9,71.8,3.4,4524,95
2022-09-02,4148,5305713,382912877,73.0,74.7,69.4,70.0,-1.8,3879,98
2022-09-05,4148,1403613,98201946,70.2,71.7,68.5,68.8,-1.2,1191,236
2022-09-06,4148,7697702,572912212,75.3,75.6,72.4,73.5,4.7,4783,68
2022-09-07,4148,5078577,367655518,73.9,75.4,69.6,70.7,-2.8,3777,95
2022-09-08,4148,2478286,176936616,71.1,73.2,69.3,73.0,2.3,1786,167
2022-09-12,4148,1886534,138103560,73.5,75.0,72.1,73.0,0.0,1538,204
2022-09-13,4148,3229509,235746114,73.5,75.4,70.7,71.2,-1.8,2399,143
2022-09-14,4148,985317,69465090,68.8,71.5,68.8,71.5,0.3,872,277
2022-09-15,4148,1253969,89554006,71.6,72.9,69.2,69.8,-1.7,1090,253
2022-09-16,4148,4619255,338169764,71.0,74.5,70.3,73.0,3.2,3458,138
2022-09-19,4148,3153432,224852529,75.1,75.1,69.0,69.0,-4.0,2755,137
2022-09-20,4148,1472159,100403274,69.3,70.4,66.6,67.2,-1.8,1185,204
2022-09-21,4148,694784,46850062,67.2,68.5,66.8,66.8,-0.4,568,305
2022-09-22,4148,629090,42089586,67.0,68.2,66.0,66.4,-0.4,508,315
2022-09-23,4148,1174775,79188143,67.4,68.8,66.1,66.4,0.0,901,242
2022-09-26,4148,1724862,105625750,66.0,66.0,59.8,59.9,-6.5,1291,252
2022-09-27,4148,777913,46625858,61.1,61.1,58.3,60.4,0.5,583,302
2022-09-28,4148,1050463,59988349,59.0,60.1,55.4,55.7,-4.7,1091,310
2022-09-29,4148,838813,48545909,57.2,59.1,56.7,58.0,2.3,632,295
2022-09-30,4148,610116,34811001,57.7,58.8,55.3,58.8,0.8,413,327
2022-10-03,4148,266470,15515383,57.4,59.3,57.4,58.5,-0.3,226,409
2022-10-04,4148,435394,26144530,61.0,61.0,59.1,60.5,2.0,326,343
2022-10-05,4148,480171,29049188,60.9,61.7,59.6,60.3,-0.2,348,356
2022-10-06,4148,968261,59464974,62.5,62.7,60.0,61.0,0.7,692,256
2022-10-07,4148,433364,26283583,61.0,61.9,59.6,60.1,-0.9,328,336
2022-10-11,4148,415678,23513224,59.4,59.4,55.8,56.2,-3.9,331,418
2022-10-12,4148,341445,18990301,57.0,57.0,54.8,55.9,-0.3,307,400
2022-10-13,4148,856780,45086708,56.0,56.0,51.2,51.6,-4.3,607,345
2022-10-14,4148,269512,14450856,53.2,54.2,53.1,53.4,1.8,213,462
2022-10-17,4148,380345,19707674,52.0,53.2,50.6,53.2,-0.2,280,397
2022-10-18,4148,219128,11708384,54.6,54.6,52.7,53.6,0.4,174,449
2022-10-19,4148,248954,13406981,54.2,54.4,53.4,53.6,0.0,202,432
2022-10-20,4148,430050,22407937,53.7,54.7,51.0,51.8,-1.8,423,464
2022-10-21,4148,347424,18064102,52.4,53.3,51.1,51.1,-0.7,283,397
2022-10-24,4148,375212,19671541,52.0,53.5,51.2,51.8,0.7,312,367
2022-10-25,4148,278498,14404823,52.2,52.2,51.3,52.0,0.2,179,415
2022-10-26,4148,290225,14905670,52.3,52.8,50.7,50.8,-1.2,219,391
2022-10-27,4148,254191,13171036,51.3,52.3,51.1,52.1,1.3,180,420
2022-10-28,4148,341980,17595565,52.5,53.4,50.6,50.7,-1.4,275,365
2022-10-31,4148,414559,21760630,52.0,53.4,51.3,52.7,2.0,348,326
2022-11-01,4148,394362,21382805,52.6,55.1,52.5,54.4,1.7,360,338
2022-11-02,4148,244652,13321235,55.0,55.0,53.8,54.1,-0.3,255,426
2022-11-03,4148,142080,7665821,53.1,54.5,53.0,54.2,0.1,114,484
2022-11-04,4148,248875,13738660,54.0,55.9,53.9,55.5,1.3,196,421
2022-11-07,4148,272243,15258538,55.7,56.5,55.3,56.0,0.5,199,441
2022-11-08,4148,363925,20778466,56.3,57.7,56.3,57.1,1.1,257,413
2022-11-09,4148,223363,12743738,57.4,57.5,56.6,56.8,-0.3,168,494
2022-11-10,4148,220369,12397752,56.8,57.3,55.6,56.5,-0.3,210,471
2022-11-11,4148,660903,37245453,57.0,58.0,55.4,56.4,-0.1,566,380
2022-11-14,4148,183959,10492952,56.8,57.5,56.4,56.9,0.5,162,559
2022-11-15,4148,679050,38708415,58.0,59.1,55.3,55.8,-1.1,520,352
2022-11-16,4148,1680432,99181157,56.6,60.8,56.6,60.0,4.2,1317,251
2022-11-17,4148,1222269,74482789,59.4,62.6,59.0,60.8,0.8,984,270
2022-11-18,4148,942189,58376902,61.6,63.9,60.0,62.0,1.2,657,298
2022-11-21,4148,497281,30518605,62.9,62.9,60.5,60.5,-1.5,371,337
2022-11-22,4148,444178,26839668,61.0,62.1,59.1,59.1,-1.4,404,347
2022-11-23,4148,372302,22471371,59.5,61.4,59.3,60.5,1.4,288,375
2022-11-24,4148,212772,12867664,61.4,61.4,60.0,60.3,-0.2,167,479
2022-11-25,4148,266605,16063641,60.5,61.5,59.1,59.1,-1.2,225,468
2022-11-28,4148,188252,11149077,58.3,60.1,57.6,59.8,0.7,154,488
2022-11-29,4148,588260,34522729,60.3,60.6,58.0,59.0,-0.8,420,340
2022-11-30,4148,220173,13189265,59.0,60.6,58.9,59.8,0.8,191,543
2022-12-01,4148,437845,26663019,60.4,62.0,59.8,60.6,0.8,343,451
2022-12-02,4148,340559,20871232,61.0,61.8,60.9,61.2,0.6,234,452
2022-12-05,4148,423500,26352264,61.3,63.2,61.3,62.0,0.8,352,428
2022-12-06,4148,473265,29132024,62.1,63.4,60.0,60.1,-1.9,402,412
2022-12-07,4148,488892,29646390,60.7,61.9,59.7,60.0,-0.1,380,400
2022-12-08,4148,118231,7077161,61.0,61.0,59.5,60.0,0.0,108,544
2022-12-09,4148,208029,12481638,60.3,60.6,59.6,59.8,-0.2,169,499
2022-12-12,4148,220538,13048456,60.7,60.8,58.4,59.4,-0.4,179,485
2022-12-13,4148,382382,23240092,59.8,61.7,59.4,60.2,0.8,312,434
2022-12-14,4148,209642,12571060,60.5,60.6,59.5,59.7,-0.5,179,510
2022-12-15,4148,142381,8451187,60.0,60.0,59.0,59.2,-0.5,118,555
2022-12-16,4148,391387,22629226,59.0,59.2,57.0,57.0,-2.2,329,457
2022-12-19,4148,193644,10890056,57.1,57.1,55.6,55.9,-1.1,171,507
2022-12-20,4148,206324,11241332,56.3,56.3,53.5,53.9,-2.0,189,566
2022-12-21,4148,101708,5554467,55.0,55.6,54.0,54.0,0.1,101,577
2022-12-22,4148,175342,9633309,54.2,55.5,54.2,55.3,1.3,137,483
2022-12-23,4148,54180,2965741,54.5,55.4,54.3,54.7,-0.6,52,655
2022-12-26,4148,116066,6418761,54.6,55.7,54.6,55.0,0.3,104,516
2022-12-27,4148,99841,5556026,55.7,56.1,55.2,55.5,0.5,96,549
2022-12-28,4148,134126,7396509,56.0,56.2,54.1,54.2,-1.3,119,559
2022-12-29,4148,98126,5258528,54.0,54.0,53.3,53.8,-0.4,107,595
2022-12-30,4148,84479,4556101,54.8,54.8,53.7,53.7,-0.1,76,582
2023-01-03,4148,64324,3444315,54.0,54.0,53.2,53.5,-0.2,100,626
2023-01-04,4148,80054,4340467,54.3,54.7,53.7,54.0,0.5,68,595
2023-01-05,4148,170005,9367578,54.5,55.8,54.4,55.3,1.3,142,496
2023-01-06,4148,118200,6470804,55.3,55.3,54.5,54.7,-0.6,100,520
2023-01-09,4148,85199,4674710,55.6,55.6,54.4,55.0,0.3,79,661
2023-01-10,4148,70293,3842315,55.0,55.0,54.4,54.6,-0.4,70,662
2023-01-11,4148,587279,33687848,56.0,58.3,55.1,57.4,2.8,529,323
2023-01-12,4148,180170,10231200,57.6,57.6,56.3,56.3,-1.1,161,476
2023-01-13,4148,107835,6065990,56.7,56.8,55.8,56.5,0.2,96,556
2023-01-16,4148,66195,3724082,56.5,56.7,55.7,56.5,0.0,65,634
2023-01-17,4148,93026,5211154,56.3,56.5,55.7,55.9,-0.6,81,571
2023-01-30,4148,119313,6756841,56.1,57.3,55.9,56.9,1.0,93,630
2023-01-31,4148,214060,12406437,57.3,58.4,57.2,58.4,1.5,171,521
2023-02-01,4148,681259,41261861,58.7,61.6,58.7,60.5,2.1,495,380
2023-02-02,4148,305303,18570337,61.2,61.6,60.1,61.4,0.9,251,496
2023-02-03,4148,638926,40275006,61.4,64.2,61.0,64.1,2.7,615,372
2023-02-06,4148,1003742,65650419,64.2,66.9,63.8,66.0,1.9,767,281
2023-02-07,4148,722902,48402059,66.0,67.9,65.7,67.0,1.0,618,321
2023-02-08,4148,277855,18422584,67.2,67.5,65.8,65.8,-1.2,274,469
2023-02-09,4148,179905,11862202,66.5,66.6,65.3,65.8,0.0,148,515
2023-02-10,4148,356703,23558399,66.0,66.9,65.4,65.8,0.0,256,446
2023-02-13,4148,251579,16797992,65.9,67.5,65.9,66.4,0.6,204,467
2023-02-14,4148,157367,10444533,66.6,66.8,66.1,66.2,-0.2,135,521
2023-02-15,4148,232377,15220041,67.0,67.0,65.0,65.5,-0.7,171,478
2023-02-16,4148,797581,53825807,65.8,68.7,65.6,68.2,2.7,527,302
2023-02-17,4148,2136042,151559840,67.6,73.1,67.6,72.1,3.9,1487,184
2023-02-20,4148,828083,58997547,72.2,72.8,69.7,70.9,-1.2,1055,334
2023-02-21,4148,571272,39681509,70.9,70.9,69.0,69.0,-1.9,467,379
2023-02-22,4148,325438,22347082,69.1,69.5,67.9,69.1,0.1,251,470
2023-02-23,4148,274478,18848649,69.3,69.9,68.2,68.2,-0.9,198,512
2023-02-24,4148,418836,28211079,69.0,69.0,66.4,67.2,-1.0,325,461
2023-03-01,4148,193417,13015670,67.3,68.2,66.6,67.0,-0.2,218,563
2023-03-02,4148,290391,19803709,67.1,69.0,67.0,69.0,2.0,242,468
2023-03-03,4148,395422,27480328,68.8,70.3,68.3,70.2,1.2,291,450
2023-03-06,4148,323602,22319971,69.8,70.0,68.5,68.8,-1.4,292,519
2023-03-07,4148,119300,8189076,68.8,69.3,68.2,68.3,-0.5,117,678
2023-03-08,4148,358501,24222908,68.8,68.8,67.1,67.7,-0.6,266,505
2023-03-09,4148,212853,14310192,67.9,68.1,66.5,66.5,-1.2,273,604
2023-03-10,4148,302774,19888026,67.7,67.7,65.0,65.2,-1.3,309,567
2023-03-13,4148,252320,16312183,65.0,65.3,64.0,64.6,-0.6,158,581
2023-03-14,4148,283357,18535233,65.0,66.7,64.8,65.2,0.6,177,491
2023-03-15,4148,189210,12482958,66.0,66.5,65.2,65.5,0.3,132,556
2023-03-16,4148,230257,14924932,66.6,66.6,63.8,63.8,-1.7,183,600
2023-03-17,4148,94221,6032230,64.3,64.4,63.6,64.4,0.6,126,660
2023-03-20,4148,133020,8679280,64.4,66.2,64.1,65.9,1.5,122,574
2023-03-21,4148,196365,13104615,65.6,67.3,65.6,67.0,1.1,151,538
2023-03-22,4148,269975,18387674,67.5,69.0,67.5,67.7,0.7,229,516
2023-03-23,4148,1220836,79573458,66.5,66.7,63.3,65.8,-1.9,850,289
2023-03-24,4148,338704,22096983,66.5,66.5,64.5,65.2,-0.6,248,492
2023-03-27,4148,235336,15558185,65.2,67.1,64.8,65.6,0.4,173,537
2023-03-28,4148,215318,13942824,66.5,66.5,64.1,64.5,-1.1,166,562
2023-03-29,4148,157001,10255870,64.5,65.9,64.5,65.2,0.7,112,581
2023-03-30,4148,236460,15541283,65.8,66.3,65.0,65.6,0.4,177,499
2023-03-31,4148,318268,21111195,66.0,67.1,65.3,65.9,0.3,233,456
2023-04-06,4148,353266,23702660,66.4,67.7,65.9,67.1,1.2,257,468
2023-04-07,4148,335420,22472938,68.0,68.0,66.5,67.4,0.3,236,451
2023-04-10,4148,1017736,70307921,70.0,71.0,67.9,68.0,0.6,820,299
2023-04-11,4148,848131,58577446,68.5,70.3,68.2,68.4,0.4,584,343
2023-04-12,4148,375448,25653211,69.2,69.5,67.9,68.3,-0.1,316,501
2023-04-13,4148,301715,20496614,68.3,69.0,67.0,67.0,-1.3,243,529
2023-04-14,4148,280700,18816220,67.3,67.8,66.2,66.2,-0.8,206,533
2023-04-17,4148,208850,13933819,66.5,67.6,66.2,66.4,0.2,164,608
2023-04-18,4148,226434,15133071,66.6,67.5,66.2,66.4,0.0,180,592
2023-04-19,4148,408853,27664292,66.6,68.2,66.6,67.9,1.5,331,498
2023-04-20,4148,689544,45362087,68.0,68.0,64.9,65.0,-2.9,595,428
2023-04-21,4148,545798,34301049,64.9,65.1,61.6,61.6,-3.4,399,483
2023-04-24,4148,180058,11305334,62.4,63.1,62.2,62.7,1.1,127,558
2023-04-25,4148,317230,19544823,63.0,63.0,60.5,61.0,-1.7,212,540
2023-04-26,4148,120192,7345806,61.0,61.9,60.5,61.7,0.7,91,626
2023-04-27,4148,201752,12625431,62.0,63.8,61.7,62.2,0.5,150,514
2023-04-28,4148,173271,10932089,63.4,63.4,62.7,63.4,1.2,135,557
2023-05-02,4148,193751,12513800,63.8,65.8,63.5,65.5,2.1,141,561
2023-05-03,4148,160477,10353703,65.1,65.4,64.1,64.1,-1.4,116,562
2023-05-04,4148,100156,6490858,64.9,65.4,64.5,64.8,0.7,81,638
2023-05-05,4148,162070,10418819,65.5,65.5,63.6,63.6,-1.2,122,560
2023-05-08,4148,181657,11517750,63.7,64.3,62.7,63.0,-0.6,120,556
2023-05-09,4148,168728,10517132,63.3,63.3,62.0,62.0,-1.0,123,584
2023-05-10,4148,637653,38770016,61.0,63.0,59.0,62.6,0.6,401,367
2023-05-11,4148,266068,16439216,62.2,62.8,60.5,61.5,-1.1,181,578
2023-05-12,4148,392558,23210562,60.1,60.1,58.6,59.0,-2.5,327,433
2023-05-15,4148,313603,17872235,58.0,58.0,56.3,56.8,-2.2,267,485
2023-05-16,4148,340645,19904261,56.8,60.2,56.8,57.9,1.1,267,490
2023-05-17,4148,141110,8293112,58.0,59.5,57.6,59.3,1.4,118,678
2023-05-18,4148,314708,18266139,60.1,60.1,57.1,57.7,-1.6,224,518
2023-05-19,4148,314050,17788459,58.1,58.2,55.8,56.8,-0.9,201,511
2023-05-22,4148,113101,6473685,56.8,57.7,56.8,57.1,0.3,92,657
2023-05-23,4148,116106,6676195,57.4,57.9,57.1,57.3,0.2,92,667
2023-05-24,4148,57000,3271900,57.2,57.7,57.0,57.4,0.1,50,780
2023-05-25,4148,160809,9248546,57.7,58.4,57.0,58.2,0.8,142,606
2023-05-26,4148,249828,14403077,57.6,58.7,56.9,56.9,-1.3,211,569
2023-05-29,4148,170092,9684753,57.5,57.5,56.5,56.8,-0.1,101,617
2023-05-30,4148,53050,3025955,56.9,57.5,56.9,57.0,0.2,44,756
2023-05-31,4148,57589,3306586,57.1,57.7,57.1,57.5,0.5,55,757
2023-06-01,4148,89641,5167914,57.8,57.9,57.5,57.5,0.0,72,710
2023-06-02,4148,103360,5948086,57.9,58.1,57.2,57.4,-0.1,87,721
2023-06-05,4148,104050,6054000,57.6,58.5,57.5,58.3,0.9,80,725
2023-06-06,4148,62549,3641341,59.0,59.0,57.9,58.2,-0.1,77,768
2023-06-07,4148,82040,4795036,58.5,58.7,58.3,58.4,0.2,64,762
2023-06-08,4148,363335,21857075,59.1,60.9,59.1,60.4,2.0,279,526
2023-06-09,4148,205102,12396775,60.6,61.0,59.6,60.9,0.5,164,614
2023-06-12,4148,87420,5269522,60.3,61.2,59.9,60.5,-0.4,85,759
2023-06-13,4148,65160,3904232,60.8,60.8,59.4,59.7,-0.8,63,783
2023-06-14,4148,80000,4775800,60.2,60.2,59.3,59.3,-0.4,59,752
2023-06-15,4148,62160,3679379,60.0,60.0,58.9,59.1,-0.2,61,788
2023-06-16,4148,74000,4358100,58.9,59.3,58.7,58.7,-0.4,62,785
2023-06-19,4148,74195,4390134,58.8,59.5,58.8,59.1,0.4,59,766
2023-06-20,4148,177000,10346500,58.9,59.8,56.0,59.2,0.1,152,618
