date,stock_id,Trading_Volume,Trading_money,open,max,min,close,spread,Trading_turnover,Trading_money_rank
2017-12-05,4155,4784000,159860600,34.5,35.4,30.7,34.9,0.0,2384,160
2017-12-06,4155,1946120,66340709,34.5,36.0,33.0,35.5,0.6,1290,242
2017-12-07,4155,1260000,43534800,35.0,35.5,33.4,33.4,-2.1,758,267
2017-12-08,4155,1038277,33503617,32.95,33.95,31.7,32.0,-1.4,512,300
2017-12-11,4155,646400,20518918,32.0,32.3,31.5,31.55,-0.45,369,353
2017-12-12,4155,904004,27710978,31.4,31.5,30.05,31.1,-0.45,488,315
2017-12-13,4155,275485,8505577,30.9,31.2,30.65,31.0,-0.1,189,467
2017-12-14,4155,321188,9956771,31.0,31.3,30.7,31.05,0.05,225,461
2017-12-15,4155,1439168,47309284,31.4,34.15,31.35,34.15,3.1,888,254
2017-12-18,4155,962613,32236023,33.7,34.5,32.8,33.4,-0.75,652,287
2017-12-19,4155,282004,9277082,33.5,33.55,32.6,32.65,-0.75,208,450
2017-12-20,4155,309000,10235150,32.55,33.9,32.55,32.9,0.25,206,432
2017-12-21,4155,262000,8590600,33.1,33.3,32.6,32.6,-0.3,170,469
2017-12-22,4155,169363,5505292,32.6,32.9,32.3,32.35,-0.25,128,525
2017-12-25,4155,139000,4472850,32.5,32.55,32.05,32.05,-0.3,105,569
2017-12-26,4155,237002,7458118,31.6,31.8,31.1,31.1,-0.95,162,520
2017-12-27,4155,178000,5552300,31.3,31.6,31.0,31.0,-0.1,106,526
2017-12-28,4155,270022,8370927,31.1,31.5,30.75,30.95,-0.05,176,487
2017-12-29,4155,109117,3397732,30.95,31.3,30.95,31.3,0.35,70,641
2018-01-02,4155,131103,4090723,31.4,31.5,31.0,31.0,-0.3,97,629
2018-01-03,4155,129104,3999524,31.0,31.3,30.8,30.9,-0.1,93,652
2018-01-04,4155,244105,7553643,31.0,31.3,30.85,30.85,-0.05,111,554
2018-01-05,4155,363071,11562893,31.0,32.75,31.0,31.6,0.75,243,504
2018-01-08,4155,274014,8559235,31.5,31.95,30.9,31.5,-0.1,166,590
2018-01-09,4155,140000,4356950,31.5,31.6,31.0,31.05,-0.45,83,644
2018-01-10,4155,127500,3937349,31.1,31.2,30.6,30.9,-0.15,101,658
2018-01-11,4155,234003,7102641,30.75,30.95,30.2,30.3,-0.6,152,562
2018-01-12,4155,71000,2156400,30.4,30.7,30.25,30.3,0.0,61,724
2018-01-15,4155,310001,9353030,30.1,31.0,29.8,30.3,0.0,192,515
2018-01-16,4155,240204,7373969,30.25,31.15,30.25,30.5,0.2,176,560
2018-01-17,4155,158265,4803869,30.6,30.7,30.15,30.4,-0.1,108,650
2018-01-18,4155,190000,5728950,30.65,30.65,30.05,30.1,-0.3,113,627
2018-01-19,4155,165000,4956600,30.1,30.15,30.0,30.0,-0.1,95,615
2018-01-22,4155,133126,3999591,30.05,30.3,30.0,30.1,0.1,87,664
2018-01-23,4155,155126,4687197,30.3,30.6,30.05,30.15,0.05,104,629
2018-01-24,4155,89000,2679750,30.15,30.25,30.0,30.25,0.1,58,681
2018-01-25,4155,103000,3111700,30.1,30.45,30.05,30.35,0.1,62,669
2018-01-26,4155,127596,3848289,30.4,30.45,30.0,30.4,0.05,66,626
2018-01-29,4155,102202,3097800,30.4,30.55,30.2,30.2,-0.2,64,650
2018-01-30,4155,198001,5958930,30.25,30.25,30.0,30.1,-0.1,52,556
2018-01-31,4155,70104,2103430,30.1,30.1,29.9,29.95,-0.15,49,708
2018-02-01,4155,185000,5543500,29.95,30.1,29.9,29.9,-0.05,85,540
2018-02-02,4155,178094,5238827,29.8,29.8,29.3,29.3,-0.6,134,524
2018-02-05,4155,118053,3395987,29.25,29.25,28.6,28.75,-0.55,94,667
2018-02-06,4155,269214,7304566,28.45,28.45,26.2,26.7,-2.05,172,698
2018-02-07,4155,143100,3938434,26.95,27.8,26.95,27.6,0.9,70,661
2018-02-08,4155,73060,2002511,27.6,27.6,27.2,27.5,-0.1,45,685
2018-02-09,4155,169051,4447523,27.2,27.2,25.55,26.7,-0.8,106,659
2018-02-12,4155,59100,1580618,26.55,26.95,26.55,26.95,0.25,53,753
2018-02-21,4155,114000,3135800,27.1,27.9,27.1,27.3,0.35,62,665
2018-02-22,4155,77373,2122207,27.3,27.8,27.3,27.75,0.45,47,667
2018-02-23,4155,42245,1180021,27.8,28.0,27.8,28.0,0.25,27,762
2018-02-26,4155,64003,1795934,28.0,28.5,27.8,27.9,-0.1,43,728
2018-02-27,4155,69000,1916950,27.9,28.1,27.5,27.5,-0.4,36,712
2018-03-01,4155,34012,929629,27.5,27.5,27.15,27.2,-0.3,30,772
2018-03-02,4155,40000,1078900,27.0,27.1,26.9,26.95,-0.25,37,747
2018-03-05,4155,71000,1914250,27.0,27.05,26.85,26.9,-0.05,49,712
2018-03-06,4155,58100,1557085,26.9,26.95,26.65,26.85,-0.05,41,720
2018-03-07,4155,594330,17275535,26.85,29.5,26.85,29.5,2.65,408,378
2018-03-08,4155,378000,10880000,28.7,29.3,28.5,28.75,-0.75,309,455
2018-03-09,4155,100002,2891208,28.75,29.15,28.75,29.05,0.3,82,665
2018-03-12,4155,113201,3252338,29.1,29.2,28.5,28.55,-0.5,73,680
2018-03-13,4155,88202,2537607,28.55,28.95,28.55,28.8,0.25,69,695
2018-03-14,4155,65037,1882087,28.5,29.3,28.5,29.3,0.5,43,698
2018-03-15,4155,795751,24678954,29.6,32.0,29.3,32.0,2.7,540,330
2018-03-16,4155,417224,13103345,31.3,31.95,31.05,31.4,-0.6,300,477
2018-03-19,4155,342000,10923800,31.5,32.2,31.5,31.7,0.3,235,471
2018-03-20,4155,363155,11578755,31.1,32.7,31.0,32.6,0.9,260,430
2018-03-21,4155,609070,20114964,32.55,34.0,32.35,32.5,-0.1,396,379
2018-03-22,4155,443762,14153401,32.15,32.5,31.4,31.5,-1.0,272,440
2018-03-23,4155,290040,8981181,30.6,31.3,30.6,30.95,-0.55,160,536
2018-03-26,4155,189449,6022303,31.4,31.95,31.0,31.95,1.0,163,570
2018-03-27,4155,250075,8085650,32.55,32.9,32.0,32.0,0.05,180,531
2018-03-28,4155,96115,3047995,32.0,32.0,31.6,31.7,-0.3,76,653
2018-03-29,4155,675530,22202897,31.75,33.7,31.75,32.7,1.0,426,357
2018-03-30,4155,293150,9480645,32.7,32.7,32.05,32.3,-0.4,206,495
2018-03-31,4155,220075,7125564,32.1,32.75,32.1,32.15,-0.15,130,492
2018-04-02,4155,209061,6837276,32.25,33.25,32.2,32.4,0.25,137,569
2018-04-03,4155,288811,9432743,32.15,32.95,32.0,32.8,0.4,194,496
2018-04-09,4155,1178211,40403348,33.45,35.5,33.0,34.6,1.8,741,292
2018-04-10,4155,734002,24563314,34.35,34.55,32.5,32.6,-2.0,482,390
2018-04-11,4155,447080,14299904,32.6,32.9,31.25,32.25,-0.35,283,463
2018-04-12,4155,297060,9447061,32.25,32.5,31.55,31.55,-0.7,205,500
2018-04-13,4155,119330,3772978,31.5,31.9,31.5,31.55,0.0,87,651
2018-04-16,4155,180000,5594400,31.55,31.55,30.9,30.95,-0.6,122,571
2018-04-17,4155,289404,8744772,30.8,30.8,29.95,29.95,-1.0,183,517
2018-04-18,4155,108360,3323130,30.0,31.2,30.0,30.75,0.8,88,637
2018-04-19,4155,171000,5321850,30.75,31.45,30.75,31.1,0.35,102,557
2018-04-20,4155,78002,2427212,31.2,31.35,31.0,31.05,-0.05,56,676
2018-04-23,4155,81120,2504864,31.0,31.05,30.4,30.95,-0.1,69,692
2018-04-24,4155,177201,5368980,30.65,30.65,30.1,30.2,-0.75,118,614
2018-04-25,4155,73163,2199222,30.2,30.4,29.9,30.1,-0.1,62,710
2018-04-26,4155,90066,2734469,30.2,30.7,30.0,30.1,0.0,70,689
2018-04-27,4155,83000,2497300,30.3,30.3,30.0,30.2,0.1,46,658
2018-04-30,4155,80486,2459673,30.25,30.95,30.25,30.7,0.5,46,636
2018-05-02,4155,48000,1471050,30.75,30.8,30.5,30.65,-0.05,36,725
2018-05-03,4155,70000,2130000,30.45,30.75,30.3,30.35,-0.3,52,677
2018-05-04,4155,124096,3730910,30.2,30.2,30.0,30.0,-0.35,74,581
2018-05-07,4155,37000,1110300,30.1,30.15,29.9,30.15,0.15,25,738
2018-05-08,4155,44000,1322650,30.0,30.3,29.9,30.25,0.1,29,732
2018-05-09,4155,55690,1680131,30.25,30.3,30.0,30.2,-0.05,40,703
2018-05-10,4155,44000,1329650,30.2,30.3,30.1,30.25,0.05,35,744
2018-05-11,4155,406500,11948125,30.0,30.0,29.3,29.5,-0.75,146,469
2018-05-14,4155,90000,2654400,29.5,29.8,29.25,29.7,0.2,60,703
2018-05-15,4155,68150,2010610,29.6,29.6,29.4,29.4,-0.3,45,719
2018-05-16,4155,62210,1853208,29.4,30.0,29.4,29.8,0.4,53,723
2018-05-17,4155,105508,3197891,30.05,30.6,30.0,30.5,0.7,73,634
2018-05-18,4155,33000,996900,30.3,30.35,30.1,30.35,-0.15,27,772
2018-05-21,4155,27000,817650,30.4,30.4,30.2,30.3,-0.05,24,796
2018-05-22,4155,37000,1116350,30.3,30.3,30.1,30.2,-0.1,22,763
2018-05-23,4155,48200,1452880,30.15,30.3,29.95,30.05,-0.15,35,718
2018-05-24,4155,46000,1381950,30.1,30.2,29.95,29.95,-0.1,34,724
2018-05-25,4155,69000,2071550,30.0,30.2,29.95,30.0,0.05,39,692
2018-05-28,4155,45005,1346800,30.05,30.1,29.85,29.85,-0.15,34,758
2018-05-29,4155,186163,5483325,29.7,29.8,29.3,29.55,-0.3,87,548
2018-05-30,4155,30200,887630,29.55,29.55,29.3,29.4,-0.15,27,790
2018-05-31,4155,112000,3325000,29.7,30.05,29.4,30.0,0.6,68,673
2018-06-01,4155,83000,2479450,30.0,30.05,29.6,30.0,0.0,49,705
2018-06-04,4155,93202,2794979,30.05,30.4,29.85,29.85,-0.15,58,715
2018-06-05,4155,143007,4253703,29.85,30.0,29.5,29.9,0.05,84,630
2018-06-06,4155,74000,2217450,30.0,30.0,29.9,30.0,0.1,48,752
2018-06-07,4155,87000,2605950,30.0,30.05,29.85,29.95,-0.05,61,725
2018-06-08,4155,76000,2261750,29.95,29.95,29.7,29.75,-0.2,47,728
2018-06-11,4155,336200,9695619,29.0,29.0,28.6,28.9,-0.85,167,542
2018-06-12,4155,100000,2900600,29.05,29.25,28.8,29.0,0.1,69,705
2018-06-13,4155,116000,3345400,28.8,29.0,28.75,28.75,-0.25,53,679
2018-06-14,4155,70224,2011089,28.7,28.8,28.55,28.55,-0.2,50,711
2018-06-15,4155,132100,3793295,28.55,28.8,28.55,28.7,0.15,54,626
2018-06-19,4155,46000,1318400,28.2,28.85,28.2,28.7,0.0,36,766
2018-06-20,4155,130973,3767383,28.8,28.95,28.65,28.65,-0.05,69,645
2018-06-21,4155,147111,4322352,28.7,29.95,28.7,29.55,0.9,111,582
2018-06-22,4155,82100,2428405,29.55,29.75,29.5,29.6,0.05,51,677
2018-06-25,4155,31000,919550,29.85,29.85,29.3,29.8,0.2,25,782
2018-06-26,4155,84526,2482206,29.7,29.7,29.2,29.35,-0.45,53,719
2018-06-27,4155,94000,2741800,29.25,29.4,29.0,29.0,-0.35,52,645
2018-06-28,4155,85216,2473546,29.0,29.4,28.9,29.05,0.05,51,678
2018-06-29,4155,147699,4323173,29.05,29.5,29.0,29.4,0.35,103,566
2018-07-02,4155,130100,3552055,27.15,27.4,27.15,27.3,0.0,92,596
2018-07-03,4155,67300,1829175,27.3,27.55,27.0,27.0,-0.3,46,729
2018-07-04,4155,106001,2838977,26.9,26.9,26.7,26.85,-0.15,49,628
2018-07-05,4155,48001,1282476,26.9,26.9,26.6,26.6,-0.25,24,743
2018-07-06,4155,45100,1186465,26.6,26.6,26.0,26.4,-0.2,34,773
2018-07-09,4155,68003,1801479,26.6,26.6,26.35,26.4,0.0,43,688
2018-07-10,4155,44000,1182300,26.8,26.9,26.75,26.85,0.45,38,726
2018-07-11,4155,23000,610300,26.5,26.95,26.3,26.75,-0.1,19,781
2018-07-12,4155,57060,1563200,26.85,27.6,26.85,27.5,0.75,49,683
2018-07-13,4155,17000,467450,27.5,27.5,27.45,27.5,0.0,15,811
2018-07-16,4155,30004,826160,27.5,27.65,27.5,27.55,0.05,27,780
2018-07-17,4155,44000,1205000,27.5,27.5,27.2,27.2,-0.35,28,721
2018-07-18,4155,50001,1357677,27.2,27.5,27.0,27.2,0.0,32,735
2018-07-19,4155,46000,1240250,27.2,27.2,26.85,26.85,-0.35,28,719
2018-07-20,4155,54075,1439275,26.95,26.95,26.5,26.6,-0.25,30,706
2018-07-23,4155,24234,644197,26.6,26.6,26.5,26.6,0.0,20,776
2018-07-24,4155,27000,714150,26.5,26.55,26.4,26.5,-0.1,20,777
2018-07-25,4155,37100,989200,26.7,26.85,26.5,26.85,0.35,35,739
2018-07-26,4155,38100,1015180,26.8,26.8,26.5,26.65,-0.2,31,753
2018-07-27,4155,40002,1068456,26.7,26.9,26.65,26.7,0.05,22,736
2018-07-30,4155,25100,663370,26.8,26.8,26.25,26.5,-0.2,23,791
2018-07-31,4155,30000,794350,26.4,26.55,26.4,26.5,0.0,23,760
2018-08-01,4155,61508,1630108,26.4,26.6,26.4,26.5,0.0,34,695
2018-08-02,4155,51000,1351850,26.55,26.55,26.45,26.45,-0.05,30,743
2018-08-03,4155,49070,1299872,26.9,26.9,26.45,26.5,0.05,35,720
2018-08-06,4155,49000,1294500,26.5,26.5,26.25,26.5,0.0,32,718
2018-08-07,4155,46444,1225038,26.55,26.55,26.35,26.35,-0.15,35,742
2018-08-08,4155,45308,1192777,26.35,26.35,26.25,26.25,-0.1,56,756
2018-08-09,4155,37500,979649,26.25,26.4,26.0,26.35,0.1,42,757
2018-08-10,4155,65534,1742099,26.45,26.9,26.4,26.6,0.25,74,704
2018-08-13,4155,109963,2899528,26.25,26.65,26.1,26.1,-0.5,91,725
2018-08-14,4155,31980,838269,26.15,26.5,26.15,26.15,0.05,25,784
2018-08-15,4155,74055,1925926,26.15,26.15,25.9,25.9,-0.25,51,706
2018-08-16,4155,30120,779282,25.9,26.0,25.8,25.9,0.0,25,791
2018-08-17,4155,33000,855200,25.9,26.2,25.8,26.0,0.1,23,763
2018-08-20,4155,17800,464976,26.0,26.25,26.0,26.05,0.05,22,831
2018-08-21,4155,46571,1203466,26.05,26.05,25.7,25.85,-0.2,36,731
2018-08-22,4155,85030,2191710,25.8,25.85,25.7,25.7,-0.15,37,632
2018-08-23,4155,18613,478554,25.95,25.95,25.65,25.7,0.0,18,800
2018-08-24,4155,47390,1209795,25.65,25.65,25.5,25.5,-0.2,37,704
2018-08-27,4155,50240,1269970,25.4,25.4,25.2,25.4,-0.1,35,703
2018-08-28,4155,39765,1004193,25.4,25.4,25.1,25.35,-0.05,31,737
2018-08-29,4155,38530,972080,25.4,25.4,25.15,25.25,-0.1,38,744
2018-08-30,4155,79510,1992852,25.2,25.2,25.0,25.15,-0.1,56,649
2018-08-31,4155,29470,739526,25.15,25.15,25.0,25.1,-0.05,29,763
2018-09-03,4155,76210,1913593,25.55,25.55,25.0,25.15,0.05,44,662
2018-09-04,4155,68900,1724874,25.05,25.15,24.95,25.15,0.0,45,682
2018-09-05,4155,37270,934544,25.05,25.2,25.0,25.15,0.0,31,745
2018-09-06,4155,16000,400750,25.3,25.3,25.0,25.0,-0.15,16,820
2018-09-07,4155,95090,2345850,24.9,25.0,24.5,24.5,-0.5,71,711
2018-09-10,4155,78000,1879400,24.5,24.5,24.0,24.1,-0.4,54,744
2018-09-11,4155,186300,4313250,23.6,23.6,22.8,23.0,-1.1,130,560
2018-09-12,4155,1767469,41521829,23.3,25.1,22.8,24.8,1.8,316,243
2018-09-13,4155,138488,3464150,25.0,25.4,24.55,24.85,0.05,120,580
2018-09-14,4155,37000,918450,25.0,25.2,24.55,24.65,-0.2,33,735
2018-09-17,4155,41759,1015253,24.5,24.55,24.15,24.25,-0.4,43,706
2018-09-18,4155,35600,856200,24.25,24.25,23.9,24.15,-0.1,31,735
2018-09-19,4155,32390,788466,24.15,24.55,24.15,24.3,0.15,32,805
2018-09-20,4155,55130,1354437,24.3,24.8,24.3,24.7,0.4,37,701
2018-09-21,4155,105090,2645445,24.95,25.35,24.95,25.2,0.5,76,612
2018-09-25,4155,94630,2402839,25.55,25.55,25.2,25.35,0.15,56,619
2018-09-26,4155,60960,1547141,25.1,25.55,25.1,25.5,0.15,37,670
2018-09-27,4155,64000,1635800,25.5,25.7,25.45,25.7,0.2,30,674
2018-09-28,4155,76729,1976744,25.7,25.95,25.4,25.75,0.05,48,656
2018-10-01,4155,42800,1107559,26.2,26.2,25.7,25.75,0.0,40,714
2018-10-02,4155,56600,1470469,25.75,26.2,25.7,25.85,0.1,45,675
2018-10-03,4155,616585,15621838,26.15,26.6,26.0,26.0,0.15,45,341
2018-10-04,4155,30180,778080,26.0,26.0,25.75,25.8,-0.2,23,782
2018-10-05,4155,73462,1890465,25.6,26.2,25.25,25.3,-0.5,53,734
2018-10-08,4155,429678,11403639,25.0,27.6,25.0,25.6,0.3,245,387
2018-10-09,4155,305240,7936096,25.7,26.5,25.4,25.4,-0.2,190,469
2018-10-11,4155,112022,2688173,23.1,24.9,23.1,23.9,-1.5,86,785
2018-10-12,4155,59030,1421338,23.55,24.55,23.55,24.4,0.5,50,806
2018-10-15,4155,63580,1576742,24.5,25.2,24.15,24.55,0.15,39,697
2018-10-16,4155,80000,2056100,24.9,26.0,24.9,25.3,0.75,60,645
2018-10-17,4155,51020,1315510,25.3,26.0,25.3,25.55,0.25,26,700
2018-10-18,4155,34330,880399,25.45,25.85,25.2,25.6,0.05,28,702
2018-10-19,4155,179540,4640400,25.2,26.25,25.2,25.8,0.2,81,528
2018-10-22,4155,62330,1612781,26.05,26.05,25.75,26.0,0.2,34,619
2018-10-23,4155,14120,360792,25.6,25.6,25.55,25.55,-0.45,8,802
2018-10-24,4155,411722,10965503,25.55,27.3,25.3,26.75,1.2,226,378
2018-10-25,4155,321700,8605894,26.4,27.35,26.2,26.35,-0.4,169,472
2018-10-26,4155,118000,3092950,26.4,26.6,25.8,25.9,-0.45,76,610
2018-10-29,4155,50465,1291671,25.8,26.0,25.3,25.4,-0.5,38,681
2018-10-30,4155,72100,1833680,25.75,26.2,25.1,25.3,-0.1,58,667
2018-10-31,4155,35160,895764,25.65,25.75,25.3,25.4,0.1,33,740
2018-11-01,4155,5030,127906,25.4,25.45,25.4,25.45,0.05,6,854
2018-11-02,4155,25714,652256,25.3,25.5,25.25,25.25,-0.2,22,769
2018-11-05,4155,49453,1224734,25.25,25.25,24.6,24.6,-0.65,36,650
2018-11-06,4155,79241,1952048,24.5,25.7,24.2,24.9,0.3,65,585
2018-11-07,4155,17030,423847,24.9,24.9,24.8,24.85,-0.05,12,785
2018-11-08,4155,41000,1013200,24.85,25.15,24.5,24.8,-0.05,35,724
2018-11-09,4155,11641,286368,25.0,25.0,24.5,24.7,-0.1,10,812
2018-11-12,4155,105124,2660373,25.0,25.65,24.7,25.2,0.5,74,559
2018-11-13,4155,303240,7921086,25.45,26.65,25.2,26.65,1.45,164,387
2018-11-14,4155,767410,21045578,26.6,28.2,26.2,26.2,-0.45,402,292
2018-11-15,4155,90169,2322300,26.0,26.0,25.6,25.8,-0.4,65,592
2018-11-16,4155,60700,1545570,25.85,25.85,25.3,25.45,-0.35,48,659
2018-11-19,4155,45000,1150750,25.45,25.7,25.45,25.6,0.15,29,681
2018-11-20,4155,15038,387328,25.8,25.8,25.6,25.75,0.15,13,782
2018-11-21,4155,19000,488000,25.65,25.7,25.65,25.65,-0.1,13,768
2018-11-22,4155,22000,561650,25.7,25.7,25.35,25.55,-0.1,19,753
2018-11-23,4155,47340,1190670,25.45,25.45,25.05,25.2,-0.35,36,660
2018-11-26,4155,20060,509279,25.1,25.55,25.1,25.5,0.3,19,807
2018-11-27,4155,52030,1346180,25.75,26.15,25.4,25.7,0.2,38,658
2018-11-28,4155,42172,1080797,25.6,25.9,25.5,25.5,-0.2,32,738
2018-11-29,4155,58330,1488165,25.85,25.85,25.4,25.5,0.0,44,720
2018-11-30,4155,50360,1283010,25.45,25.7,25.4,25.45,-0.05,36,713
2018-12-03,4155,87409,2259101,25.7,25.95,25.6,25.9,0.45,56,708
2018-12-04,4155,81090,2104012,26.0,26.05,25.85,25.9,0.0,44,678
2018-12-05,4155,36800,941409,25.6,25.75,25.5,25.75,-0.15,31,747
2018-12-06,4155,80590,2043086,25.9,25.9,25.15,25.3,-0.45,56,700
2018-12-07,4155,13310,336424,25.25,25.4,25.25,25.4,0.1,13,812
2018-12-10,4155,14000,354000,25.3,25.4,25.2,25.2,-0.2,9,808
2018-12-11,4155,83000,2053500,25.1,25.1,24.5,24.6,-0.6,66,622
2018-12-12,4155,24509,608272,24.8,24.9,24.7,24.85,0.25,24,778
2018-12-13,4155,130000,3311000,25.2,25.55,25.2,25.35,0.5,52,558
2018-12-14,4155,12580,319280,25.25,25.35,25.25,25.3,-0.05,14,820
2018-12-17,4155,4060,101568,24.95,25.1,24.95,25.1,-0.2,6,877
2018-12-18,4155,13030,324100,24.8,25.0,24.8,25.0,-0.1,12,824
2018-12-19,4155,22355,558425,25.0,25.15,24.85,25.15,0.15,15,780
2018-12-20,4155,15060,376606,25.0,25.1,25.0,25.0,-0.15,11,823
2018-12-21,4155,33090,822532,24.95,25.1,24.8,25.1,0.1,23,734
2018-12-22,4155,10130,252989,24.9,25.1,24.9,25.1,0.0,9,781
2018-12-24,4155,48180,1192422,24.8,24.85,24.65,24.85,-0.25,34,676
2018-12-25,4155,8000,198800,24.85,24.85,24.85,24.85,0.0,5,840
2018-12-26,4155,21000,520900,24.85,25.1,24.65,24.8,-0.05,14,766
2018-12-27,4155,21000,517800,24.9,24.9,24.6,24.8,0.0,15,785
2018-12-28,4155,18391,453838,24.65,24.85,24.65,24.85,0.05,12,782
2019-01-02,4155,6101,150434,24.6,24.8,24.6,24.8,-0.05,7,844
2019-01-03,4155,15101,372545,24.8,24.9,24.5,24.7,-0.1,14,796
2019-01-04,4155,43000,1054950,24.55,24.65,24.45,24.65,-0.05,20,713
2019-01-07,4155,37090,917218,24.65,24.9,24.65,24.9,0.25,18,726
2019-01-08,4155,81060,2034506,24.9,25.25,24.9,25.1,0.2,59,588
2019-01-09,4155,63543,1604533,25.15,25.45,25.15,25.25,0.15,50,675
2019-01-10,4155,24150,607679,25.25,25.35,25.0,25.1,-0.15,24,766
2019-01-11,4155,430380,11178603,25.35,26.7,25.35,25.85,0.75,259,371
2019-01-14,4155,127208,3304758,26.1,26.15,25.8,25.9,0.05,92,519
2019-01-15,4155,52320,1349437,25.75,26.05,25.7,25.75,-0.15,43,660
2019-01-16,4155,175270,4598324,25.5,26.5,25.5,26.45,0.7,138,511
2019-01-17,4155,55979,1468149,26.45,26.45,26.1,26.2,-0.25,45,661
2019-01-18,4155,151210,4023603,26.2,26.75,26.2,26.65,0.45,118,505
2019-01-21,4155,37090,988775,26.7,26.75,26.55,26.65,0.0,33,717
2019-01-22,4155,41090,1082298,26.5,26.5,26.25,26.4,-0.25,39,690
2019-01-23,4155,13101,342515,26.4,26.4,26.05,26.25,-0.15,16,793
2019-01-24,4155,23000,598150,25.95,26.15,25.95,26.15,-0.1,12,761
2019-01-25,4155,40180,1045280,26.1,26.25,25.7,25.95,-0.2,29,721
2019-01-28,4155,17100,447490,26.0,26.3,26.0,26.15,0.2,15,808
2019-01-29,4155,8000,209350,26.25,26.25,25.9,26.2,0.05,8,844
2019-01-30,4155,19237,505883,26.2,26.35,26.2,26.3,0.1,21,807
2019-02-11,4155,20375,532799,26.75,26.75,26.05,26.4,0.1,19,816
2019-02-12,4155,68153,1801924,26.35,26.65,26.25,26.65,0.25,55,672
2019-02-13,4155,18185,479482,26.6,26.6,26.2,26.4,-0.25,26,828
2019-02-14,4155,20582,541663,26.4,26.4,26.25,26.4,0.0,23,816
2019-02-15,4155,43300,1138939,26.25,26.6,26.25,26.6,0.2,32,733
2019-02-18,4155,193155,5011362,26.0,26.2,25.8,25.9,-0.7,125,579
2019-02-19,4155,50400,1305079,25.9,26.05,25.8,25.85,-0.05,44,743
2019-02-20,4155,561300,14645970,25.85,26.3,25.8,26.0,0.15,125,397
2019-02-21,4155,75080,1944430,26.0,26.0,25.85,25.95,-0.05,57,703
2019-02-22,4155,104131,2735632,26.2,26.45,26.1,26.25,0.3,63,621
2019-02-25,4155,87249,2292610,26.55,26.55,26.1,26.45,0.2,58,682
2019-02-26,4155,58238,1534858,26.45,26.6,26.3,26.3,-0.15,33,728
2019-02-27,4155,68600,1818290,26.4,26.65,26.35,26.4,0.1,49,699
2019-03-04,4155,34003,898628,26.5,26.5,26.35,26.35,-0.05,24,780
2019-03-05,4155,23000,603450,26.3,26.35,26.1,26.15,-0.2,19,800
2019-03-06,4155,43100,1125104,26.2,26.2,26.05,26.15,0.0,29,766
2019-03-07,4155,38420,1005582,26.3,26.3,26.1,26.1,-0.05,26,779
2019-03-08,4155,42760,1110323,26.1,26.1,25.9,26.1,0.0,33,731
2019-03-11,4155,17343,450401,25.95,26.0,25.95,26.0,-0.1,18,833
2019-03-12,4155,64240,1692761,26.25,26.6,26.0,26.55,0.55,55,718
2019-03-13,4155,779647,21575825,27.2,28.25,27.2,27.65,1.1,524,321
2019-03-14,4155,534056,15023610,28.0,28.7,27.9,28.0,0.35,351,404
2019-03-15,4155,214389,5975564,27.9,28.05,27.7,27.8,-0.2,138,552
2019-03-18,4155,149396,4199407,27.8,28.4,27.8,28.05,0.25,114,610
2019-03-19,4155,577945,16201810,28.05,28.25,27.8,28.0,-0.05,63,403
2019-03-20,4155,103999,2926271,28.2,28.25,28.0,28.2,0.2,77,655
2019-03-21,4155,105330,2961356,28.2,28.3,28.0,28.0,-0.2,82,666
2019-03-22,4155,82584,2311814,28.2,28.2,27.9,27.9,-0.1,68,692
2019-03-25,4155,193300,5325129,27.75,27.75,27.4,27.55,-0.35,117,582
2019-03-26,4155,61120,1693662,27.65,27.9,27.6,27.6,0.05,44,709
2019-03-27,4155,58090,1613065,27.7,27.85,27.7,27.8,0.2,42,720
2019-03-28,4155,63095,1765067,27.85,28.1,27.8,28.1,0.3,55,715
2019-03-29,4155,1458804,41232364,28.1,28.8,28.1,28.6,0.5,230,282
2019-04-01,4155,202743,5788197,28.7,28.75,28.25,28.65,0.05,108,585
2019-04-02,4155,187970,5362171,28.65,28.8,28.35,28.8,0.15,122,597
2019-04-03,4155,93147,2686925,28.8,29.0,28.65,29.0,0.2,71,676
2019-04-08,4155,679555,20212283,29.5,30.25,29.4,30.0,1.0,432,404
2019-04-09,4155,207381,6163443,29.95,29.95,29.6,29.7,-0.3,150,556
2019-04-10,4155,107940,3193224,29.7,29.7,29.5,29.65,-0.05,93,662
2019-04-11,4155,147700,4392640,29.7,29.9,29.65,29.7,0.05,97,623
2019-04-12,4155,430279,12963347,29.7,30.25,29.7,30.25,0.55,257,434
2019-04-15,4155,313318,9528336,30.4,30.65,30.15,30.35,0.1,159,488
2019-04-16,4155,140999,4256820,30.35,30.35,30.05,30.15,-0.2,87,614
2019-04-17,4155,102929,3091561,30.15,30.2,29.9,30.15,0.0,72,694
2019-04-18,4155,197436,5889233,30.1,30.15,29.4,29.45,-0.7,132,608
2019-04-19,4155,106154,3139289,29.65,29.7,29.5,29.6,0.15,69,624
2019-04-22,4155,59425,1765486,29.7,29.85,29.55,29.55,-0.05,51,713
2019-04-23,4155,95560,2810214,29.5,29.5,29.35,29.4,-0.15,52,624
2019-04-24,4155,46859,1380054,29.7,29.7,29.3,29.45,0.05,34,736
2019-04-25,4155,40710,1201266,29.5,29.55,29.45,29.45,0.0,32,734
2019-04-26,4155,91000,2666950,29.45,29.45,29.25,29.3,-0.15,51,649
2019-04-29,4155,63999,1875869,29.3,29.4,29.25,29.3,0.0,29,709
2019-04-30,4155,134139,3983061,29.3,29.85,29.3,29.8,0.5,79,564
2019-05-02,4155,94320,2820852,29.8,30.05,29.7,29.95,0.15,67,630
2019-05-03,4155,72414,2158137,29.95,29.95,29.7,29.8,-0.15,46,677
2019-05-06,4155,167100,4925804,29.8,29.8,29.3,29.45,-0.35,95,609
2019-05-07,4155,137200,4006909,29.25,29.6,29.1,29.15,-0.3,89,565
2019-05-08,4155,92730,2681679,29.0,29.1,28.8,29.1,-0.05,69,640
2019-05-09,4155,101000,2892400,29.1,29.1,28.5,28.55,-0.55,71,669
2019-05-10,4155,127600,3631660,28.75,28.75,28.35,28.45,-0.1,70,638
2019-05-13,4155,139690,3886061,28.35,28.35,27.5,27.7,-0.75,111,630
2019-05-14,4155,94627,2590467,27.0,27.55,27.0,27.55,-0.15,64,677
2019-05-15,4155,93285,2583430,27.7,27.95,27.35,27.85,0.3,63,641
2019-05-16,4155,68300,1917084,27.85,28.5,27.85,28.5,0.65,52,683
2019-05-17,4155,35060,997142,28.7,28.7,28.0,28.05,-0.45,27,766
2019-05-20,4155,48255,1353691,28.0,28.2,27.9,28.2,0.15,32,706
2019-05-21,4155,27000,763850,28.25,28.4,28.2,28.4,0.2,22,780
2019-05-22,4155,22200,631700,28.55,28.55,28.1,28.5,0.1,18,784
2019-05-23,4155,38029,1079008,28.45,28.45,28.05,28.3,-0.2,32,743
2019-05-24,4155,51300,1444309,28.2,28.4,28.0,28.25,-0.05,38,685
2019-05-27,4155,79070,2225760,28.1,28.35,27.95,28.0,-0.25,49,652
2019-05-28,4155,102070,2858420,28.0,28.1,27.95,28.1,0.1,25,592
2019-05-29,4155,50000,1401050,28.0,28.15,27.95,28.0,-0.1,33,692
2019-05-30,4155,75450,2114645,28.1,28.1,28.0,28.1,0.1,50,644
2019-05-31,4155,108000,3029350,28.0,28.25,28.0,28.15,0.05,59,619
2019-06-03,4155,80000,2241500,28.0,28.1,27.95,28.1,-0.05,41,655
2019-06-04,4155,65000,1823150,28.15,28.25,27.9,28.1,0.0,43,648
2019-06-05,4155,137541,3853872,28.2,28.25,27.95,28.1,0.0,49,545
2019-06-06,4155,82000,2299550,28.05,28.15,27.95,28.15,0.05,59,616
2019-06-10,4155,73000,2048050,28.2,28.25,28.0,28.1,-0.05,40,637
2019-06-11,4155,121150,3423102,28.2,28.4,28.15,28.3,0.2,95,588
2019-06-12,4155,124628,3543562,28.3,28.8,28.2,28.7,0.4,91,555
2019-06-13,4155,466907,13681508,28.75,29.95,28.7,29.65,0.95,303,347
2019-06-14,4155,347648,10398076,29.75,30.05,29.75,29.9,0.25,205,383
2019-06-17,4155,182150,5444446,29.9,30.05,29.7,29.8,-0.1,89,482
2019-06-18,4155,82002,2435858,29.8,29.95,29.6,29.7,-0.1,56,593
2019-06-19,4155,474273,13895102,29.8,29.95,29.0,29.0,-0.7,303,413
2019-06-20,4155,762585,21831297,28.85,29.2,28.1,28.4,-0.6,489,334
2019-06-21,4155,953001,26625977,28.45,28.5,27.45,28.05,-0.35,529,339
2019-06-24,4155,421604,11867622,28.2,28.35,28.05,28.35,0.3,217,415
2019-06-25,4155,210490,6009587,28.35,28.7,28.35,28.6,0.25,158,492
2019-06-26,4155,483851,13935000,28.6,29.0,28.6,28.9,0.3,297,361
2019-06-27,4155,430840,11578580,26.8,27.05,26.75,26.9,0.0,267,433
2019-06-28,4155,121180,3247142,26.9,26.95,26.7,26.7,-0.2,81,579
2019-07-01,4155,160120,4314640,26.75,27.1,26.75,27.05,0.35,95,596
2019-07-02,4155,166030,4536576,27.05,27.85,26.9,27.45,0.4,99,561
2019-07-03,4155,73200,1987820,27.5,27.5,27.1,27.2,-0.25,55,684
2019-07-04,4155,115060,3119282,27.1,27.15,27.1,27.15,-0.05,55,620
2019-07-05,4155,79140,2164828,27.15,27.45,27.15,27.45,0.3,68,675
2019-07-08,4155,204200,5633649,27.45,27.7,27.4,27.5,0.05,121,556
2019-07-09,4155,221280,6179040,27.6,28.1,27.6,28.05,0.55,157,536
2019-07-10,4155,649670,18660262,28.15,29.15,28.15,28.75,0.7,421,387
2019-07-11,4155,434870,12493644,28.75,28.9,28.55,28.55,-0.2,256,454
2019-07-12,4155,292082,8439010,28.7,29.15,28.7,28.9,0.35,179,510
2019-07-15,4155,164641,4742890,28.9,28.9,28.7,28.9,0.0,94,585
2019-07-16,4155,629239,18458885,28.9,29.5,28.9,29.3,0.4,360,406
2019-07-17,4155,385099,11351099,29.5,29.6,29.3,29.35,0.05,171,456
2019-07-18,4155,234480,6845570,29.5,29.5,29.05,29.15,-0.2,118,515
2019-07-19,4155,628231,18616749,29.35,30.15,29.3,29.6,0.45,246,392
2019-07-22,4155,478695,14322821,29.75,30.25,29.75,29.8,0.2,199,420
2019-07-23,4155,301240,9017578,29.8,30.15,29.8,29.85,0.05,159,503
2019-07-24,4155,320146,9528425,30.0,30.0,29.65,29.8,-0.05,152,502
2019-07-25,4155,313010,9368894,29.9,30.1,29.7,29.9,0.1,149,478
2019-07-26,4155,440930,13158266,29.8,30.0,29.5,29.95,0.05,185,407
2019-07-29,4155,1047500,32647100,30.05,32.25,30.05,30.6,0.65,640,309
2019-07-30,4155,550821,16674935,30.6,31.5,29.5,30.0,-0.6,310,421
2019-07-31,4155,104060,3119137,30.1,30.1,29.9,30.0,0.0,60,597
2019-08-01,4155,134059,4010349,30.0,30.0,29.8,29.85,-0.15,86,578
2019-08-02,4155,269360,8032020,30.0,30.2,29.6,29.6,-0.25,128,526
2019-08-05,4155,236600,6861090,29.6,29.6,28.7,28.9,-0.7,119,525
2019-08-06,4155,196101,5530367,27.6,29.0,27.6,28.95,0.05,107,570
2019-08-07,4155,46100,1336335,28.85,29.1,28.85,28.9,-0.05,37,688
2019-08-08,4155,65400,1892359,29.0,29.0,28.85,28.9,0.0,31,651
2019-08-12,4155,261700,7375658,28.9,28.9,27.9,28.3,-0.6,160,495
2019-08-13,4155,129030,3657758,28.15,28.9,28.05,28.8,0.5,76,593
2019-08-14,4155,67100,1930270,28.7,28.85,28.6,28.8,0.0,49,689
2019-08-15,4155,105060,2993004,28.55,28.65,28.3,28.3,-0.5,50,633
2019-08-16,4155,89248,2565417,28.2,29.0,28.2,28.9,0.6,62,619
2019-08-19,4155,117589,3433787,29.0,29.35,29.0,29.3,0.4,90,619
2019-08-20,4155,104600,3054488,29.3,29.4,29.0,29.15,-0.15,75,621
2019-08-21,4155,135000,3922600,29.2,29.2,28.9,29.05,-0.1,67,591
2019-08-22,4155,88060,2554415,29.1,29.1,28.8,28.8,-0.25,51,635
2019-08-23,4155,99690,2889273,28.8,29.15,28.7,29.1,0.3,53,595
2019-08-26,4155,196000,5540150,28.15,28.75,28.1,28.7,-0.4,121,531
2019-08-27,4155,128326,3754036,28.7,29.5,28.7,29.2,0.5,59,566
2019-08-28,4155,315625,9356749,29.2,29.8,29.2,29.8,0.6,152,439
2019-08-29,4155,2652075,77773509,29.9,30.85,29.7,30.2,0.4,377,204
2019-08-30,4155,8595987,282177848,31.7,33.2,31.2,33.2,3.0,2670,115
2019-09-02,4155,4864521,162784176,33.2,34.6,32.8,33.7,0.5,2716,121
2019-09-03,4155,2166261,72504515,33.85,34.1,32.95,33.3,-0.4,1285,214
2019-09-04,4155,2179809,73658075,33.9,34.7,33.0,33.3,0.0,1337,215
2019-09-05,4155,1433872,47154240,33.5,33.5,32.45,32.6,-0.7,796,272
2019-09-06,4155,799055,26274952,32.55,33.15,32.55,33.0,0.4,431,333
2019-09-09,4155,627600,20665857,33.3,33.3,32.65,33.05,0.05,291,360
2019-09-10,4155,2030600,68072750,33.0,34.2,32.8,33.0,-0.05,1195,218
2019-09-11,4155,819510,27116779,33.3,33.6,32.8,33.15,0.15,423,335
2019-09-12,4155,653870,21557510,33.2,33.35,32.6,33.15,0.0,330,336
2019-09-16,4155,487460,16142675,33.3,33.45,32.7,33.1,-0.05,311,375
2019-09-17,4155,315800,10426377,32.95,33.3,32.85,32.85,-0.25,194,422
2019-09-18,4155,1575410,52990321,32.95,34.25,32.9,33.9,1.05,881,244
2019-09-19,4155,1042122,35361548,34.3,34.3,33.3,34.0,0.1,649,266
2019-09-20,4155,809720,27456986,34.1,34.5,33.5,33.5,-0.5,443,324
2019-09-23,4155,441225,14649491,33.3,33.45,33.1,33.1,-0.4,265,391
2019-09-24,4155,1022460,34615644,33.4,34.2,33.25,34.0,0.9,591,285
2019-09-25,4155,6933316,250579060,34.9,37.4,34.9,34.95,0.95,3986,96
2019-09-26,4155,1536267,53254765,35.0,35.25,34.15,34.25,-0.7,887,226
2019-09-27,4155,1012131,34059769,34.25,34.45,33.3,33.55,-0.7,594,292
2019-10-01,4155,2882530,101592275,33.65,36.2,33.4,35.9,2.35,1719,169
2019-10-02,4155,11773319,443656385,36.4,39.1,36.2,38.45,2.55,7031,45
2019-10-03,4155,3680677,140198305,38.3,38.6,37.35,38.2,-0.25,2168,135
2019-10-04,4155,3728054,144171434,38.7,39.45,37.8,38.8,0.6,2315,128
2019-10-07,4155,3296222,126185850,38.8,39.6,37.4,37.6,-1.2,2029,141
2019-10-08,4155,1641529,61894656,37.55,38.4,36.7,38.4,0.8,1158,214
2019-10-09,4155,1623072,62146129,38.4,38.65,37.8,38.65,0.25,928,224
2019-10-14,4155,1594725,61472794,39.5,39.5,38.05,38.2,-0.45,909,247
2019-10-15,4155,2423419,89935368,38.35,38.45,36.4,36.75,-1.45,1386,200
2019-10-16,4155,875840,32586900,36.7,37.8,36.45,37.65,0.9,599,318
2019-10-17,4155,582920,21826182,37.65,37.85,37.1,37.1,-0.55,401,355
2019-10-18,4155,529260,19593200,37.35,37.45,36.65,36.65,-0.45,336,417
2019-10-21,4155,583240,21753626,36.75,37.7,36.65,37.35,0.7,390,374
2019-10-22,4155,430842,16096754,37.8,37.8,37.05,37.25,-0.1,331,403
2019-10-23,4155,605180,22498560,37.3,37.6,36.8,36.8,-0.45,384,354
2019-10-24,4155,421340,15607211,36.8,37.5,36.7,37.2,0.4,287,377
2019-10-25,4155,992315,37209792,37.75,37.75,37.15,37.75,0.55,616,271
2019-10-28,4155,8727934,345196683,38.2,41.3,37.9,41.3,3.55,5022,78
2019-10-29,4155,5656587,225471712,40.9,41.2,37.9,38.5,-2.8,3485,116
2019-10-30,4155,3073880,122036429,39.0,40.2,38.95,39.5,1.0,1872,162
2019-10-31,4155,2045328,81873905,39.5,40.8,39.5,39.6,0.1,1370,216
2019-11-01,4155,831735,32595953,39.6,39.7,38.85,39.05,-0.55,597,285
2019-11-04,4155,1416374,54752975,39.3,39.7,38.2,38.4,-0.65,889,267
2019-11-05,4155,3804720,138515239,38.6,38.85,35.0,36.1,-2.3,2401,157
2019-11-06,4155,1405430,50767851,36.2,36.85,35.45,35.65,-0.45,867,261
2019-11-07,4155,839581,30014582,35.65,36.35,35.4,35.5,-0.15,533,310
2019-11-08,4155,773179,27240954,35.5,35.8,34.8,35.4,-0.1,506,310
2019-11-11,4155,772451,27360382,35.3,36.15,34.75,35.45,0.05,510,359
2019-11-12,4155,281679,10078890,35.5,36.0,35.5,35.85,0.4,212,450
2019-11-13,4155,604612,21753167,36.2,36.35,35.8,35.9,0.05,335,337
2019-11-14,4155,546480,19220700,35.9,35.95,34.85,34.85,-1.05,390,380
2019-11-15,4155,306370,10706017,34.8,35.15,34.75,35.15,0.3,204,456
2019-11-18,4155,380208,13338480,35.25,35.3,34.8,34.95,-0.2,216,415
2019-11-19,4155,431635,15122561,35.0,35.15,34.9,34.9,-0.05,247,388
2019-11-20,4155,1631583,58144848,35.1,36.15,35.1,35.5,0.6,1013,218
2019-11-21,4155,835880,29902245,35.8,36.2,35.3,35.55,0.05,530,302
2019-11-22,4155,879424,31713564,35.85,36.35,35.7,36.05,0.5,565,277
2019-11-25,4155,650377,23069732,36.5,36.5,35.05,35.05,-1.0,436,336
2019-11-26,4155,266105,9341240,35.1,35.5,35.0,35.05,0.0,191,488
2019-11-27,4155,907479,31246180,35.1,35.1,34.15,34.2,-0.85,562,302
2019-11-28,4155,812680,27269667,34.2,34.2,33.15,33.95,-0.25,549,295
2019-11-29,4155,426780,14320473,33.95,34.2,33.2,33.3,-0.65,291,409
2019-12-02,4155,422449,13874786,33.3,33.4,32.6,32.6,-0.7,277,401
2019-12-03,4155,407427,13595004,32.5,33.7,32.5,33.45,0.85,280,384
2019-12-04,4155,228100,7675870,33.7,33.75,33.3,33.7,0.25,141,471
2019-12-05,4155,273628,9248052,33.7,34.05,33.5,33.9,0.2,177,449
2019-12-06,4155,302145,10184530,33.7,33.95,33.4,33.8,-0.1,189,433
2019-12-09,4155,604060,20639695,34.6,34.6,33.9,34.0,0.2,374,340
2019-12-10,4155,379524,12759201,34.0,34.0,33.5,33.5,-0.5,210,410
2019-12-11,4155,387120,13167749,33.75,34.35,33.7,34.0,0.5,243,437
2019-12-12,4155,319891,10768698,34.0,34.2,33.55,33.55,-0.45,174,465
2019-12-13,4155,407500,13502250,33.6,33.65,33.0,33.0,-0.55,250,453
2019-12-16,4155,141060,4669786,33.25,33.25,33.0,33.1,0.1,94,598
2019-12-17,4155,175600,5832730,33.3,33.45,33.05,33.2,0.1,125,564
2019-12-18,4155,223100,7367460,33.2,33.2,32.85,33.2,0.0,154,538
2019-12-19,4155,199016,6583581,33.2,33.3,32.9,32.9,-0.3,123,524
2019-12-20,4155,163030,5396246,33.0,33.3,32.9,33.15,0.25,109,563
2019-12-23,4155,222470,7357657,33.2,33.2,32.9,33.1,-0.05,115,511
2019-12-24,4155,157140,5190462,33.2,33.25,32.9,33.0,-0.1,102,554
2019-12-25,4155,834661,28404674,33.5,34.45,33.25,34.2,1.2,534,298
2019-12-26,4155,557425,19247839,34.4,34.8,34.35,34.35,0.15,395,344
2019-12-27,4155,325104,11176341,34.75,34.75,34.0,34.05,-0.3,228,455
2019-12-30,4155,311240,10455066,34.05,34.05,33.35,33.5,-0.55,202,476
2019-12-31,4155,131000,4386000,33.75,33.8,33.35,33.45,-0.05,78,604
2020-01-02,4155,299760,10005421,33.75,33.75,33.1,33.35,-0.1,169,488
2020-01-03,4155,324000,10708050,33.4,33.4,32.9,32.9,-0.45,225,511
2020-01-06,4155,353150,11516940,32.9,32.95,32.5,32.55,-0.35,182,465
2020-01-07,4155,392622,12549453,32.75,32.95,31.55,31.55,-1.0,266,452
2020-01-08,4155,330351,10456901,31.6,32.15,31.2,31.5,-0.05,197,488
2020-01-09,4155,249422,7881961,31.65,31.85,31.45,31.6,0.1,159,478
2020-01-10,4155,224060,7207235,32.15,32.45,31.9,32.4,0.8,169,497
2020-01-13,4155,263480,8552473,33.0,33.0,32.25,32.4,0.0,186,497
2020-01-14,4155,202183,6541647,32.55,32.55,32.2,32.25,-0.15,138,521
2020-01-15,4155,99200,3219320,32.5,32.55,32.3,32.55,0.3,85,612
2020-01-16,4155,151078,4918122,32.8,32.8,32.45,32.55,0.0,115,547
2020-01-17,4155,217896,7030650,32.75,32.75,32.15,32.25,-0.3,140,500
2020-01-20,4155,128060,4146750,32.55,32.6,32.25,32.35,0.1,98,627
2020-01-30,4155,619029,19210781,31.6,32.0,30.15,30.25,-2.1,390,548
2020-01-31,4155,554889,16794852,30.1,31.0,29.85,30.6,0.35,331,449
2020-02-03,4155,349030,10284994,30.6,30.6,28.75,29.6,-1.0,257,571
2020-02-04,4155,276100,8404170,29.75,30.8,29.75,30.7,1.1,194,523
2020-02-05,4155,280200,8807100,31.7,31.7,30.8,31.65,0.95,218,498
2020-02-06,4155,362468,11607626,31.65,32.45,31.65,32.3,0.65,222,460
2020-02-07,4155,563720,18329885,33.0,33.0,32.05,32.6,0.3,333,393
2020-02-10,4155,257000,8297950,32.65,32.7,31.7,31.7,-0.9,202,508
2020-02-11,4155,1903600,63875329,33.45,34.15,33.1,33.25,1.55,1225,203
2020-02-12,4155,955550,32340761,34.0,34.35,33.45,33.75,0.5,652,288
2020-02-13,4155,551659,18382181,33.8,33.8,33.1,33.1,-0.65,365,374
2020-02-14,4155,225679,7524991,33.35,33.45,33.15,33.45,0.35,163,470
2020-02-17,4155,391284,13168690,33.4,33.9,33.25,33.7,0.25,279,403
2020-02-18,4155,349000,11749950,33.75,33.9,33.45,33.7,0.0,233,415
2020-02-19,4155,992246,33886387,33.65,34.4,33.65,34.25,0.55,589,290
2020-02-20,4155,1091057,37893977,34.6,34.95,34.5,34.9,0.65,671,271
2020-02-21,4155,987854,34448712,34.9,35.3,34.55,34.65,-0.25,578,287
2020-02-24,4155,965800,33615747,34.85,35.3,34.35,34.8,0.15,610,303
2020-02-25,4155,830379,28437223,34.85,34.85,33.6,34.0,-0.8,532,321
2020-02-26,4155,478817,16221213,33.8,34.5,33.4,34.5,0.5,345,368
2020-02-27,4155,1636534,57030185,35.1,35.6,34.0,34.6,0.1,1040,283
2020-03-02,4155,705669,24300146,34.45,34.85,33.95,34.6,0.0,429,396
2020-03-03,4155,4481830,161180365,35.05,36.9,34.8,36.05,1.45,2606,149
2020-03-04,4155,2260609,81299285,36.05,36.45,35.5,36.15,0.1,1250,202
2020-03-05,4155,3769975,137345952,36.6,37.3,35.5,35.5,-0.65,2219,162
2020-03-06,4155,1766415,62247168,35.25,35.75,34.75,35.25,-0.25,1098,238
2020-03-09,4155,4305225,155334706,35.65,37.3,34.8,35.35,0.1,2503,202
2020-03-10,4155,3431627,115660303,35.05,35.05,32.5,33.25,-2.1,1885,221
2020-03-11,4155,1644833,53891620,32.9,33.45,32.15,32.3,-0.95,962,258
2020-03-12,4155,2640080,78379509,31.8,31.8,29.1,29.1,-3.2,1431,279
2020-03-13,4155,2098655,55555315,26.3,27.85,26.2,27.0,-2.1,983,350
2020-03-16,4155,989530,26653397,27.8,27.8,25.85,26.45,-0.55,588,394
2020-03-17,4155,847001,21721277,26.0,26.15,25.0,25.6,-0.85,399,431
2020-03-18,4155,667752,17027037,25.8,26.15,25.0,25.0,-0.6,348,451
2020-03-19,4155,1464550,33778000,25.4,25.4,22.5,22.5,-2.5,686,414
2020-03-20,4155,880530,21423965,22.9,24.75,22.9,24.75,2.25,434,407
2020-03-23,4155,358091,8560051,24.05,24.9,23.3,24.8,0.05,180,481
2020-03-24,4155,671001,17346077,25.1,26.9,25.1,25.2,0.4,370,386
2020-03-25,4155,456500,11688799,26.0,26.1,25.3,25.45,0.25,257,511
2020-03-26,4155,477000,12292000,25.2,26.1,25.1,25.9,0.45,276,441
2020-03-27,4155,611101,15919176,26.35,26.5,25.5,25.5,-0.4,285,438
2020-03-30,4155,196001,5032778,24.7,26.35,24.7,26.15,0.65,119,545
2020-03-31,4155,271000,7109900,26.25,26.7,25.85,26.0,-0.15,152,514
2020-04-01,4155,166100,4317750,26.0,26.5,25.65,25.95,-0.05,106,558
2020-04-06,4155,309000,8073050,26.05,26.6,25.9,26.15,0.2,208,498
2020-04-07,4155,523000,13691200,26.5,26.75,25.8,25.9,-0.25,315,458
2020-04-08,4155,457604,11998084,26.1,26.45,25.95,26.3,0.4,269,502
2020-04-09,4155,1547250,42990337,26.6,28.7,26.3,28.7,2.4,1031,308
2020-04-10,4155,1155030,31974632,28.8,28.8,27.15,27.7,-1.0,729,305
2020-04-13,4155,634010,17252520,27.7,27.85,26.75,26.9,-0.8,434,385
2020-04-14,4155,681002,18478954,26.95,27.5,26.9,27.1,0.2,373,418
2020-04-15,4155,614120,16951823,27.2,28.35,27.15,27.7,0.6,394,472
2020-04-16,4155,526071,14636055,27.55,28.1,27.25,27.65,-0.05,290,434
2020-04-17,4155,477752,13194154,28.0,28.0,27.35,27.4,-0.25,293,512
2020-04-20,4155,445030,12432637,27.45,28.2,27.4,27.95,0.55,290,434
2020-04-21,4155,623005,17021394,27.8,28.0,26.9,27.0,-0.95,363,480
2020-04-22,4155,197481,5298137,26.9,27.25,26.25,26.9,-0.1,130,561
2020-04-23,4155,272060,7397894,27.25,27.55,26.9,27.2,0.3,167,494
2020-04-24,4155,689060,18804864,27.2,27.8,26.65,26.75,-0.45,447,337
2020-04-27,4155,704232,19437737,27.2,27.95,27.1,27.9,1.15,429,419
2020-04-28,4155,760321,21525402,28.3,28.75,28.0,28.2,0.3,520,396
2020-04-29,4155,536231,15074968,28.35,28.35,27.95,28.1,-0.1,283,509
2020-04-30,4155,513398,14454072,28.35,28.35,27.95,28.25,0.15,309,533
2020-05-04,4155,732301,20861562,28.0,29.15,27.55,28.55,0.3,481,427
2020-05-05,4155,681485,19729119,29.0,29.5,28.6,28.75,0.2,449,420
2020-05-06,4155,1905080,56870597,28.95,30.6,28.9,29.45,0.7,1195,307
2020-05-07,4155,511457,15034408,29.45,29.7,29.05,29.45,0.0,327,481
2020-05-08,4155,571180,16553925,29.6,29.65,28.65,28.65,-0.8,383,478
2020-05-11,4155,338379,9778181,28.6,29.15,28.6,29.05,0.4,224,558
2020-05-12,4155,290210,8442498,29.05,29.45,28.75,28.95,-0.1,207,565
2020-05-13,4155,582900,17236560,29.0,29.9,28.9,29.85,0.9,376,414
2020-05-14,4155,2007458,61818196,30.7,31.65,29.55,29.7,-0.15,1230,287
2020-05-15,4155,661259,19624715,30.2,30.35,29.0,29.6,-0.1,377,409
2020-05-18,4155,862120,26196729,30.4,30.8,29.95,30.05,0.45,515,353
2020-05-19,4155,526113,15917354,30.65,30.65,29.9,30.4,0.35,352,442
2020-05-20,4155,582500,17700175,30.75,30.85,30.0,30.1,-0.3,364,408
2020-05-21,4155,510238,15485837,30.3,30.7,30.1,30.2,0.1,287,454
2020-05-22,4155,829617,25401349,30.2,30.9,30.2,30.6,0.4,525,388
2020-05-25,4155,2555569,80169548,30.65,31.9,30.25,31.7,1.1,1159,238
2020-05-26,4155,1229933,38476815,31.9,31.95,30.8,30.95,-0.75,786,344
2020-05-27,4155,591252,18110336,31.05,31.3,30.4,30.6,-0.35,370,444
2020-05-28,4155,374000,11371700,30.6,30.85,30.15,30.15,-0.45,244,537
2020-05-29,4155,189000,5737750,30.15,30.55,30.15,30.2,0.05,127,557
2020-06-01,4155,263060,7959321,30.2,30.45,30.2,30.25,0.05,162,561
2020-06-02,4155,273016,8295039,30.25,30.6,30.2,30.3,0.05,158,529
2020-06-03,4155,297060,9111960,30.5,30.85,30.3,30.85,0.55,193,586
2020-06-04,4155,232182,7147232,30.9,31.1,30.65,30.7,-0.15,158,602
2020-06-05,4155,502119,15536839,30.7,31.3,30.55,30.85,0.15,289,505
2020-06-08,4155,422300,13102430,31.3,31.4,30.9,30.9,0.05,240,568
2020-06-09,4155,352600,10834820,30.9,30.9,30.5,30.7,-0.2,192,574
2020-06-10,4155,369820,11254275,30.5,30.8,30.1,30.35,-0.35,227,558
2020-06-11,4155,815221,24528402,30.35,30.6,29.35,29.5,-0.85,436,484
2020-06-12,4155,454623,13197189,29.1,29.35,28.65,29.2,-0.3,269,536
2020-06-15,4155,972050,29738942,29.25,31.1,29.25,30.65,1.45,598,382
2020-06-16,4155,481463,14707606,30.95,30.95,30.3,30.6,-0.05,316,481
2020-06-17,4155,1000040,30843176,30.55,31.1,30.35,30.9,0.3,506,383
2020-06-18,4155,1581901,49974803,31.2,31.9,31.1,31.7,0.8,968,322
2020-06-19,4155,1392608,44296784,32.0,32.7,31.45,31.75,0.05,815,381
2020-06-22,4155,1041193,31208828,30.0,30.2,29.5,30.2,0.0,486,403
2020-06-23,4155,503160,15000467,30.2,30.2,29.6,29.7,-0.5,340,494
2020-06-24,4155,531120,15595594,30.0,30.0,29.15,29.3,-0.4,389,453
2020-06-29,4155,508704,14687172,28.8,29.2,28.7,28.9,-0.4,329,486
2020-06-30,4155,230102,6687063,29.0,29.2,28.9,29.05,0.15,156,566
2020-07-01,4155,245306,7186433,29.2,29.6,29.1,29.2,0.15,173,602
2020-07-02,4155,718686,21406552,29.25,30.1,29.25,29.6,0.4,423,444
2020-07-03,4155,503957,14775644,29.6,29.6,29.2,29.2,-0.4,293,527
2020-07-06,4155,496624,14565312,29.2,29.45,29.2,29.25,0.05,288,603
2020-07-07,4155,944630,27136970,29.15,29.15,28.35,28.5,-0.75,532,479
2020-07-08,4155,830965,23974085,28.6,29.4,28.45,28.95,0.45,432,493
2020-07-09,4155,1560793,45778862,29.0,30.45,28.6,29.6,0.65,868,408
2020-07-10,4155,757530,21989316,29.3,29.7,28.65,28.85,-0.75,430,516
2020-07-13,4155,326366,9461564,28.9,29.35,28.85,29.0,0.15,194,611
2020-07-14,4155,412360,11803645,29.0,29.0,28.45,28.5,-0.5,272,550
2020-07-15,4155,275060,7835060,28.7,28.9,28.3,28.4,-0.1,196,643
2020-07-16,4155,321224,9179433,28.5,28.8,28.4,28.7,0.3,187,576
2020-07-17,4155,394848,11136976,28.6,28.65,27.95,28.05,-0.65,271,568
2020-07-20,4155,288043,7992949,28.05,28.1,27.4,27.8,-0.25,179,578
2020-07-21,4155,367822,10355316,27.8,28.55,27.8,28.0,0.2,224,572
2020-07-22,4155,111090,3125628,28.0,28.4,28.0,28.1,0.1,68,708
2020-07-23,4155,849804,23351799,28.05,28.05,27.15,27.4,-0.7,472,424
2020-07-24,4155,654900,17701066,27.35,27.5,26.65,27.3,-0.1,417,493
2020-07-27,4155,954300,26248540,27.9,28.55,27.0,27.3,0.0,545,436
2020-07-28,4155,384624,10499372,27.3,27.6,27.05,27.1,-0.2,253,586
2020-07-29,4155,322994,8842535,27.1,27.65,27.1,27.25,0.15,223,530
2020-07-30,4155,431056,11711126,27.35,27.5,27.05,27.1,-0.15,286,485
2020-07-31,4155,407030,11141674,27.15,27.65,27.15,27.25,0.15,254,476
2020-08-03,4155,357509,9719014,27.45,27.45,27.1,27.15,-0.1,237,529
2020-08-04,4155,296025,8127033,27.4,27.6,27.2,27.45,0.3,213,536
2020-08-05,4155,473067,13201459,27.55,28.15,27.55,28.1,0.65,335,499
2020-08-06,4155,493060,13825880,28.4,28.4,27.75,27.85,-0.25,276,497
2020-08-07,4155,138025,3829500,27.9,27.9,27.65,27.75,-0.1,107,651
2020-08-10,4155,357308,9775453,27.75,27.75,27.2,27.2,-0.55,255,561
2020-08-11,4155,760519,20587974,27.0,27.9,26.85,27.1,-0.1,662,455
2020-08-12,4155,394481,10636087,27.0,27.15,26.9,27.0,-0.1,292,518
2020-08-13,4155,293972,7938934,27.05,27.15,26.9,26.95,-0.05,224,557
2020-08-14,4155,263302,7087604,26.95,27.0,26.85,27.0,0.05,200,593
2020-08-17,4155,447061,11989873,26.95,27.0,26.7,26.75,-0.25,289,564
2020-08-18,4155,201434,5394823,26.8,26.9,26.7,26.85,0.1,146,654
2020-08-19,4155,288698,7772471,26.95,27.05,26.8,26.9,0.05,215,637
2020-08-20,4155,825158,21454564,26.85,27.0,25.25,26.05,-0.85,523,543
2020-08-21,4155,245743,6433162,26.4,26.4,26.0,26.15,0.1,166,609
2020-08-24,4155,219418,5842659,26.4,26.9,26.25,26.65,0.5,151,604
2020-08-25,4155,242007,6434085,26.7,26.8,26.45,26.45,-0.2,139,618
2020-08-26,4155,298477,8015679,26.45,27.05,26.45,26.9,0.45,204,579
2020-08-27,4155,412798,11216912,27.1,27.4,27.0,27.15,0.25,272,539
2020-08-28,4155,298793,8135316,27.3,27.4,27.05,27.2,0.05,180,574
2020-08-31,4155,226758,6142178,27.2,27.35,26.95,27.2,0.0,128,632
2020-09-01,4155,265474,7230165,27.25,27.35,27.05,27.25,0.05,153,619
2020-09-02,4155,355614,9782938,27.35,27.8,27.3,27.4,0.15,235,589
2020-09-03,4155,248262,6817227,27.7,27.7,27.35,27.45,0.05,163,646
2020-09-04,4155,1828005,51789389,27.3,29.15,27.0,28.4,0.95,1067,366
2020-09-07,4155,1810230,52855598,28.7,29.85,28.7,28.9,0.5,1023,390
2020-09-08,4155,1128929,32708087,28.9,29.35,28.4,28.4,-0.5,644,418
2020-09-09,4155,1461450,42333200,28.3,29.5,28.1,29.1,0.7,783,368
2020-09-10,4155,1146613,33670127,29.15,29.75,29.05,29.05,-0.05,573,402
2020-09-11,4155,2642033,78423161,29.45,30.2,29.25,29.3,0.25,1281,307
2020-09-14,4155,2054783,61643990,29.3,30.45,29.25,30.3,1.0,1028,296
2020-09-15,4155,4854345,151898342,30.5,31.85,30.5,31.5,1.2,2430,186
2020-09-16,4155,2270343,70507939,31.3,31.5,30.5,31.5,0.0,1260,280
2020-09-17,4155,2984465,94773625,31.7,32.2,31.15,31.45,-0.05,1447,247
2020-09-18,4155,3397278,105701267,31.45,31.8,30.45,30.8,-0.65,1777,245
2020-09-21,4155,1560729,47801768,30.8,31.0,30.2,30.35,-0.45,821,355
2020-09-22,4155,1150313,34431995,30.5,30.8,29.5,29.65,-0.7,652,399
2020-09-23,4155,845742,25169910,29.8,30.25,29.0,30.1,0.45,458,443
2020-09-24,4155,1120270,32599930,29.3,29.7,28.4,29.0,-1.1,673,449
2020-09-25,4155,1169784,32898190,29.1,29.65,27.15,27.95,-1.05,650,410
2020-09-28,4155,447601,12567306,28.5,28.5,27.8,28.05,0.1,224,455
2020-09-29,4155,656366,18679526,28.05,29.1,27.75,29.0,0.95,358,392
2020-09-30,4155,340543,9874047,29.1,29.25,28.6,29.05,0.05,199,436
2020-10-05,4155,543209,15876515,29.0,29.55,28.65,29.5,0.45,247,412
2020-10-06,4155,413435,12306118,29.8,29.9,29.6,29.85,0.35,264,489
2020-10-07,4155,618844,18545120,29.8,30.15,29.6,29.95,0.1,319,397
2020-10-08,4155,578123,17125763,29.9,29.95,29.35,29.45,-0.5,300,436
2020-10-12,4155,579315,16709937,29.45,29.55,28.6,28.7,-0.75,329,450
2020-10-13,4155,101100,2926400,28.8,29.05,28.8,29.0,0.3,78,679
2020-10-14,4155,244601,7092546,29.0,29.2,28.85,28.9,-0.1,138,571
2020-10-15,4155,248703,7170625,29.4,29.4,28.7,28.7,-0.2,142,564
2020-10-16,4155,202713,5800140,28.8,28.85,28.4,28.45,-0.25,132,604
2020-10-19,4155,190050,5435952,28.5,28.85,28.4,28.8,0.35,111,620
2020-10-20,4155,132178,3805084,28.65,29.0,28.6,28.8,0.0,98,614
2020-10-21,4155,833459,24636327,28.8,29.85,28.8,29.85,1.05,487,399
2020-10-22,4155,3967853,122497074,30.5,31.5,30.2,30.85,1.0,2333,222
2020-10-23,4155,1697684,51423811,30.5,30.9,29.9,30.5,-0.35,1054,303
2020-10-26,4155,706680,21346689,30.5,30.75,29.9,30.15,-0.35,425,424
2020-10-27,4155,1557953,47615733,30.0,30.85,29.75,30.75,0.6,810,315
2020-10-28,4155,997448,30670380,30.7,31.15,30.4,30.55,-0.2,619,369
2020-10-29,4155,1517119,46623418,30.0,31.05,29.85,31.0,0.45,828,320
2020-10-30,4155,1072578,33010033,31.0,31.4,30.05,30.05,-0.95,621,369
2020-11-02,4155,1419196,43741619,30.0,31.2,30.0,30.9,0.85,731,312
2020-11-03,4155,525606,16239617,30.85,31.2,30.7,30.85,-0.05,314,432
2020-11-04,4155,1117251,34630149,30.85,31.4,30.25,31.15,0.3,527,351
2020-11-05,4155,992615,30821328,31.3,31.4,30.8,30.8,-0.35,466,354
2020-11-06,4155,4066244,128710564,30.8,32.35,30.8,31.5,0.7,1907,196
2020-11-09,4155,1786917,56468621,31.55,32.1,31.3,31.7,0.2,904,328
2020-11-10,4155,5704908,169828820,31.1,31.1,28.95,29.4,-2.3,3045,220
2020-11-11,4155,1967196,59012775,29.85,30.25,29.45,30.1,0.7,925,359
2020-11-12,4155,1014600,30207500,30.1,30.1,29.55,29.95,-0.15,454,425
2020-11-13,4155,608034,18159559,29.95,30.1,29.75,29.75,-0.2,280,450
2020-11-16,4155,1855446,54371937,29.75,29.85,29.0,29.1,-0.65,874,357
2020-11-17,4155,1000848,28961140,29.1,29.3,28.75,29.0,-0.1,582,444
2020-11-18,4155,760246,22136154,29.0,29.55,28.85,29.0,0.0,438,465
2020-11-19,4155,1864029,53086960,29.0,29.0,28.05,28.45,-0.55,1151,346
2020-11-20,4155,516104,14760334,28.8,28.85,28.35,28.85,0.4,337,512
2020-11-23,4155,685027,19655486,28.85,28.95,28.5,28.6,-0.25,431,514
2020-11-24,4155,474094,13567037,28.65,28.8,28.5,28.65,0.05,328,551
2020-11-25,4155,644238,18376504,28.85,28.85,28.3,28.4,-0.25,377,527
2020-11-26,4155,797755,22516459,28.45,28.5,28.1,28.25,-0.15,493,484
2020-11-27,4155,449517,12785307,28.25,28.7,28.1,28.35,0.1,273,581
2020-11-30,4155,337392,9615144,28.4,28.6,28.4,28.5,0.15,219,674
2020-12-01,4155,873306,24738561,28.5,28.8,28.15,28.25,-0.25,489,509
2020-12-02,4155,444854,12563188,28.3,28.45,28.15,28.2,-0.05,272,603
2020-12-03,4155,482482,13615267,28.4,28.4,28.15,28.25,0.05,259,569
2020-12-04,4155,345000,9778050,28.4,28.45,28.25,28.3,0.05,187,629
2020-12-07,4155,427000,12060748,28.45,28.45,28.15,28.25,-0.05,241,615
2020-12-08,4155,501709,14353983,28.3,28.75,28.25,28.6,0.35,322,570
2020-12-09,4155,493701,14059107,28.65,28.7,28.35,28.4,-0.2,278,593
2020-12-10,4155,894625,25068337,28.4,28.45,27.8,27.85,-0.55,555,501
2020-12-11,4155,1829807,49597440,27.65,27.65,26.7,27.15,-0.7,983,414
2020-12-14,4155,275980,7516844,27.15,27.45,27.05,27.25,0.1,148,615
2020-12-15,4155,336817,9116898,27.35,27.35,26.9,27.0,-0.25,211,618
2020-12-16,4155,398000,10758800,27.05,27.3,26.85,27.15,0.15,227,599
2020-12-17,4155,160329,4362940,27.4,27.45,27.15,27.15,0.0,118,693
2020-12-18,4155,291030,7889816,27.35,27.4,26.95,27.05,-0.1,169,632
2020-12-21,4155,224514,6081310,27.3,27.3,27.0,27.15,0.1,136,688
2020-12-22,4155,299260,8117563,27.2,27.25,27.0,27.1,-0.05,183,674
2020-12-23,4155,273313,7422999,27.15,27.35,27.05,27.15,0.05,175,630
2020-12-24,4155,260135,7048621,27.15,27.25,27.0,27.1,-0.05,142,641
2020-12-25,4155,271646,7351831,27.1,27.15,27.0,27.05,-0.05,157,635
2020-12-28,4155,1388439,36889553,27.0,27.0,26.4,26.55,-0.5,809,470
2020-12-29,4155,1041870,27978103,26.65,27.15,26.55,26.95,0.4,358,505
2020-12-30,4155,683996,18435242,27.0,27.15,26.65,26.8,-0.15,319,555
2020-12-31,4155,209303,5634181,26.9,27.05,26.85,26.95,0.15,139,712
2021-01-04,4155,309380,8299208,27.0,27.05,26.7,26.95,0.0,185,679
2021-01-05,4155,329286,8838606,26.85,26.95,26.7,26.85,-0.1,159,653
2021-01-06,4155,477208,12710332,26.8,26.85,26.5,26.65,-0.2,274,658
2021-01-07,4155,332935,8831317,26.65,26.65,26.45,26.55,-0.1,189,642
2021-01-08,4155,1240734,33136115,26.5,26.9,26.4,26.9,0.35,416,483
2021-01-11,4155,407662,10824756,26.9,26.9,26.4,26.5,-0.4,228,652
2021-01-12,4155,294476,7824171,26.8,26.8,26.45,26.5,0.0,165,703
2021-01-13,4155,250243,6653669,26.7,26.75,26.5,26.5,0.0,143,691
2021-01-14,4155,266501,7047571,26.55,26.55,26.35,26.45,-0.05,165,642
2021-01-15,4155,364843,9591577,26.45,26.45,26.15,26.25,-0.2,211,667
2021-01-18,4155,279987,7303191,26.45,26.45,25.95,26.05,-0.2,174,666
2021-01-19,4155,332200,8648500,26.0,26.1,25.95,26.0,-0.05,166,602
2021-01-20,4155,489447,12578348,26.05,26.05,25.6,25.6,-0.4,255,660
2021-01-21,4155,408876,10424627,25.6,25.65,25.45,25.5,-0.1,191,611
2021-01-22,4155,233651,5917296,25.7,25.7,25.2,25.25,-0.25,178,669
2021-01-25,4155,386779,9995614,25.2,26.2,25.2,26.05,0.8,235,589
2021-01-26,4155,159228,4114656,26.0,26.05,25.7,25.7,-0.35,100,696
2021-01-27,4155,172554,4429022,25.6,25.75,25.6,25.7,0.0,96,643
2021-01-28,4155,228990,5807743,25.4,25.6,25.25,25.35,-0.35,154,642
2021-01-29,4155,238072,6013890,25.35,25.4,25.1,25.1,-0.25,151,684
2021-02-01,4155,278718,7021085,25.1,25.4,25.0,25.2,0.1,133,604
2021-02-02,4155,277526,7040248,25.2,25.5,25.2,25.35,0.15,153,597
2021-02-03,4155,220248,5615259,25.4,25.65,25.4,25.4,0.05,138,590
2021-02-04,4155,152338,3901541,25.35,25.8,25.35,25.55,0.15,115,655
2021-02-05,4155,218235,5627557,25.6,25.85,25.6,25.7,0.15,163,640
2021-02-17,4155,340357,8784121,25.7,25.95,25.7,25.9,0.2,179,640
2021-02-18,4155,277596,7270516,25.9,26.35,25.9,26.25,0.35,162,677
2021-02-19,4155,213026,5587544,26.15,26.4,26.0,26.25,0.0,149,692
2021-02-22,4155,340934,8991698,26.25,26.5,26.2,26.45,0.2,206,680
2021-02-23,4155,360701,9412173,26.45,26.45,25.9,26.05,-0.4,218,687
2021-02-24,4155,308777,8015263,26.05,26.15,25.75,25.85,-0.2,196,693
2021-02-25,4155,238882,6186189,25.85,26.1,25.7,26.1,0.25,148,698
2021-02-26,4155,223055,5778973,26.1,26.1,25.8,25.85,-0.25,136,728
2021-03-02,4155,220970,5732619,25.9,26.05,25.85,25.85,0.0,136,714
2021-03-03,4155,165210,4291144,25.9,26.1,25.85,26.0,0.15,103,730
2021-03-04,4155,203148,5281928,26.0,26.15,25.9,26.05,0.05,143,708
2021-03-05,4155,173200,4505529,25.9,26.2,25.9,26.15,0.1,122,704
2021-03-08,4155,1508652,41132552,26.15,27.8,26.15,27.0,0.85,891,419
2021-03-09,4155,432296,11662178,27.0,27.4,26.7,26.95,-0.05,291,616
2021-03-10,4155,176279,4725381,26.95,26.95,26.65,26.7,-0.25,143,708
2021-03-11,4155,444176,11806611,26.8,26.85,26.3,26.5,-0.2,299,623
2021-03-12,4155,312986,8310387,26.6,26.7,26.4,26.7,0.2,211,653
2021-03-15,4155,833759,22560973,26.7,27.7,26.55,27.05,0.35,445,524
2021-03-16,4155,357879,9691073,27.0,27.35,26.95,27.0,-0.05,205,649
2021-03-17,4155,227066,6102100,27.05,27.05,26.75,26.75,-0.25,156,729
2021-03-18,4155,151073,4055698,26.85,26.95,26.75,26.85,0.1,110,776
2021-03-19,4155,802278,21649684,26.75,27.3,26.55,27.0,0.15,429,562
2021-03-22,4155,207099,5588195,27.15,27.15,26.85,26.95,-0.05,152,762
2021-03-23,4155,316846,8582580,27.1,27.3,26.9,26.9,-0.05,177,711
2021-03-24,4155,183111,4925280,26.9,27.0,26.8,26.95,0.05,119,739
2021-03-25,4155,270085,7229370,26.9,26.95,26.65,26.7,-0.25,163,691
2021-03-26,4155,153149,4098077,26.7,26.85,26.7,26.75,0.05,97,777
2021-03-29,4155,122939,3294066,26.75,26.9,26.7,26.75,0.0,101,826
2021-03-30,4155,182044,4872225,26.8,26.9,26.7,26.7,-0.05,122,766
2021-03-31,4155,293212,7793413,26.65,26.7,26.5,26.55,-0.15,201,711
2021-04-01,4155,225770,6049489,26.85,26.9,26.55,26.7,0.15,184,754
2021-04-06,4155,408531,10890191,26.75,26.8,26.5,26.6,-0.1,247,703
2021-04-07,4155,192318,5130469,26.6,26.75,26.6,26.7,0.1,127,774
2021-04-08,4155,428669,11488236,26.75,26.9,26.7,26.7,0.0,243,714
2021-04-09,4155,530878,14309723,26.9,27.1,26.85,26.9,0.2,291,687
2021-04-12,4155,588583,15673668,26.85,26.85,26.5,26.55,-0.35,344,721
2021-04-13,4155,446961,11869268,26.75,26.8,26.3,26.35,-0.2,245,753
2021-04-14,4155,560621,14593597,26.5,26.5,25.65,25.9,-0.45,359,713
2021-04-15,4155,305187,7911312,26.0,26.05,25.85,25.85,-0.05,173,725
2021-04-16,4155,338508,8871886,25.95,26.45,25.85,26.3,0.45,211,733
2021-04-19,4155,530359,13982057,26.45,26.55,26.2,26.5,0.2,278,756
2021-04-20,4155,359350,9556937,26.55,26.7,26.4,26.5,0.0,185,759
2021-04-21,4155,250433,6630521,26.5,26.55,26.4,26.5,0.0,158,806
2021-04-22,4155,403612,10663133,26.6,26.65,25.95,26.15,-0.35,232,804
2021-04-23,4155,152305,3971078,26.0,26.25,25.95,26.2,0.05,121,838
2021-04-26,4155,326797,8659964,26.2,26.7,26.15,26.45,0.25,220,770
2021-04-27,4155,605023,16209793,26.6,27.0,26.55,26.7,0.25,324,687
2021-04-28,4155,276768,7407800,26.9,26.95,26.65,26.75,0.05,172,798
2021-04-29,4155,283129,7562843,26.8,26.85,26.6,26.6,-0.15,166,786
2021-05-03,4155,272007,7191200,26.6,26.75,26.2,26.2,-0.4,180,818
2021-05-04,4155,479782,12354123,26.25,26.25,25.4,25.7,-0.5,294,785
2021-05-05,4155,288003,7382475,25.6,25.85,25.5,25.65,-0.05,151,744
2021-05-06,4155,390383,9929526,25.65,25.75,25.25,25.3,-0.35,230,704
2021-05-07,4155,211864,5414793,25.45,25.8,25.35,25.65,0.35,136,756
2021-05-10,4155,108125,2776291,25.75,25.75,25.6,25.65,0.0,80,850
2021-05-11,4155,478382,12047599,25.5,25.5,25.0,25.0,-0.65,294,758
2021-05-12,4155,592539,14521471,25.05,25.45,23.8,24.35,-0.65,378,783
2021-05-13,4155,409394,9969445,24.1,24.7,23.5,24.45,0.1,224,762
2021-05-14,4155,213464,5243129,24.65,24.7,24.45,24.5,0.05,128,799
2021-05-17,4155,381965,8910974,23.5,24.5,22.7,23.1,-1.4,246,772
2021-05-18,4155,345190,8125245,23.15,23.8,23.15,23.8,0.7,204,735
2021-05-19,4155,215337,5083062,23.8,23.8,23.5,23.6,-0.2,125,747
2021-05-20,4155,212416,5021405,23.5,24.25,23.5,23.5,-0.1,116,727
2021-05-21,4155,114400,2705893,23.7,23.8,23.55,23.6,0.1,88,793
2021-05-24,4155,454006,11025851,23.65,24.6,23.65,24.0,0.4,283,609
2021-05-25,4155,278815,6735957,24.3,24.55,23.65,23.65,-0.35,179,700
2021-05-26,4155,390732,9409612,23.9,24.3,23.9,23.9,0.25,235,596
2021-05-27,4155,224077,5432481,23.9,24.45,23.9,24.35,0.45,151,692
2021-05-28,4155,454190,11349050,24.55,25.25,24.55,24.9,0.55,236,624
2021-05-31,4155,243001,6077375,24.9,25.2,24.9,24.95,0.05,133,710
2021-06-01,4155,177191,4412875,25.0,25.0,24.8,25.0,0.05,102,727
2021-06-02,4155,139370,3475489,25.0,25.1,24.85,25.0,0.0,101,773
2021-06-03,4155,163038,4090245,25.2,25.3,24.95,25.1,0.1,102,744
2021-06-04,4155,73050,1829105,25.2,25.2,24.95,25.0,-0.1,54,827
2021-06-07,4155,214050,5335732,25.0,25.15,24.75,25.0,0.0,125,724
2021-06-08,4155,84412,2111295,25.05,25.15,24.85,25.1,0.1,62,774
2021-06-09,4155,313377,7933737,25.15,25.45,25.15,25.2,0.1,229,618
2021-06-10,4155,444548,11420507,25.5,25.8,25.5,25.75,0.55,282,585
2021-06-11,4155,416416,10617761,25.8,25.8,25.3,25.7,-0.05,219,602
2021-06-15,4155,148777,3830111,25.85,25.9,25.6,25.75,0.05,105,745
2021-06-16,4155,173052,4445635,25.8,25.85,25.6,25.7,-0.05,98,730
2021-06-17,4155,110562,2830936,25.7,25.75,25.5,25.65,-0.05,90,756
2021-06-18,4155,129406,3311997,25.7,25.7,25.45,25.65,0.0,102,774
2021-06-21,4155,156220,3963114,25.5,25.6,25.25,25.25,-0.4,104,782
2021-06-22,4155,128651,3257534,25.35,25.5,25.2,25.3,0.05,74,780
2021-06-23,4155,95495,2422841,25.65,25.65,25.3,25.5,0.2,61,803
2021-06-24,4155,99203,2536465,25.55,25.65,25.45,25.6,0.1,76,792
2021-06-25,4155,131963,3389554,25.7,25.8,25.55,25.65,0.05,78,791
2021-06-28,4155,136338,3516301,25.7,25.85,25.7,25.8,0.15,105,791
2021-06-29,4155,100058,2572150,25.85,25.85,25.6,25.6,-0.2,87,821
2021-06-30,4155,139141,3581913,25.6,25.85,25.6,25.8,0.2,81,784
2021-07-01,4155,135408,3494854,25.9,25.95,25.65,25.7,-0.1,101,803
2021-07-02,4155,265298,6854109,25.85,25.95,25.7,25.85,0.15,130,706
2021-07-05,4155,230779,6000351,25.95,26.1,25.9,26.05,0.2,162,748
2021-07-06,4155,196900,5129115,26.1,26.15,26.0,26.05,0.0,141,739
2021-07-07,4155,112587,2914115,26.0,26.0,25.8,25.8,-0.25,96,822
2021-07-08,4155,251308,6521136,25.8,26.15,25.75,26.05,0.25,169,708
2021-07-09,4155,393994,10229504,26.0,26.05,25.9,25.95,-0.1,261,656
2021-07-12,4155,366810,8985164,24.6,24.7,24.35,24.4,0.0,235,708
2021-07-13,4155,334820,8065610,24.4,24.4,23.9,23.95,-0.45,243,735
2021-07-14,4155,125108,2988965,23.95,23.95,23.85,23.85,-0.1,93,806
2021-07-15,4155,155568,3719840,23.85,23.95,23.85,23.9,0.05,100,762
2021-07-16,4155,102240,2441861,23.9,24.05,23.7,24.0,0.1,79,802
2021-07-19,4155,265272,6345330,24.0,24.35,23.6,23.75,-0.25,195,707
2021-07-20,4155,276306,6533483,23.75,23.9,23.5,23.6,-0.15,202,706
2021-07-21,4155,149422,3523358,23.6,23.7,23.5,23.6,0.0,89,801
2021-07-22,4155,111150,2637764,23.75,23.9,23.55,23.55,-0.05,91,811
2021-07-23,4155,134304,3173716,23.6,23.8,23.55,23.8,0.25,65,785
2021-07-26,4155,110300,2632043,23.8,23.95,23.8,23.9,0.1,81,803
2021-07-27,4155,148105,3508380,23.9,23.9,23.5,23.55,-0.35,112,769
2021-07-28,4155,177451,4162374,23.55,23.6,23.25,23.45,-0.1,128,774
2021-07-29,4155,85569,2016495,23.45,23.65,23.45,23.65,0.2,56,788
2021-07-30,4155,65107,1540330,23.65,23.75,23.6,23.7,0.05,46,819
2021-08-02,4155,117101,2797203,23.7,24.0,23.7,24.0,0.3,83,768
2021-08-03,4155,108368,2616366,24.0,24.3,24.0,24.25,0.25,67,757
2021-08-04,4155,42307,1014523,24.15,24.15,23.8,24.0,-0.25,41,845
2021-08-05,4155,58258,1396139,24.0,24.1,23.9,24.1,0.1,44,830
2021-08-06,4155,43755,1048953,24.1,24.1,23.9,24.0,-0.1,37,860
2021-08-09,4155,65309,1552601,23.95,23.95,23.7,23.7,-0.3,65,842
2021-08-10,4155,89230,2110843,23.7,23.75,23.6,23.6,-0.1,54,809
2021-08-11,4155,145406,3418979,23.6,23.75,23.3,23.4,-0.2,92,785
2021-08-12,4155,51708,1212419,23.4,23.6,23.4,23.45,0.05,48,829
2021-08-13,4155,184800,4274854,23.35,23.35,23.0,23.1,-0.35,141,732
2021-08-16,4155,245176,5561864,23.1,23.1,22.5,22.85,-0.25,179,728
2021-08-17,4155,117369,2663427,22.65,22.8,22.55,22.55,-0.3,85,782
2021-08-18,4155,310196,6868823,22.3,22.35,21.95,22.25,-0.3,191,660
2021-08-19,4155,120572,2664788,22.25,22.25,22.05,22.1,-0.15,80,787
2021-08-20,4155,95708,2109666,22.05,22.1,21.9,22.05,-0.05,64,781
2021-08-23,4155,129334,2865419,22.0,22.45,22.0,22.3,0.25,74,738
2021-08-24,4155,273643,6192682,22.35,23.15,22.35,22.95,0.65,132,621
2021-08-25,4155,57427,1313778,22.95,22.95,22.75,22.95,0.0,51,813
2021-08-26,4155,92220,2106865,22.95,23.0,22.65,22.75,-0.2,49,763
2021-08-27,4155,85060,1938076,22.75,22.85,22.7,22.85,0.1,50,778
2021-08-30,4155,78551,1780173,22.8,22.85,22.55,22.55,-0.3,65,775
2021-08-31,4155,123356,2788018,22.55,22.75,22.5,22.7,0.15,69,718
2021-09-01,4155,90007,2030623,22.7,22.7,22.4,22.6,-0.1,75,788
2021-09-02,4155,69012,1550140,22.6,22.65,22.4,22.5,-0.1,50,796
2021-09-03,4155,147930,3332730,22.5,22.7,22.4,22.55,0.05,73,718
2021-09-06,4155,105276,2383137,22.55,22.8,22.5,22.55,0.0,62,758
2021-09-07,4155,113100,2557910,22.5,22.75,22.45,22.6,0.05,61,729
2021-09-08,4155,98610,2213749,22.6,22.6,22.3,22.4,-0.2,70,779
2021-09-09,4155,84000,1873800,22.35,22.4,22.25,22.3,-0.1,51,755
2021-09-10,4155,121199,2689729,22.3,22.3,22.1,22.15,-0.15,84,708
2021-09-13,4155,125682,2783894,22.15,22.4,22.1,22.1,-0.05,95,722
2021-09-14,4155,92140,2041649,22.1,22.2,22.1,22.1,0.0,54,754
2021-09-15,4155,73458,1624178,22.1,22.2,22.1,22.1,0.0,41,779
2021-09-16,4155,105748,2337557,22.15,22.25,22.05,22.05,-0.05,76,734
2021-09-17,4155,32627,720691,22.15,22.15,22.05,22.05,0.0,39,857
2021-09-22,4155,610165,13799779,22.05,23.0,22.05,22.7,0.65,391,550
2021-09-23,4155,388349,8879845,23.0,23.0,22.7,22.8,0.1,251,543
2021-09-24,4155,276014,6347466,22.95,23.1,22.95,23.0,0.2,170,598
2021-09-27,4155,695616,16515832,23.15,24.2,23.1,24.15,1.15,497,495
2021-09-28,4155,432033,10351437,24.2,24.2,23.8,24.05,-0.1,263,542
2021-09-29,4155,311197,7427433,24.05,24.05,23.7,23.7,-0.35,240,640
2021-09-30,4155,156437,3728394,23.7,24.0,23.7,23.9,0.2,119,696
2021-10-01,4155,221072,5200776,23.9,23.9,23.3,23.4,-0.5,187,729
2021-10-04,4155,182048,4238317,23.4,23.55,23.1,23.2,-0.2,140,739
2021-10-05,4155,207333,4773287,23.2,23.2,22.9,23.05,-0.15,147,667
2021-10-06,4155,122519,2822251,23.15,23.15,22.95,22.95,-0.1,96,720
2021-10-07,4155,149103,3506865,23.05,23.65,23.05,23.55,0.6,105,718
2021-10-08,4155,74598,1752204,23.55,23.55,23.35,23.35,-0.2,72,767
2021-10-12,4155,180453,4180190,23.3,23.3,23.0,23.2,-0.15,140,679
2021-10-13,4155,146073,3355629,23.3,23.3,22.85,23.0,-0.2,121,704
2021-10-14,4155,134643,3086683,23.0,23.0,22.85,22.85,-0.15,98,686
2021-10-15,4155,84249,1928486,22.85,22.95,22.85,22.85,0.0,70,780
2021-10-18,4155,94750,2176559,22.9,23.0,22.9,23.0,0.15,65,730
2021-10-19,4155,180070,4144816,23.05,23.1,23.0,23.0,0.0,82,681
2021-10-20,4155,114031,2638345,23.0,23.25,23.0,23.15,0.15,84,711
2021-10-21,4155,137034,3162465,23.15,23.15,23.0,23.1,-0.05,106,711
2021-10-22,4155,71800,1652064,23.1,23.1,22.95,23.0,-0.1,59,766
2021-10-25,4155,193844,4487477,23.05,23.25,23.0,23.2,0.2,126,633
2021-10-26,4155,145729,3367190,23.2,23.2,23.05,23.1,-0.1,111,733
2021-10-27,4155,142207,3284636,23.15,23.2,23.0,23.2,0.1,104,706
2021-10-28,4155,114298,2649329,23.2,23.25,23.1,23.2,0.0,85,739
2021-10-29,4155,131255,3038513,23.15,23.2,23.1,23.15,-0.05,76,737
2021-11-01,4155,599336,14302988,23.2,24.15,23.2,23.95,0.8,427,546
2021-11-02,4155,410764,9849367,24.0,24.1,23.85,23.85,-0.1,251,594
2021-11-03,4155,136242,3254565,24.05,24.05,23.8,23.95,0.1,105,719
2021-11-04,4155,188387,4490340,23.85,23.9,23.8,23.8,-0.15,125,694
2021-11-05,4155,118435,2820483,23.95,23.95,23.75,23.75,-0.05,87,752
2021-11-08,4155,206582,4911869,23.75,23.9,23.7,23.8,0.05,118,693
2021-11-09,4155,101510,2410417,23.8,23.8,23.7,23.7,-0.1,78,785
2021-11-10,4155,253888,5970239,23.7,23.75,23.15,23.35,-0.35,196,685
2021-11-11,4155,209640,4884361,23.35,23.35,23.25,23.35,0.0,117,709
2021-11-12,4155,111816,2619851,23.45,23.8,23.3,23.45,0.1,102,781
2021-11-15,4155,153538,3611831,23.45,23.65,23.45,23.55,0.1,106,772
2021-11-16,4155,290751,6790071,23.55,23.55,23.1,23.4,-0.15,190,682
2021-11-17,4155,194234,4516379,23.4,23.4,23.2,23.2,-0.2,141,733
2021-11-18,4155,129166,2992853,23.2,23.25,23.05,23.25,0.05,112,793
2021-11-19,4155,130431,3034419,23.3,23.35,23.2,23.2,-0.05,84,773
2021-11-22,4155,117875,2748463,23.2,23.4,23.2,23.3,0.1,91,777
2021-11-23,4155,90151,2100611,23.35,23.4,23.25,23.3,0.0,65,804
2021-11-24,4155,87207,2034941,23.3,23.45,23.3,23.4,0.1,57,796
2021-11-25,4155,184689,4295514,23.4,23.45,23.15,23.15,-0.25,137,705
2021-11-26,4155,196864,4535500,23.15,23.2,22.95,23.0,-0.15,142,757
2021-11-29,4155,131317,3011891,22.75,23.05,22.75,22.9,-0.1,109,774
2021-11-30,4155,121050,2810055,22.95,23.5,22.95,23.2,0.3,89,760
2021-12-01,4155,71117,1644365,23.05,23.2,23.05,23.15,-0.05,52,811
2021-12-02,4155,72088,1661333,23.1,23.1,23.0,23.0,-0.15,55,813
2021-12-03,4155,94082,2163539,23.0,23.05,22.95,23.0,0.0,79,761
2021-12-06,4155,58442,1347366,23.05,23.1,23.0,23.05,0.05,45,815
2021-12-07,4155,93843,2157337,23.05,23.05,22.95,22.95,-0.1,76,795
2021-12-08,4155,110340,2539213,23.0,23.1,22.95,23.0,0.05,80,781
2021-12-09,4155,61361,1413840,23.1,23.1,23.0,23.0,0.0,68,834
2021-12-10,4155,163591,3800891,23.1,23.4,23.05,23.2,0.2,113,714
2021-12-13,4155,205548,4793170,23.2,23.4,23.2,23.2,0.0,129,719
2021-12-14,4155,253000,5888350,23.25,23.4,23.1,23.15,-0.05,115,691
2021-12-15,4155,109502,2553686,23.15,23.4,23.15,23.3,0.15,65,749
2021-12-16,4155,323606,7650427,23.4,23.75,23.4,23.5,0.2,206,615
2021-12-17,4155,81999,1923663,23.7,23.7,23.4,23.4,-0.1,104,802
2021-12-20,4155,113071,2641116,23.35,23.5,23.2,23.2,-0.2,84,758
2021-12-21,4155,50196,1165287,23.25,23.3,23.15,23.25,0.05,42,844
2021-12-22,4155,84179,1966134,23.4,23.5,23.25,23.4,0.15,76,788
2021-12-23,4155,86266,2012172,23.4,23.45,23.25,23.25,-0.15,63,789
2021-12-24,4155,84142,1961900,23.3,23.4,23.25,23.35,0.1,57,801
2021-12-27,4155,131090,3056736,23.4,23.4,23.25,23.3,-0.05,96,779
2021-12-28,4155,75844,1762794,23.3,23.3,23.2,23.25,-0.05,62,831
2021-12-29,4155,130688,3045601,23.35,23.35,23.25,23.3,0.05,100,773
2021-12-30,4155,86543,2020925,23.35,23.45,23.3,23.35,0.05,61,828
2022-01-03,4155,101218,2360525,23.35,23.5,23.25,23.3,-0.05,71,809
2022-01-04,4155,96555,2244341,23.45,23.45,23.15,23.2,-0.1,317,803
2022-01-05,4155,198684,4579112,23.25,23.25,22.95,23.15,-0.05,142,719
2022-01-06,4155,85345,1968626,23.15,23.15,23.0,23.15,0.0,65,811
2022-01-07,4155,255111,5852302,23.15,23.15,22.85,22.95,-0.2,186,715
2022-01-10,4155,112528,2587594,22.95,23.05,22.9,23.0,0.05,87,777
2022-01-11,4155,111424,2554737,23.0,23.0,22.85,22.85,-0.15,94,800
2022-01-12,4155,196339,4488432,22.85,22.9,22.8,22.8,-0.05,113,711
2022-01-13,4155,94219,2152453,22.85,22.9,22.8,22.9,0.1,63,780
2022-01-14,4155,103852,2367907,22.9,22.9,22.75,22.8,-0.1,97,796
2022-01-17,4155,100401,2290132,22.85,22.9,22.75,22.85,0.05,64,765
2022-01-18,4155,661938,15426617,22.85,23.4,22.75,23.35,0.5,1732,490
2022-01-19,4155,340125,7957472,23.4,23.4,23.3,23.35,0.0,1366,579
2022-01-20,4155,135034,3154886,23.35,23.4,23.3,23.3,-0.05,537,702
2022-01-21,4155,207051,4791835,23.25,23.25,23.05,23.1,-0.2,952,709
2022-01-24,4155,148004,3396873,23.1,23.1,22.85,22.9,-0.2,621,747
2022-01-25,4155,139459,3192791,22.9,22.95,22.8,22.9,0.0,581,767
2022-01-26,4155,122581,2813451,23.0,23.0,22.85,22.95,0.05,495,739
2022-02-07,4155,108479,2506419,23.0,23.2,23.0,23.2,0.25,223,756
2022-02-08,4155,87323,2022693,23.2,23.25,23.1,23.1,-0.1,378,772
2022-02-09,4155,119061,2744057,23.1,23.2,23.0,23.15,0.05,245,765
2022-02-10,4155,48489,1121317,23.1,23.15,23.05,23.15,0.0,199,841
2022-02-11,4155,74159,1718937,23.25,23.25,23.15,23.15,0.0,199,796
2022-02-14,4155,105777,2443790,23.2,23.2,23.05,23.1,-0.05,342,772
2022-02-15,4155,84491,1949352,23.1,23.1,23.05,23.1,0.0,207,791
2022-02-16,4155,105421,2435279,23.15,23.15,23.05,23.15,0.05,249,770
2022-02-17,4155,80842,1868946,23.2,23.2,23.05,23.1,-0.05,206,808
2022-02-18,4155,135338,3131616,23.1,23.2,23.1,23.2,0.1,199,724
2022-02-21,4155,168254,3887978,23.1,23.15,23.05,23.05,-0.15,343,694
2022-02-22,4155,195129,4486461,23.05,23.05,22.95,22.95,-0.1,441,724
2022-02-23,4155,68406,1573593,23.0,23.05,22.95,23.0,0.05,184,787
2022-02-24,4155,220187,5040125,23.05,23.05,22.8,22.9,-0.1,418,738
2022-02-25,4155,231932,5296510,22.9,22.9,22.75,22.85,-0.05,925,674
2022-03-01,4155,257686,5895039,22.85,23.0,22.75,22.8,-0.05,308,637
2022-03-02,4155,110189,2526409,22.95,23.0,22.85,22.9,0.1,158,726
2022-03-03,4155,111752,2559235,22.95,23.0,22.85,22.95,0.05,157,744
2022-03-04,4155,104673,2394191,22.95,22.95,22.8,22.9,-0.05,247,757
2022-03-07,4155,310777,7034986,22.9,22.9,22.5,22.55,-0.35,811,717
2022-03-08,4155,326875,7357228,22.55,22.7,22.4,22.4,-0.15,577,684
2022-03-09,4155,143478,3218276,22.45,22.5,22.4,22.45,0.05,319,731
2022-03-10,4155,86946,1974776,22.55,22.85,22.55,22.7,0.25,170,783
2022-03-11,4155,27288,618910,22.6,22.7,22.6,22.65,-0.05,151,882
2022-03-14,4155,85779,1937067,22.65,22.65,22.5,22.5,-0.15,206,756
2022-03-15,4155,198125,4428354,22.5,22.5,22.25,22.3,-0.2,419,681
2022-03-16,4155,104750,2334338,22.3,22.5,22.2,22.3,0.0,183,776
2022-03-17,4155,108516,2432020,22.4,22.5,22.3,22.45,0.15,129,789
2022-03-18,4155,72778,1635561,22.5,22.55,22.4,22.5,0.05,95,776
2022-03-21,4155,48811,1104132,22.55,22.75,22.55,22.65,0.15,94,835
2022-03-22,4155,102849,2320547,22.7,22.7,22.5,22.6,-0.05,207,741
2022-03-23,4155,87511,1981993,22.7,22.7,22.6,22.65,0.05,166,810
2022-03-24,4155,66642,1506242,22.65,22.65,22.55,22.6,-0.05,190,813
2022-03-25,4155,132891,2997006,22.55,22.6,22.5,22.6,0.0,277,732
2022-03-28,4155,81436,1839484,22.65,22.65,22.5,22.55,-0.05,187,805
2022-03-29,4155,125944,2843398,22.55,22.65,22.55,22.6,0.05,193,726
2022-03-30,4155,69834,1580798,22.65,22.7,22.55,22.7,0.1,169,832
2022-03-31,4155,443222,10214199,22.65,23.25,22.65,22.9,0.2,470,539
2022-04-01,4155,83555,1916698,23.0,23.15,22.85,22.9,0.0,160,784
2022-04-06,4155,91548,2098835,22.9,23.0,22.85,22.95,0.05,150,778
2022-04-07,4155,98487,2251632,22.9,22.95,22.8,22.9,-0.05,160,819
2022-04-08,4155,76223,1742733,22.8,22.9,22.75,22.9,0.0,119,802
2022-04-11,4155,250011,5742634,23.1,23.15,22.8,22.85,-0.05,257,701
2022-04-12,4155,60927,1390845,22.85,22.85,22.75,22.85,0.0,99,828
2022-04-13,4155,126556,2901227,22.95,23.0,22.85,23.0,0.15,115,764
2022-04-14,4155,66304,1523258,23.0,23.0,22.9,23.0,0.0,117,807
2022-04-15,4155,779485,18257021,23.05,23.7,23.05,23.5,0.5,497,486
2022-04-18,4155,5743520,145241680,23.6,25.85,23.5,25.75,2.25,3428,210
2022-04-19,4155,1932291,46850667,25.1,25.1,23.65,24.1,-1.65,1386,337
2022-04-20,4155,1280638,30908821,24.3,24.75,23.6,24.6,0.5,1003,407
2022-04-21,4155,1362915,33765861,24.55,25.2,24.3,24.7,0.1,776,387
2022-04-22,4155,3618851,93047644,24.75,26.35,24.75,25.4,0.7,2098,271
2022-04-25,4155,3241789,81604735,25.8,26.0,24.0,24.0,-1.4,1952,321
2022-04-26,4155,922704,21987298,24.2,24.5,23.55,23.65,-0.35,791,451
2022-04-27,4155,764770,18175481,23.2,24.65,23.0,23.75,0.1,667,535
2022-04-28,4155,327202,7828810,23.9,24.2,23.6,23.75,0.0,280,570
2022-04-29,4155,427118,10169688,23.75,24.2,23.55,23.55,-0.2,344,515
2022-05-03,4155,293639,6884491,23.55,23.6,23.35,23.35,-0.2,249,566
2022-05-04,4155,255259,5999721,23.4,24.0,23.3,23.3,-0.05,229,574
2022-05-05,4155,648860,15017566,23.45,23.5,23.0,23.05,-0.25,492,474
2022-05-06,4155,645358,14634799,22.95,23.0,22.5,22.75,-0.3,629,484
2022-05-09,4155,302310,6842724,22.75,22.8,22.5,22.6,-0.15,359,653
2022-05-10,4155,241091,5488810,22.6,23.0,22.5,23.0,0.4,225,655
2022-05-11,4155,242194,5539148,22.95,23.05,22.7,22.8,-0.2,282,629
2022-05-12,4155,343580,7754087,22.8,22.8,22.4,22.55,-0.25,360,648
2022-05-13,4155,166432,3796780,22.7,22.95,22.55,22.8,0.25,167,694
2022-05-16,4155,205577,4734731,23.0,23.15,22.95,23.0,0.2,148,654
2022-05-17,4155,253488,5861056,23.15,23.2,23.0,23.1,0.1,209,614
2022-05-18,4155,390077,9005804,23.1,23.25,23.0,23.15,0.05,327,570
2022-05-19,4155,287921,6710785,23.05,23.55,22.95,23.25,0.1,281,591
2022-05-20,4155,202925,4732091,23.3,23.4,23.2,23.3,0.05,196,614
2022-05-23,4155,139681,3227585,23.35,23.35,22.9,23.1,-0.2,185,671
2022-05-24,4155,53479,1237224,23.2,23.25,23.05,23.05,-0.05,94,809
2022-05-25,4155,73973,1706505,23.05,23.1,23.0,23.05,0.0,105,764
2022-05-26,4155,144448,3321898,23.2,23.2,22.9,22.9,-0.15,174,673
2022-05-27,4155,69317,1593251,23.1,23.1,22.9,23.05,0.15,97,781
2022-05-30,4155,155909,3605023,23.1,23.2,23.05,23.2,0.15,162,708
2022-05-31,4155,83827,1935695,23.2,23.2,23.0,23.1,-0.1,103,739
2022-06-01,4155,69857,1619717,23.15,23.25,23.1,23.2,0.1,112,816
2022-06-02,4155,137029,3185231,23.15,23.4,23.1,23.3,0.1,146,690
2022-06-06,4155,111954,2610232,23.3,23.4,23.25,23.35,0.05,139,728
2022-06-07,4155,106371,2473570,23.35,23.4,23.15,23.2,-0.15,192,733
2022-06-08,4155,82568,1923290,23.3,23.35,23.25,23.3,0.1,90,769
2022-06-09,4155,1237267,29775368,23.45,24.45,23.45,23.9,0.6,852,348
2022-06-10,4155,264583,6327863,23.9,24.1,23.7,23.95,0.05,396,597
2022-06-13,4155,185923,4419710,23.75,23.95,23.7,23.7,-0.25,245,730
2022-06-14,4155,229822,5388722,23.7,23.7,23.25,23.5,-0.2,253,666
2022-06-15,4155,120115,2835868,23.55,23.75,23.5,23.7,0.2,135,755
2022-06-16,4155,247113,5883674,23.9,24.0,23.6,23.65,-0.05,198,658
2022-06-17,4155,144137,3369456,23.5,23.55,23.25,23.4,-0.25,205,733
2022-06-20,4155,196712,4577662,23.45,23.7,23.0,23.15,-0.25,230,720
2022-06-21,4155,139053,3238835,23.1,23.45,23.05,23.4,0.25,121,751
2022-06-22,4155,116881,2726889,23.5,23.5,23.2,23.2,-0.2,124,755
2022-06-23,4155,162311,3798362,23.3,23.6,23.2,23.4,0.2,159,723
2022-06-24,4155,246463,5818917,23.55,23.75,23.45,23.7,0.3,174,649
2022-06-27,4155,433937,10431364,23.95,24.25,23.9,24.0,0.3,263,551
2022-06-28,4155,126224,3027169,24.0,24.2,23.85,24.05,0.05,129,666
2022-06-29,4155,142217,3405950,24.0,24.1,23.75,23.85,-0.2,147,651
2022-06-30,4155,314374,7440924,23.95,24.0,23.5,23.55,-0.3,281,639
2022-07-01,4155,276867,6403911,23.55,23.55,22.95,22.95,-0.6,258,696
2022-07-04,4155,113377,2625663,23.05,23.25,23.05,23.1,0.15,122,758
2022-07-05,4155,283097,6551176,23.1,23.25,23.05,23.25,0.15,201,606
2022-07-06,4155,435039,9768503,22.5,22.55,22.3,22.35,0.0,353,546
2022-07-07,4155,229528,5134989,22.35,22.8,22.15,22.45,0.1,183,637
2022-07-08,4155,222501,5069779,22.7,22.9,22.65,22.75,0.3,192,643
2022-07-11,4155,110234,2509259,22.95,22.95,22.6,22.65,-0.1,128,712
2022-07-12,4155,248379,5525852,22.55,22.55,22.1,22.1,-0.55,290,647
2022-07-13,4155,271427,6025536,22.3,22.45,22.1,22.3,0.2,297,608
2022-07-14,4155,260144,5763698,22.15,22.25,22.1,22.2,-0.1,293,578
2022-07-15,4155,123808,2779227,22.3,22.55,22.3,22.4,0.2,106,700
2022-07-18,4155,113781,2555662,22.4,22.55,22.35,22.4,0.0,87,721
2022-07-19,4155,100745,2269244,22.4,22.6,22.4,22.45,0.05,121,719
2022-07-20,4155,254981,5747295,22.5,22.65,22.45,22.5,0.05,194,638
2022-07-21,4155,118524,2697405,22.5,23.0,22.5,22.75,0.25,103,697
2022-07-22,4155,96323,2191362,22.85,22.85,22.6,22.8,0.05,128,725
2022-07-25,4155,140804,3230535,22.8,23.1,22.75,23.05,0.25,132,650
2022-07-26,4155,64427,1470144,23.05,23.05,22.55,22.9,-0.15,116,779
2022-07-27,4155,66740,1526236,23.0,23.0,22.75,22.9,0.0,111,757
2022-07-28,4155,139308,3179198,23.05,23.05,22.75,22.75,-0.15,163,675
2022-07-29,4155,118768,2709823,22.9,22.9,22.75,22.75,0.0,133,696
2022-08-01,4155,80070,1834650,22.9,23.0,22.8,22.95,0.2,84,755
2022-08-02,4155,120931,2755463,22.9,22.9,22.7,22.75,-0.2,258,729
2022-08-03,4155,184923,4194763,22.65,22.8,22.6,22.65,-0.1,162,648
2022-08-04,4155,232792,5247618,22.65,22.75,22.4,22.4,-0.25,164,649
2022-08-05,4155,107545,2457548,22.75,23.0,22.7,22.7,0.3,101,735
2022-08-08,4155,117261,2668195,22.8,22.9,22.6,22.8,0.1,105,715
2022-08-09,4155,66055,1509871,22.8,22.95,22.8,22.85,0.05,77,787
2022-08-10,4155,289802,6508431,22.75,22.75,22.3,22.5,-0.35,356,621
2022-08-11,4155,111702,2531495,22.75,22.75,22.5,22.6,0.1,148,788
2022-08-12,4155,274631,6313121,22.7,23.2,22.7,22.95,0.35,192,659
2022-08-15,4155,227225,5244474,23.1,23.3,22.9,23.1,0.15,155,698
2022-08-16,4155,191240,4441970,23.15,23.4,23.05,23.05,-0.05,188,688
2022-08-17,4155,153900,3561595,23.05,23.3,23.05,23.15,0.1,88,747
2022-08-18,4155,154358,3558091,23.2,23.25,22.9,23.05,-0.1,187,709
2022-08-19,4155,214534,4931425,23.05,23.1,22.9,23.0,-0.05,146,695
2022-08-22,4155,451567,10510452,23.0,23.55,23.0,23.1,0.1,278,570
2022-08-23,4155,307009,7136462,23.15,23.4,23.1,23.25,0.15,188,610
2022-08-24,4155,899985,21446288,23.45,24.2,23.45,23.8,0.55,607,442
2022-08-25,4155,406953,9748104,24.0,24.05,23.8,24.0,0.2,273,576
2022-08-26,4155,370461,8932438,24.1,24.3,23.9,23.9,-0.1,306,606
2022-08-29,4155,305094,7240109,23.5,23.9,23.5,23.9,0.0,259,653
2022-08-30,4155,587737,14316011,24.0,24.5,24.0,24.45,0.55,367,475
2022-08-31,4155,1494713,37343153,24.45,25.4,24.45,24.85,0.4,1044,351
2022-09-01,4155,924997,23112364,24.9,25.4,24.7,24.75,-0.1,667,455
2022-09-02,4155,564580,13852830,25.1,25.1,24.2,24.3,-0.45,594,495
2022-09-05,4155,332754,8134683,24.35,24.65,24.3,24.45,0.15,250,606
2022-09-06,4155,565803,13520303,24.55,24.55,23.4,23.65,-0.8,391,530
2022-09-07,4155,156693,3726824,23.65,24.05,23.55,23.85,0.2,124,717
2022-09-08,4155,274579,6679813,24.1,24.45,24.05,24.3,0.45,187,587
2022-09-12,4155,272594,6674859,24.5,24.6,24.4,24.4,0.1,173,626
2022-09-13,4155,959416,23933706,24.7,25.15,24.6,25.15,0.75,638,410
2022-09-14,4155,1953772,49697375,25.2,25.9,24.85,25.3,0.15,1236,315
2022-09-15,4155,1332524,34145733,25.45,25.9,25.3,25.35,0.05,861,362
2022-09-16,4155,1400641,36088529,25.4,26.0,25.35,25.85,0.5,732,365
2022-09-19,4155,1530127,39696971,26.0,26.35,25.55,25.9,0.05,885,329
2022-09-20,4155,3460247,91824190,26.5,26.8,26.2,26.5,0.6,1708,214
2022-09-21,4155,2705461,71164402,26.7,26.95,25.7,25.95,-0.55,1308,249
2022-09-22,4155,2340491,61492766,26.1,26.6,25.45,26.4,0.45,1059,272
2022-09-23,4155,1688234,44365754,26.4,26.7,25.9,26.15,-0.25,1018,310
2022-09-26,4155,1787600,46644172,25.9,26.45,25.6,26.2,0.05,1014,345
2022-09-27,4155,2735174,67665361,26.2,26.2,23.8,24.7,-1.5,1550,259
2022-09-28,4155,1190258,28954331,24.85,24.95,23.9,23.9,-0.8,531,421
2022-09-29,4155,906366,22217583,24.5,24.95,24.0,24.75,0.85,456,403
2022-09-30,4155,1167145,29222690,24.65,25.45,24.25,25.4,0.65,679,358
2022-10-03,4155,914120,22927540,25.3,25.6,24.6,24.65,-0.75,453,345
2022-10-04,4155,839348,21002331,25.05,25.35,24.75,24.95,0.3,413,376
2022-10-05,4155,5540962,146360035,25.3,27.0,25.2,26.6,1.65,2718,196
2022-10-06,4155,3080816,81687368,26.8,26.8,26.1,26.7,0.1,1594,225
2022-10-07,4155,3193235,80878016,26.25,26.25,24.6,25.1,-1.6,1673,222
2022-10-11,4155,2319392,55603342,24.85,24.85,23.25,24.0,-1.1,1328,292
2022-10-12,4155,867380,20759930,23.85,24.35,23.6,23.95,-0.05,609,386
2022-10-13,4155,1930266,44425739,23.75,23.95,22.5,22.7,-1.25,1139,350
2022-10-14,4155,603419,13894039,23.1,23.35,22.7,22.8,0.1,413,467
2022-10-17,4155,785885,17782532,22.75,23.1,22.25,23.05,0.25,470,412
2022-10-18,4155,580204,13502427,23.15,23.6,22.85,23.45,0.4,389,425
2022-10-19,4155,359814,8338631,23.3,23.5,22.9,22.95,-0.5,249,499
2022-10-20,4155,505974,11544467,22.9,23.1,22.6,23.05,0.1,267,541
2022-10-21,4155,545738,12418496,22.95,23.0,22.6,22.75,-0.3,343,453
2022-10-24,4155,200042,4570348,23.1,23.1,22.7,22.7,-0.05,252,604
2022-10-25,4155,482244,10867691,22.7,22.75,22.4,22.5,-0.2,322,460
2022-10-26,4155,193004,4354047,22.5,22.8,22.45,22.5,0.0,146,600
2022-10-27,4155,320669,7282704,22.6,22.85,22.55,22.8,0.3,162,519
2022-10-28,4155,339594,7668722,22.8,22.85,22.45,22.45,-0.35,284,488
2022-10-31,4155,403400,9061182,22.55,22.65,22.35,22.35,-0.1,271,451
2022-11-01,4155,329293,7440696,22.35,22.75,22.35,22.65,0.3,183,502
2022-11-02,4155,612723,14232877,22.55,23.55,22.55,23.3,0.65,390,418
2022-11-03,4155,6538849,164429467,23.5,25.6,23.5,24.9,1.6,2329,148
2022-11-04,4155,2403821,60340638,24.9,25.6,24.5,25.6,0.7,1319,259
2022-11-07,4155,1700802,44077365,25.6,26.2,25.35,26.1,0.5,814,307
2022-11-08,4155,1614489,42015043,26.1,26.45,25.55,25.55,-0.55,830,325
2022-11-09,4155,1078619,27838005,25.35,26.05,25.35,25.85,0.3,449,390
2022-11-10,4155,470105,12114886,25.85,26.05,25.55,25.7,-0.15,263,474
2022-11-11,4155,1058614,27215686,25.9,26.35,25.35,25.4,-0.3,469,423
2022-11-14,4155,523228,13334985,25.65,25.7,25.4,25.4,0.0,248,522
2022-11-15,4155,617426,15835899,25.4,25.95,25.4,25.7,0.3,304,486
2022-11-16,4155,650906,16442920,25.7,25.8,25.05,25.1,-0.6,350,481
2022-11-17,4155,530612,13488042,25.1,25.6,25.1,25.5,0.4,242,482
2022-11-18,4155,233986,5984937,25.4,25.75,25.4,25.55,0.05,155,593
2022-11-21,4155,625713,16287221,25.55,26.15,25.55,25.95,0.4,343,411
2022-11-22,4155,475512,12384694,26.0,26.2,25.9,26.0,0.05,238,442
2022-11-23,4155,1120660,29462249,26.15,26.6,26.05,26.35,0.35,527,345
2022-11-24,4155,959179,25333752,26.5,26.8,26.25,26.3,-0.05,391,380
2022-11-25,4155,764930,20058891,26.35,26.4,26.1,26.1,-0.2,313,419
2022-11-28,4155,431618,11266767,26.0,26.25,25.8,26.05,-0.05,215,484
2022-11-29,4155,824774,21288410,26.05,26.1,25.6,25.95,-0.1,348,412
2022-11-30,4155,464631,12027686,25.95,26.05,25.75,25.85,-0.1,213,554
2022-12-01,4155,894795,23042207,26.05,26.05,25.6,25.7,-0.15,344,464
2022-12-02,4155,422118,10843917,25.7,25.85,25.55,25.7,0.0,209,536
2022-12-05,4155,495119,12771100,25.7,25.85,25.7,25.75,0.05,229,533
2022-12-06,4155,632756,16214964,25.95,25.95,25.5,25.5,-0.25,317,509
2022-12-07,4155,615073,15717497,25.55,25.8,25.35,25.55,0.05,256,500
2022-12-08,4155,135711,3488028,25.6,25.8,25.55,25.7,0.15,115,665
2022-12-09,4155,1171131,30662179,26.5,26.6,25.85,26.0,0.3,475,376
2022-12-12,4155,5917556,160758746,26.1,27.9,25.8,27.7,1.7,2610,184
2022-12-13,4155,6584583,182861739,27.75,28.35,27.1,27.55,-0.15,3182,190
2022-12-14,4155,3364850,92275284,27.85,28.0,26.8,27.5,-0.05,1589,259
2022-12-15,4155,2421655,66900824,27.7,27.95,27.35,27.6,0.1,1128,285
2022-12-16,4155,2852182,77558031,26.4,27.95,26.35,27.2,-0.4,1271,302
2022-12-19,4155,11826810,336384286,27.2,29.45,27.2,28.0,0.8,5742,115
2022-12-20,4155,3591853,97011279,27.45,27.55,26.55,26.6,-1.4,1901,267
2022-12-21,4155,6642688,185891337,26.65,28.45,26.65,28.05,1.45,3077,162
2022-12-22,4155,4115518,114333857,28.5,28.5,26.85,28.05,0.0,1901,204
2022-12-23,4155,4553992,127900750,27.95,28.6,27.3,28.55,0.5,2303,165
2022-12-26,4155,3869703,109163880,28.55,28.8,27.85,27.9,-0.65,2075,157
2022-12-27,4155,1620762,44652179,28.1,28.15,27.3,27.5,-0.4,930,262
2022-12-28,4155,2127448,59109119,27.6,28.2,27.2,27.5,0.0,1017,264
2022-12-29,4155,2166135,60392983,27.55,28.15,27.2,27.7,0.2,1156,256
2022-12-30,4155,639063,17698912,28.0,28.0,27.5,27.55,-0.15,378,381
2023-01-03,4155,983336,26726271,27.55,27.75,26.8,27.35,-0.2,606,318
2023-01-04,4155,3889439,109359532,27.5,28.95,27.5,27.5,0.15,2021,185
2023-01-05,4155,1082713,29960625,27.65,27.9,27.35,27.9,0.4,527,334
2023-01-06,4155,687934,19110434,27.75,28.15,27.5,27.5,-0.4,392,364
2023-01-09,4155,1453140,40584224,27.75,28.2,27.65,27.95,0.45,666,330
2023-01-10,4155,1399590,39195579,28.15,28.3,27.85,27.9,-0.05,655,322
2023-01-11,4155,2822331,76627530,26.95,27.5,26.6,27.25,-0.65,1178,238
2023-01-12,4155,1269144,34807645,27.5,27.75,27.2,27.5,0.25,517,308
2023-01-13,4155,1823459,50874671,27.55,28.3,27.55,27.8,0.3,744,258
2023-01-16,4155,2650920,74673436,27.85,28.35,27.75,28.1,0.3,1041,203
2023-01-17,4155,1002592,28174055,28.2,28.25,28.0,28.1,0.0,459,308
2023-01-30,4155,3107094,89421874,28.35,29.05,28.25,29.0,0.9,1316,260
2023-01-31,4155,3913130,114680686,29.05,30.2,28.7,29.7,0.7,1432,255
2023-02-01,4155,6409317,197438515,29.7,31.55,29.55,30.85,1.15,2533,185
2023-02-02,4155,3847520,121150428,31.15,31.8,31.0,31.4,0.55,1820,263
2023-02-03,4155,3531030,112567891,31.65,32.4,31.45,31.45,0.05,1658,241
2023-02-06,4155,2607440,83786628,31.7,32.5,31.6,32.35,0.9,1249,255
2023-02-07,4155,3168444,104811049,32.35,33.5,32.05,33.4,1.05,1418,224
2023-02-08,4155,2622638,88591864,33.4,34.0,33.25,33.7,0.3,1432,257
2023-02-09,4155,2028490,69011580,33.7,34.35,33.6,34.35,0.65,971,275
2023-02-10,4155,5954332,199399605,34.4,34.8,32.6,33.45,-0.9,2939,165
2023-02-13,4155,2164324,72717274,33.85,34.25,33.25,33.4,-0.05,1058,269
2023-02-14,4155,2298880,76403987,33.4,33.7,32.9,33.5,0.1,1040,244
2023-02-15,4155,1390456,46741697,33.8,34.0,33.4,33.65,0.15,746,306
2023-02-16,4155,2458342,81743149,33.65,33.65,32.65,33.5,-0.15,947,253
2023-02-17,4155,2187666,72260688,33.35,33.4,32.8,32.85,-0.65,908,259
2023-02-20,4155,2870393,93307246,33.0,33.15,32.1,32.15,-0.7,1336,265
2023-02-21,4155,2069857,66942580,32.2,32.6,32.1,32.35,0.2,860,295
2023-02-22,4155,1656277,54477939,32.15,33.2,32.15,33.1,0.75,866,338
2023-02-23,4155,2263265,75676295,33.35,33.85,33.05,33.05,-0.05,1215,305
2023-02-24,4155,1011546,33287066,33.35,33.35,32.7,33.05,0.0,473,423
2023-03-01,4155,1982902,65752376,32.8,33.35,32.8,33.15,0.1,694,314
2023-03-02,4155,3005379,101166118,33.55,34.1,33.35,33.45,0.3,1259,257
2023-03-03,4155,1256184,41871666,33.5,33.65,33.15,33.25,-0.2,757,385
2023-03-06,4155,2005776,66573158,33.2,33.5,33.0,33.0,-0.25,823,350
2023-03-07,4155,1466320,48543771,33.05,33.55,32.9,33.55,0.55,702,382
2023-03-08,4155,2779640,91299313,33.15,33.4,32.2,33.35,-0.2,1239,305
2023-03-09,4155,1467018,48614956,33.1,33.5,32.8,33.15,-0.2,645,400
2023-03-10,4155,1624344,54015730,32.95,33.5,32.95,33.45,0.3,663,405
2023-03-13,4155,6534112,227706436,33.25,35.65,33.2,35.65,2.2,3873,186
2023-03-14,4155,4849733,172287067,35.5,36.3,34.4,35.05,-0.6,3242,201
2023-03-15,4155,2616898,93441897,35.15,36.2,35.15,35.55,0.5,1596,280
2023-03-16,4155,3847225,138199637,35.55,36.45,35.5,36.05,0.5,1662,242
2023-03-17,4155,5317562,195738246,36.05,37.2,36.05,36.85,0.8,2478,201
2023-03-20,4155,3584841,134562221,37.15,37.95,37.05,37.85,1.0,1829,198
2023-03-21,4155,4687841,180388471,37.85,39.25,37.85,37.9,0.05,2870,186
2023-03-22,4155,2501175,95023940,38.15,38.9,37.2,38.1,0.2,1487,267
2023-03-23,4155,2650706,99081312,38.1,38.35,36.7,36.75,-1.35,1557,260
2023-03-24,4155,2298728,83236215,36.8,36.8,35.65,36.45,-0.3,1273,300
2023-03-27,4155,2506720,94488598,36.65,38.45,36.65,37.65,1.2,1538,272
2023-03-28,4155,2148073,79363301,37.65,37.7,36.3,36.9,-0.75,1157,291
2023-03-29,4155,1428495,52424913,37.3,37.45,36.3,36.5,-0.4,828,324
2023-03-30,4155,1376703,49949067,36.65,36.85,35.9,36.85,0.35,805,338
2023-03-31,4155,1174198,43367948,37.0,37.2,36.75,37.05,0.2,540,362
2023-04-06,4155,1225221,45398082,37.05,37.3,36.85,37.0,-0.05,820,374
2023-04-07,4155,1156370,43308604,37.25,37.85,37.0,37.6,0.6,662,355
2023-04-10,4155,1233236,46011319,37.6,37.95,37.0,37.1,-0.5,932,366
2023-04-11,4155,1155132,43017421,37.4,37.5,36.95,37.25,0.15,648,385
2023-04-12,4155,7654772,267070094,37.05,37.05,33.9,34.05,-3.2,4685,165
2023-04-13,4155,2182781,75298788,33.95,35.15,33.5,34.65,0.6,1215,342
2023-04-14,4155,1799801,61636381,34.7,34.85,33.95,33.95,-0.7,1126,363
2023-04-17,4155,1214449,41492070,34.05,34.65,33.85,33.95,0.0,832,433
2023-04-18,4155,811226,27300014,33.75,33.95,33.35,33.7,-0.25,579,487
2023-04-19,4155,765274,25571263,33.6,33.95,33.2,33.3,-0.4,610,512
2023-04-20,4155,1375244,45074204,33.3,33.55,32.35,32.45,-0.85,816,430
2023-04-21,4155,1532844,49072400,32.25,32.7,31.7,31.75,-0.7,729,423
2023-04-24,4155,929064,30130420,31.8,32.95,31.8,32.9,1.15,542,409
2023-04-25,4155,1030894,33553195,32.95,33.35,31.9,32.25,-0.65,601,459
2023-04-26,4155,1364714,45212188,32.2,33.8,32.2,33.65,1.4,757,359
2023-04-27,4155,1011932,34296487,33.65,34.35,33.35,33.85,0.2,593,379
2023-04-28,4155,804010,27367960,34.05,34.2,33.8,33.95,0.1,446,432
2023-05-02,4155,1046599,35259476,34.2,34.2,33.4,33.6,-0.35,588,397
2023-05-03,4155,663651,22285726,33.55,33.85,33.15,33.75,0.15,275,447
2023-05-04,4155,781306,26547395,34.0,34.3,33.7,33.9,0.15,403,437
2023-05-05,4155,747207,25308348,34.1,34.15,33.55,33.9,0.0,391,437
2023-05-08,4155,1014476,34913947,33.9,34.9,33.75,34.65,0.75,513,409
2023-05-09,4155,866764,29608679,34.65,34.65,33.8,34.15,-0.5,610,438
2023-05-10,4155,436852,14940223,34.15,34.6,33.7,34.4,0.25,245,506
2023-05-11,4155,747508,25285497,34.45,34.45,33.6,33.85,-0.55,423,495
2023-05-12,4155,425285,14449786,33.85,34.45,33.55,34.25,0.4,264,509
2023-05-15,4155,1157922,40140002,34.5,35.1,34.3,34.5,0.25,694,353
2023-05-16,4155,1353929,47575619,34.5,35.45,34.5,35.3,0.8,689,342
2023-05-17,4155,1506184,53991366,35.7,36.2,35.6,35.6,0.3,975,358
2023-05-18,4155,1013885,36442417,35.95,36.2,35.6,36.0,0.4,595,409
2023-05-19,4155,767914,27577364,36.0,36.1,35.65,35.95,-0.05,448,438
2023-05-22,4155,1640138,59967756,36.0,36.8,35.95,36.6,0.65,705,326
2023-05-23,4155,1625240,60144576,36.6,37.2,36.45,37.1,0.5,843,324
2023-05-24,4155,1811752,67271140,37.45,37.45,36.8,37.2,0.1,705,316
2023-05-25,4155,1051626,38886026,37.2,37.3,36.8,37.0,-0.2,472,393
2023-05-26,4155,1132475,41684704,37.0,37.0,36.7,36.7,-0.3,447,405
2023-05-29,4155,842814,30979816,36.7,36.95,36.65,36.7,0.0,345,438
2023-05-30,4155,854793,31351775,36.7,36.85,36.55,36.75,0.05,382,421
2023-05-31,4155,2812934,101603986,36.75,36.85,35.65,35.65,-1.1,1229,292
2023-06-01,4155,1150081,41228911,35.65,36.05,35.5,35.8,0.15,555,394
2023-06-02,4155,578736,20736532,35.8,36.0,35.7,35.95,0.15,354,530
2023-06-05,4155,930087,33195089,35.95,35.95,35.6,35.65,-0.3,472,479
2023-06-06,4155,1185813,42607938,35.7,36.3,35.5,36.0,0.35,425,414
2023-06-07,4155,1632954,59720534,36.0,37.1,35.85,36.65,0.65,736,390
2023-06-08,4155,987966,36250565,36.5,37.0,36.2,36.95,0.3,445,452
2023-06-09,4155,4447376,158202650,36.0,36.45,34.6,35.3,-1.65,1811,259
2023-06-12,4155,967791,33801330,35.15,35.4,34.55,35.2,-0.1,439,472
2023-06-13,4155,1327326,46092556,35.1,35.45,34.5,34.65,-0.55,732,403
2023-06-14,4155,556434,19326199,34.85,35.0,34.55,34.65,0.0,295,552
2023-06-15,4155,990618,34571535,34.65,35.7,34.45,35.25,0.6,529,453
2023-06-16,4155,650698,22848931,35.5,35.5,34.9,34.95,-0.3,408,546
2023-06-19,4155,902649,31497898,35.05,35.05,34.6,34.95,0.0,373,469
2023-06-20,4155,2327675,83328294,35.0,36.3,35.0,36.0,1.05,883,331
