date,stock_id,Trading_Volume,Trading_money,open,max,min,close,spread,Trading_turnover,Trading_money_rank
2021-10-25,4440,2485329,109397644,44.45,44.85,42.8,44.0,0.0,1636,228
2021-10-26,4440,922338,40853292,44.0,44.8,44.0,44.0,0.0,580,393
2021-10-27,4440,487965,21128066,43.95,43.95,43.05,43.2,-0.8,317,443
2021-10-28,4440,469750,20155713,43.0,43.35,42.45,43.25,0.05,332,452
2021-10-29,4440,197392,8542251,43.5,43.5,43.15,43.25,0.0,163,592
2021-11-01,4440,406153,17552180,43.4,43.5,42.9,42.9,-0.35,238,513
2021-11-02,4440,644227,28052739,43.1,44.15,42.9,43.8,0.9,324,457
2021-11-03,4440,374804,16515729,43.8,44.45,43.5,44.2,0.4,223,489
2021-11-04,4440,488754,21930536,44.2,45.4,44.2,45.0,0.8,314,464
2021-11-05,4440,247403,11054358,45.45,45.45,44.4,44.7,-0.3,145,550
2021-11-08,4440,419890,18480738,44.55,44.55,43.7,43.85,-0.85,231,499
2021-11-09,4440,175480,7729972,43.85,44.3,43.8,44.0,0.15,127,630
2021-11-10,4440,451483,20178489,44.15,45.1,44.1,45.0,1.0,257,499
2021-11-11,4440,421228,19100577,45.5,45.9,44.8,45.05,0.05,241,520
2021-11-12,4440,227850,10218095,45.05,45.15,44.5,44.9,-0.15,141,600
2021-11-15,4440,281276,12639922,45.1,45.25,44.7,44.9,0.0,163,604
2021-11-16,4440,287890,12958374,45.0,45.25,44.8,44.8,-0.1,176,596
2021-11-17,4440,451886,20478871,44.8,45.8,44.8,45.45,0.65,222,505
2021-11-18,4440,497219,22946987,45.5,46.9,45.45,46.1,0.65,277,501
2021-11-19,4440,700616,33366207,46.3,48.5,46.3,48.4,2.3,414,431
2021-11-22,4440,989864,49726441,48.3,52.0,48.0,50.5,2.1,601,371
2021-11-23,4440,603601,29678256,50.0,50.0,48.45,49.0,-1.5,349,448
2021-11-24,4440,244111,11841648,49.0,49.45,48.05,48.65,-0.35,178,556
2021-11-25,4440,387851,18680703,48.8,49.0,48.0,48.0,-0.65,235,478
2021-11-26,4440,296191,13891562,47.85,47.85,46.5,46.55,-1.45,194,583
2021-11-29,4440,235985,10829073,46.55,46.55,45.4,46.15,-0.4,155,611
2021-11-30,4440,292156,13544985,46.4,47.0,45.8,46.5,0.35,194,549
2021-12-01,4440,187216,8646318,46.5,46.95,45.8,46.95,0.45,121,583
2021-12-02,4440,150901,7051764,46.95,47.25,46.5,46.6,-0.35,120,619
2021-12-03,4440,164705,7732138,46.6,47.8,46.35,47.8,1.2,115,574
2021-12-06,4440,118671,5631056,47.65,47.8,47.1,47.2,-0.6,94,643
2021-12-07,4440,224838,10771221,47.45,48.2,47.3,47.8,0.6,130,568
2021-12-08,4440,374941,18263939,48.3,49.15,48.0,48.1,0.3,233,517
2021-12-09,4440,394230,18783910,48.3,48.3,47.0,47.35,-0.75,220,498
2021-12-10,4440,90587,4291697,47.35,47.9,47.25,47.25,-0.1,72,696
2021-12-13,4440,306314,14239979,47.25,47.25,46.0,46.6,-0.65,221,565
2021-12-14,4440,135920,6276716,46.4,46.6,45.9,46.0,-0.6,119,681
2021-12-15,4440,117058,5370228,46.0,46.1,45.6,45.95,-0.05,85,660
2021-12-16,4440,201714,9301864,46.0,46.35,45.95,45.95,0.0,122,584
2021-12-17,4440,133970,6187442,45.95,46.4,45.95,46.05,0.1,82,649
2021-12-20,4440,129220,5953378,46.05,46.2,45.8,46.1,0.05,68,625
2021-12-21,4440,148790,6845695,46.0,46.1,45.95,46.0,-0.1,87,600
2021-12-22,4440,168417,7730545,46.0,46.1,45.8,45.8,-0.2,117,586
2021-12-23,4440,247045,11510077,46.0,47.0,46.0,46.85,1.05,153,549
2021-12-24,4440,118116,5535957,46.95,47.0,46.65,46.65,-0.2,92,656
2021-12-27,4440,143525,6748008,46.6,47.3,46.6,47.0,0.35,93,655
2021-12-28,4440,164080,7724833,47.2,47.4,47.0,47.1,0.1,77,644
2021-12-29,4440,112168,5278363,47.2,47.2,46.9,47.1,0.0,65,691
2021-12-30,4440,151044,7110211,47.1,47.1,47.05,47.05,-0.05,79,660
2022-01-03,4440,185512,8681889,47.05,47.05,46.55,46.55,-0.5,98,628
2022-01-04,4440,266252,12445454,46.8,47.2,46.45,46.8,0.25,95,567
2022-01-05,4440,147794,6939677,46.6,47.35,46.6,46.9,0.1,99,661
2022-01-06,4440,68593,3201930,46.6,46.9,46.6,46.8,-0.1,57,752
2022-01-07,4440,127759,5954304,46.8,47.1,46.4,46.6,-0.2,91,714
2022-01-10,4440,90414,4201654,46.2,46.8,46.0,46.75,0.15,74,704
2022-01-11,4440,66071,3071261,46.7,46.7,46.25,46.5,-0.25,170,787
2022-01-12,4440,76569,3556282,46.5,46.6,46.35,46.35,-0.15,129,740
2022-01-13,4440,107710,5004908,46.5,46.6,46.35,46.55,0.2,63,665
2022-01-14,4440,112156,5195290,46.5,46.5,46.25,46.25,-0.3,95,711
2022-01-17,4440,66282,3084780,46.25,46.9,46.25,46.6,0.35,60,728
2022-01-18,4440,135639,6334034,46.5,47.2,46.45,46.65,0.05,65,619
2022-01-19,4440,150430,6999217,46.65,46.75,46.3,46.3,-0.35,75,596
2022-01-20,4440,114983,5345761,46.15,46.7,46.15,46.35,0.05,54,612
2022-01-21,4440,128138,5954534,46.3,46.65,46.3,46.35,0.0,81,674
2022-01-24,4440,149404,6884389,46.1,46.25,46.0,46.1,-0.25,143,643
2022-01-25,4440,193868,8860128,46.0,46.0,45.5,45.6,-0.5,333,610
2022-01-26,4440,121471,5534737,45.65,45.85,45.4,45.6,0.0,109,626
2022-02-07,4440,74203,3439626,45.7,46.6,45.7,46.45,0.85,63,721
2022-02-08,4440,51660,2407838,46.5,46.7,46.45,46.7,0.25,42,752
2022-02-09,4440,64213,3003967,46.85,46.95,46.7,46.75,0.05,45,755
2022-02-10,4440,135603,6318069,46.75,46.8,46.15,46.75,0.0,99,627
2022-02-11,4440,184555,8507026,46.5,46.6,46.0,46.55,-0.2,119,581
2022-02-14,4440,188205,8626538,46.3,46.3,45.6,46.1,-0.45,164,606
2022-02-15,4440,78676,3615598,46.0,46.15,45.8,46.1,0.0,66,706
2022-02-16,4440,41636,1921345,46.35,46.4,46.05,46.15,0.05,40,807
2022-02-17,4440,41990,1938049,46.1,46.25,46.0,46.05,-0.1,43,804
2022-02-18,4440,79243,3670087,46.2,46.5,46.0,46.45,0.4,54,697
2022-02-21,4440,190147,8934382,46.6,47.3,46.4,47.3,0.85,142,576
2022-02-22,4440,117100,5485874,47.3,47.3,46.75,47.2,-0.1,77,692
2022-02-23,4440,146500,6930509,46.9,47.75,46.8,47.75,0.55,98,575
2022-02-24,4440,206801,9884447,47.75,48.2,47.1,47.3,-0.45,408,655
2022-02-25,4440,318351,15336694,47.3,48.65,47.3,48.1,0.8,187,517
2022-03-01,4440,195370,9455380,48.2,48.8,48.15,48.35,0.25,129,566
2022-03-02,4440,138625,6667435,48.25,48.3,47.75,47.95,-0.4,96,598
2022-03-03,4440,124497,5925228,48.05,48.05,47.25,47.5,-0.45,98,627
2022-03-04,4440,60244,2851273,47.25,47.4,47.25,47.3,-0.2,44,738
2022-03-07,4440,172838,8057877,47.0,47.0,46.4,46.55,-0.75,151,694
2022-03-08,4440,125284,5802795,46.0,46.65,46.0,46.65,0.1,76,722
2022-03-09,4440,243822,11568959,47.5,48.2,46.9,47.45,0.8,188,540
2022-03-10,4440,229300,10883539,47.95,47.95,47.2,47.4,-0.05,130,549
2022-03-11,4440,141313,6660559,47.5,47.5,47.0,47.2,-0.2,73,584
2022-03-14,4440,135327,6433689,47.9,47.9,47.35,47.55,0.35,106,594
2022-03-15,4440,121991,5800116,47.6,47.7,47.35,47.55,0.0,108,646
2022-03-16,4440,180782,8606444,47.55,47.75,47.35,47.4,-0.15,105,592
2022-03-17,4440,248101,11898017,47.95,48.1,47.7,48.0,0.6,141,557
2022-03-18,4440,251430,12148720,47.9,48.55,47.9,48.55,0.55,134,544
2022-03-21,4440,389319,19092161,48.6,49.4,48.6,49.15,0.6,192,473
2022-03-22,4440,208270,10207342,49.2,49.25,48.8,49.0,-0.15,101,543
2022-03-23,4440,226460,11109110,49.0,49.2,48.95,49.0,0.0,136,568
2022-03-24,4440,167476,8220925,49.0,49.3,48.9,49.05,0.05,115,581
2022-03-25,4440,299166,14594830,49.45,49.45,48.35,48.4,-0.65,210,518
2022-03-28,4440,287373,13830470,48.4,48.45,47.95,48.2,-0.2,175,528
2022-03-29,4440,148688,7228077,48.4,48.9,48.35,48.7,0.5,106,599
2022-03-30,4440,225060,10997293,48.8,49.0,48.7,49.0,0.3,89,576
2022-03-31,4440,211820,10392800,49.0,49.2,48.7,49.15,0.15,105,537
2022-04-01,4440,196594,9667215,49.0,49.3,49.0,49.3,0.15,114,544
2022-04-06,4440,520038,25946746,49.25,50.9,49.15,50.0,0.7,338,423
2022-04-07,4440,300015,14886605,49.95,50.2,49.2,49.2,-0.8,167,567
2022-04-08,4440,209438,10379916,49.2,49.8,49.2,49.6,0.4,103,552
2022-04-11,4440,442839,22043598,49.6,50.1,49.4,49.8,0.2,177,508
2022-04-12,4440,132191,6542465,49.5,49.6,49.3,49.4,-0.4,102,639
2022-04-13,4440,98556,4872364,49.45,49.6,49.15,49.5,0.1,73,685
2022-04-14,4440,92417,4575490,49.5,49.9,49.3,49.4,-0.1,64,664
2022-04-15,4440,152125,7516422,49.35,49.6,49.0,49.3,-0.1,63,598
2022-04-18,4440,95122,4694165,49.3,49.5,49.1,49.2,-0.1,68,681
2022-04-19,4440,66291,3260777,49.25,49.3,49.0,49.1,-0.1,50,704
2022-04-20,4440,201057,9914340,49.25,49.55,48.9,49.2,0.1,126,550
2022-04-21,4440,55413,2723293,49.45,49.45,49.0,49.1,-0.1,48,726
2022-04-22,4440,63262,3104082,49.0,49.2,48.9,49.2,0.1,56,726
2022-04-25,4440,266039,12903988,49.0,49.0,48.35,48.4,-0.8,112,597
2022-04-26,4440,103111,4989780,48.4,48.6,48.15,48.25,-0.15,67,654
2022-04-27,4440,163158,7754964,47.7,48.0,47.1,47.6,-0.65,91,672
2022-04-28,4440,83000,3975450,47.6,48.1,47.6,47.9,0.3,40,654
2022-04-29,4440,136500,6508737,47.75,47.9,47.5,47.6,-0.3,94,577
2022-05-03,4440,82484,3899941,47.6,47.6,47.1,47.2,-0.4,67,648
2022-05-04,4440,53064,2516527,47.2,47.7,47.2,47.6,0.4,33,712
2022-05-05,4440,89000,4221650,47.6,47.7,47.2,47.55,-0.05,53,658
2022-05-06,4440,69051,3281148,47.15,47.75,47.15,47.7,0.15,42,704
2022-05-09,4440,81002,3823795,47.75,47.75,46.7,47.1,-0.6,54,743
2022-05-10,4440,265135,12245809,46.25,46.5,45.95,46.25,-0.85,124,527
2022-05-11,4440,490414,22121494,45.65,45.65,44.8,45.0,-1.25,258,429
2022-05-12,4440,205688,9017311,44.4,44.5,43.0,43.55,-1.45,162,624
2022-05-13,4440,156100,6756930,43.5,44.0,42.5,43.6,0.05,89,606
2022-05-16,4440,65133,2810650,43.6,43.9,42.5,43.2,-0.4,49,725
2022-05-17,4440,58000,2556400,44.0,44.65,43.7,44.1,0.9,31,736
2022-05-18,4440,38000,1680600,44.0,44.6,44.0,44.15,0.05,31,817
2022-05-19,4440,27000,1182400,43.85,44.1,43.5,44.1,-0.05,22,812
2022-05-20,4440,22461,996119,44.4,44.4,44.1,44.2,0.1,16,829
2022-05-23,4440,30259,1339963,44.2,44.4,44.2,44.2,0.0,30,797
2022-05-24,4440,22231,983083,44.5,44.5,43.85,43.85,-0.35,17,830
2022-05-25,4440,23246,1020454,43.8,44.2,43.8,43.95,0.1,23,819
2022-05-26,4440,138935,6292760,44.55,45.7,44.55,45.15,1.2,103,583
2022-05-27,4440,74295,3401781,45.65,46.05,45.55,45.75,0.6,70,657
2022-05-30,4440,84152,3887445,45.85,46.5,45.8,46.3,0.55,60,696
2022-05-31,4440,28508,1317781,46.7,46.7,46.0,46.0,-0.3,37,785
2022-06-01,4440,202055,9383605,46.0,46.65,46.0,46.35,0.35,75,567
2022-06-02,4440,181172,8451946,46.45,46.8,46.2,46.5,0.15,68,543
2022-06-06,4440,82512,3853642,46.5,46.9,46.5,46.75,0.25,72,663
2022-06-07,4440,133322,6252283,47.0,47.0,46.65,46.85,0.1,76,571
2022-06-08,4440,162013,7602611,47.1,47.1,46.75,46.75,-0.1,128,580
2022-06-09,4440,241993,11307939,46.8,46.9,46.6,46.75,0.0,186,496
2022-06-10,4440,241163,10162395,42.5,42.75,41.5,42.05,0.0,204,527
2022-06-13,4440,238735,9802447,42.0,42.0,40.8,40.8,-1.25,162,596
2022-06-14,4440,90197,3649945,40.8,40.8,40.0,40.55,-0.25,86,742
2022-06-15,4440,67916,2783208,40.8,41.4,40.6,40.7,0.15,62,758
2022-06-16,4440,39152,1592967,40.8,40.9,40.4,40.4,-0.3,55,830
2022-06-17,4440,57133,2289894,40.0,40.3,40.0,40.05,-0.35,44,791
2022-06-20,4440,91253,3635517,40.0,40.1,39.5,39.5,-0.55,64,755
2022-06-21,4440,31215,1250411,40.2,40.45,39.85,40.0,0.5,31,863
2022-06-22,4440,103515,4108136,40.0,40.0,39.0,40.0,0.0,65,704
2022-06-23,4440,25123,992816,39.9,39.9,39.15,39.2,-0.8,27,889
2022-06-24,4440,51000,2010300,39.35,39.5,39.3,39.5,0.3,27,799
2022-06-27,4440,38058,1518849,40.85,40.85,39.55,39.8,0.3,29,843
2022-06-28,4440,26042,1034975,39.8,39.9,39.35,39.35,-0.45,16,805
2022-06-29,4440,6017,237323,39.35,39.5,39.35,39.45,0.1,7,921
2022-06-30,4440,64661,2493827,39.1,39.1,38.0,38.8,-0.65,61,788
2022-07-01,4440,101493,3803840,38.8,38.8,36.95,37.0,-1.8,79,773
2022-07-04,4440,35181,1338054,37.2,39.4,36.95,37.1,0.1,34,840
2022-07-05,4440,16273,615495,38.5,38.85,37.25,37.35,0.25,23,899
2022-07-06,4440,30646,1135284,37.25,37.25,37.0,37.0,-0.35,34,844
2022-07-07,4440,41416,1533694,37.5,37.5,36.75,37.0,0.0,92,802
2022-07-08,4440,15255,565935,37.0,37.35,37.0,37.0,0.0,26,890
2022-07-11,4440,68933,2498414,36.6,36.8,36.0,36.0,-1.0,69,713
2022-07-12,4440,95000,3255484,35.6,35.6,33.6,33.8,-2.2,84,730
2022-07-13,4440,29610,1002920,34.05,34.5,33.5,34.1,0.3,23,840
2022-07-14,4440,32000,1091750,34.15,34.4,34.0,34.1,0.0,27,798
2022-07-15,4440,14000,478650,34.05,34.3,34.05,34.3,0.2,13,896
2022-07-18,4440,29100,1006505,34.6,34.7,34.25,34.55,0.25,24,836
2022-07-19,4440,64845,2212849,34.5,34.5,34.05,34.1,-0.45,51,723
2022-07-20,4440,34176,1185478,34.5,34.8,34.45,34.8,0.7,34,864
2022-07-21,4440,35262,1218824,34.8,34.8,34.45,34.45,-0.35,37,795
2022-07-22,4440,19979,694282,34.8,34.8,34.65,34.65,0.2,31,869
2022-07-25,4440,35637,1223965,34.65,34.65,34.2,34.2,-0.45,51,784
2022-07-26,4440,102706,3453121,34.2,34.2,33.2,34.1,-0.1,96,662
2022-07-27,4440,94346,3163271,34.0,34.0,33.35,33.35,-0.75,63,656
2022-07-28,4440,59227,1986618,33.5,34.05,33.25,33.8,0.45,48,744
2022-07-29,4440,25079,852436,34.45,34.5,33.45,33.9,0.1,23,843
2022-08-01,4440,75206,2513199,33.7,33.7,33.3,33.45,-0.45,70,714
2022-08-02,4440,84934,2828039,33.4,33.5,33.1,33.15,-0.3,67,724
2022-08-03,4440,85945,2834424,33.0,33.1,32.65,32.75,-0.4,66,701
2022-08-04,4440,37079,1212820,33.3,33.3,32.5,32.6,-0.15,33,830
2022-08-05,4440,51778,1694464,32.6,33.05,32.6,33.0,0.4,41,795
2022-08-08,4440,59280,2006283,35.1,35.1,33.6,33.75,0.75,47,749
2022-08-09,4440,38560,1289363,33.75,33.85,33.3,33.35,-0.4,43,802
2022-08-10,4440,49767,1644784,33.0,33.3,33.0,33.05,-0.3,61,802
2022-08-11,4440,113361,3771057,33.05,33.6,33.0,33.6,0.55,115,722
2022-08-12,4440,59500,2026182,34.1,34.15,33.9,34.15,0.55,77,794
2022-08-15,4440,24290,830206,34.2,34.2,34.15,34.2,0.05,25,901
2022-08-16,4440,36274,1233124,34.1,34.1,33.7,33.9,-0.3,30,845
2022-08-17,4440,47206,1627225,34.0,34.6,34.0,34.4,0.5,38,851
2022-08-18,4440,76352,2651450,34.4,35.0,34.2,34.75,0.35,53,752
2022-08-19,4440,88586,3105864,34.8,35.35,34.6,35.35,0.6,63,758
2022-08-22,4440,66765,2393334,35.35,36.2,35.35,35.8,0.45,56,781
2022-08-23,4440,31350,1115728,35.75,35.75,35.45,35.45,-0.35,34,846
2022-08-24,4440,35143,1248601,35.6,35.8,35.3,35.3,-0.15,36,844
2022-08-25,4440,48627,1715206,34.8,35.55,34.8,35.25,-0.05,36,819
2022-08-26,4440,38905,1381259,35.6,35.6,35.2,35.45,0.2,25,862
2022-08-29,4440,35685,1245835,35.0,35.2,34.6,34.8,-0.65,59,876
2022-08-30,4440,45973,1606733,34.3,35.2,34.3,34.85,0.05,48,815
2022-08-31,4440,30700,1067089,34.85,35.1,34.65,34.65,-0.2,31,851
2022-09-01,4440,46762,1619233,34.65,34.8,34.5,34.6,-0.05,44,858
2022-09-02,4440,31870,1107175,34.8,34.9,34.7,34.7,0.1,127,846
2022-09-05,4440,46190,1601560,35.2,35.2,34.5,34.7,0.0,32,821
2022-09-06,4440,30032,1034655,34.9,34.9,34.2,34.2,-0.5,20,854
2022-09-07,4440,12390,422442,33.9,34.35,33.85,34.1,-0.1,48,924
2022-09-08,4440,16329,568184,36.45,36.45,34.0,34.55,0.45,22,872
2022-09-12,4440,43126,1485776,34.55,34.65,34.3,34.4,-0.15,34,815
2022-09-13,4440,24052,828518,34.5,34.95,34.4,34.45,0.05,26,869
2022-09-14,4440,11002,377219,33.95,34.6,33.95,34.45,0.0,12,917
2022-09-15,4440,44000,1518350,34.5,34.85,34.3,34.45,0.0,29,822
2022-09-16,4440,43000,1481000,34.45,34.8,34.4,34.4,-0.05,32,801
2022-09-19,4440,26000,891750,34.6,34.6,34.2,34.45,0.05,22,877
2022-09-20,4440,20172,691532,34.55,34.55,34.2,34.2,-0.25,26,873
2022-09-21,4440,25052,851579,34.05,34.25,33.9,33.9,-0.3,29,875
2022-09-22,4440,44100,1477030,33.65,33.7,33.35,33.7,-0.2,26,818
2022-09-23,4440,15260,513202,33.55,34.35,33.5,33.6,-0.1,16,900
2022-09-26,4440,57006,1903552,33.5,33.6,33.1,33.25,-0.35,37,855
2022-09-27,4440,35000,1172600,33.0,33.8,33.0,33.25,0.0,16,832
2022-09-28,4440,43003,1424202,33.35,33.35,32.9,33.25,0.0,34,875
2022-09-29,4440,32210,1072442,33.25,33.5,33.15,33.3,0.05,26,842
2022-09-30,4440,21368,706720,33.0,33.2,33.0,33.1,-0.2,20,868
2022-10-03,4440,22100,728000,32.8,33.3,32.8,33.3,0.2,14,844
2022-10-04,4440,30065,1009220,33.55,33.65,33.55,33.65,0.35,20,841
2022-10-05,4440,14040,473772,33.65,34.0,33.65,33.65,0.0,20,907
2022-10-06,4440,6000,201900,33.65,33.65,33.65,33.65,0.0,3,908
2022-10-07,4440,6350,216407,34.0,34.3,33.65,34.25,0.6,14,909
2022-10-11,4440,10195,341539,33.5,33.5,33.5,33.5,-0.75,34,930
2022-10-12,4440,3000,100650,33.5,34.05,33.1,34.05,0.55,3,948
2022-10-13,4440,21060,701485,34.05,34.05,33.0,33.65,-0.4,25,916
2022-10-14,4440,17066,568078,33.15,33.65,33.15,33.6,-0.05,24,900
2022-10-17,4440,19110,630590,33.45,33.45,32.8,33.1,-0.5,21,863
2022-10-18,4440,6000,198800,33.2,33.2,33.1,33.2,0.1,4,932
2022-10-19,4440,27739,929582,33.1,33.85,33.1,33.4,0.2,35,822
2022-10-20,4440,8151,270635,33.4,33.4,33.0,33.0,-0.4,17,918
2022-10-21,4440,5301,175389,33.0,33.35,33.0,33.35,0.35,10,928
2022-10-24,4440,5118,169733,33.4,33.4,33.1,33.1,-0.25,11,934
2022-10-25,4440,8125,269693,33.0,33.5,33.0,33.5,0.4,9,931
2022-10-26,4440,35000,1165750,33.65,33.65,33.0,33.25,-0.25,26,796
2022-10-27,4440,10005,334616,33.45,33.55,33.3,33.55,0.3,11,904
2022-10-28,4440,0,0,0.0,0.0,0.0,0.0,0.0,0,959
2022-10-31,4440,27100,907700,33.45,33.55,33.35,33.35,0.0,18,795
2022-11-01,4440,7000,233650,33.35,33.45,33.35,33.45,0.1,3,917
2022-11-02,4440,17000,570850,33.6,33.6,33.5,33.5,0.05,9,860
2022-11-03,4440,24000,803950,33.5,33.5,33.45,33.5,0.0,11,802
2022-11-04,4440,22000,737900,33.5,33.8,33.4,33.8,0.3,15,838
2022-11-07,4440,17304,588671,34.0,34.15,33.8,34.15,0.35,19,885
2022-11-08,4440,6050,206012,34.1,34.1,34.0,34.05,-0.1,8,941
2022-11-09,4440,23075,784235,34.0,34.1,33.9,34.05,0.0,17,876
2022-11-10,4440,48020,1611683,33.7,33.85,33.1,33.55,-0.5,36,765
2022-11-11,4440,31000,1041000,34.0,34.0,33.2,33.65,0.1,16,868
2022-11-14,4440,14100,473825,33.35,34.0,33.3,33.85,0.2,13,915
2022-11-15,4440,18147,612018,33.45,33.95,33.45,33.85,0.0,26,906
2022-11-16,4440,32000,1073150,33.7,33.95,33.45,33.6,-0.25,23,867
2022-11-17,4440,49000,1635150,33.5,33.85,33.05,33.85,0.25,24,772
2022-11-18,4440,65308,2195713,33.85,34.2,33.15,33.6,-0.25,57,754
2022-11-21,4440,76075,2538227,33.8,33.8,33.1,33.25,-0.35,59,691
2022-11-22,4440,18675,625247,33.4,33.65,33.4,33.65,0.4,19,860
2022-11-23,4440,21196,712438,33.8,33.8,33.45,33.55,-0.1,22,868
2022-11-24,4440,19070,640079,33.55,33.8,33.45,33.8,0.25,19,907
2022-11-25,4440,36355,1224397,33.55,33.8,33.55,33.8,0.0,25,829
2022-11-28,4440,23314,785347,33.65,33.85,33.6,33.85,0.05,21,856
2022-11-29,4440,18000,608350,33.9,33.95,33.6,33.8,-0.05,16,884
2022-11-30,4440,21120,712844,33.8,34.1,33.7,33.7,-0.1,19,903
2022-12-01,4440,32200,1086155,33.75,34.0,33.7,33.85,0.15,27,870
2022-12-02,4440,36100,1216475,33.7,33.8,33.65,33.7,-0.15,30,848
2022-12-05,4440,66703,2271661,33.7,34.2,33.7,34.05,0.35,50,795
2022-12-06,4440,34030,1152173,34.1,34.2,33.75,33.75,-0.3,26,857
2022-12-07,4440,46000,1550700,33.8,34.0,33.45,33.9,0.15,36,805
2022-12-08,4440,9050,304500,33.65,33.65,33.6,33.65,-0.25,9,921
2022-12-09,4440,26000,869700,33.55,33.55,33.35,33.4,-0.25,22,853
2022-12-12,4440,30730,1024258,33.4,33.5,33.25,33.25,-0.15,35,831
2022-12-13,4440,25300,842354,33.25,33.4,33.25,33.4,0.15,21,861
2022-12-14,4440,18000,606400,33.75,33.9,33.4,33.4,0.0,13,900
2022-12-15,4440,60150,1997872,33.7,33.7,33.15,33.15,-0.25,50,763
2022-12-16,4440,79352,2617701,33.1,33.15,32.9,32.9,-0.25,66,758
2022-12-19,4440,33030,1081391,32.7,32.85,32.65,32.7,-0.2,26,812
2022-12-20,4440,45463,1481264,32.75,32.75,32.5,32.55,-0.15,61,837
2022-12-21,4440,51271,1665144,32.55,32.6,32.35,32.35,-0.2,36,761
2022-12-22,4440,110587,3553577,32.8,32.8,32.0,32.3,-0.05,98,626
2022-12-23,4440,21284,683023,32.3,32.3,32.0,32.2,-0.1,20,842
2022-12-26,4440,18113,584722,32.5,32.5,32.1,32.15,-0.05,16,859
2022-12-27,4440,13130,423254,32.3,32.3,32.15,32.15,0.0,9,887
2022-12-28,4440,9156,294209,32.15,32.2,32.05,32.15,0.0,13,922
2022-12-29,4440,3209,103043,32.05,32.15,32.05,32.15,0.0,9,943
2022-12-30,4440,35398,1134983,32.15,32.15,32.0,32.1,-0.05,37,790
2023-01-03,4440,27172,869574,32.0,32.1,31.95,32.0,-0.1,27,816
2023-01-04,4440,45150,1444615,32.2,32.2,31.9,32.0,0.0,29,755
2023-01-05,4440,36050,1154210,32.0,32.2,31.9,31.9,-0.1,19,811
2023-01-06,4440,25070,802161,32.2,32.25,31.9,32.0,0.1,22,840
2023-01-09,4440,30892,987954,32.0,32.05,31.9,32.05,0.05,39,860
2023-01-10,4440,86154,2745084,31.95,31.95,31.75,31.85,-0.2,68,701
2023-01-11,4440,9625,306891,31.85,31.9,31.8,31.8,-0.05,11,915
2023-01-12,4440,59981,1898044,31.75,31.75,31.6,31.6,-0.2,52,749
2023-01-13,4440,66907,2101085,31.5,31.5,31.3,31.4,-0.2,65,730
2023-01-16,4440,25375,799595,31.5,31.6,31.4,31.55,0.15,28,844
2023-01-17,4440,16085,506967,31.55,31.6,31.5,31.5,-0.05,17,889
2023-01-30,4440,71103,2239018,31.55,31.55,31.45,31.55,0.05,50,793
2023-01-31,4440,71227,2271674,31.55,32.4,31.55,32.1,0.55,48,752
2023-02-01,4440,31043,993888,32.1,32.1,31.95,31.95,-0.15,25,867
2023-02-02,4440,45960,1471984,32.0,32.15,32.0,32.1,0.15,42,839
2023-02-03,4440,33495,1074220,32.1,32.1,32.0,32.05,-0.05,32,846
2023-02-06,4440,42901,1387423,32.15,32.5,32.15,32.45,0.4,46,814
2023-02-07,4440,26150,848525,32.45,32.55,32.35,32.45,0.0,23,851
2023-02-08,4440,44130,1427172,32.45,32.5,32.25,32.4,-0.05,34,827
2023-02-09,4440,32130,1037887,32.25,32.55,32.25,32.25,-0.15,25,849
2023-02-10,4440,74116,2370851,32.2,32.25,31.8,32.1,-0.15,61,785
2023-02-13,4440,28157,900536,32.0,32.0,31.9,31.9,-0.2,22,877
2023-02-14,4440,10270,327873,31.9,32.0,31.8,32.0,0.1,11,928
2023-02-15,4440,35512,1134769,31.9,32.15,31.85,32.15,0.15,28,855
2023-02-16,4440,70000,2232200,32.0,32.15,31.8,32.15,0.0,46,784
2023-02-17,4440,21550,694106,32.15,32.3,32.1,32.3,0.15,21,880
2023-02-20,4440,105054,3487822,32.35,34.0,32.35,33.45,1.15,107,768
2023-02-21,4440,87598,2914782,33.75,33.9,33.0,33.0,-0.45,86,780
2023-02-22,4440,47053,1547457,33.0,33.5,32.5,33.25,0.25,49,845
2023-02-23,4440,95093,3163598,33.25,33.45,33.0,33.35,0.1,82,801
2023-02-24,4440,127187,4244107,33.9,33.9,33.15,33.5,0.15,69,755
2023-03-01,4440,217149,7323596,33.35,34.05,33.2,33.75,0.25,82,655
2023-03-02,4440,533521,18993299,35.45,36.7,35.1,35.55,1.8,365,474
2023-03-03,4440,251675,8975102,35.6,35.95,35.45,35.6,0.05,131,630
2023-03-06,4440,259762,9284940,35.6,35.9,35.6,35.7,0.1,143,682
2023-03-07,4440,197117,7041025,35.7,35.9,35.5,35.8,0.1,90,711
2023-03-08,4440,158182,5664933,35.45,36.0,35.45,36.0,0.2,83,729
2023-03-09,4440,163276,5947524,36.05,36.7,36.05,36.55,0.55,126,738
2023-03-10,4440,364200,13005538,35.8,36.45,35.4,35.4,-1.15,240,638
2023-03-13,4440,199509,6949052,35.35,35.35,34.4,35.1,-0.3,82,719
2023-03-14,4440,87200,3037210,35.0,35.1,34.6,35.0,-0.1,29,778
2023-03-15,4440,155697,5427587,35.1,35.1,34.6,34.6,-0.4,89,700
2023-03-16,4440,91390,3128742,34.55,34.55,34.1,34.15,-0.45,63,809
2023-03-17,4440,54488,1871296,34.25,34.5,34.25,34.3,0.15,51,810
2023-03-20,4440,247179,8486308,34.35,34.8,34.3,34.3,0.0,72,577
2023-03-21,4440,216299,7444308,34.4,34.85,34.35,34.5,0.2,71,627
2023-03-22,4440,138416,4817048,34.5,34.95,34.5,34.95,0.45,74,721
2023-03-23,4440,94212,3262983,34.85,34.85,34.5,34.8,-0.15,65,768
2023-03-24,4440,100160,3468874,34.8,34.8,34.55,34.7,-0.1,36,772
2023-03-27,4440,142325,4978943,35.05,35.1,34.75,35.05,0.35,74,721
2023-03-28,4440,114323,3994153,35.1,35.1,34.8,34.85,-0.2,54,753
2023-03-29,4440,140150,4859135,34.85,34.95,34.55,34.55,-0.3,70,681
2023-03-30,4440,204080,7099915,34.7,34.8,34.7,34.75,0.2,57,624
2023-03-31,4440,116737,4068468,34.8,35.0,34.8,34.9,0.15,77,711
2023-04-06,4440,180721,6336757,35.05,35.25,34.9,35.15,0.25,139,671
2023-04-07,4440,105899,3731911,35.15,35.4,35.15,35.25,0.1,74,745
2023-04-10,4440,119438,4209136,35.25,35.4,35.1,35.25,0.0,112,737
2023-04-11,4440,143299,5049253,35.3,35.4,35.15,35.25,0.0,92,726
2023-04-12,4440,156514,5501880,35.35,35.35,35.0,35.1,-0.15,80,740
2023-04-13,4440,104436,3654435,35.0,35.05,34.95,34.95,-0.15,73,796
2023-04-14,4440,83011,2897919,34.95,35.0,34.8,34.9,-0.05,56,830
2023-04-17,4440,80120,2787299,34.9,34.9,34.7,34.85,-0.05,68,845
2023-04-18,4440,95980,3338327,34.8,34.9,34.7,34.85,0.0,71,804
2023-04-19,4440,162730,5653990,34.85,34.95,34.65,34.7,-0.15,109,738
2023-04-20,4440,43449,1506966,34.65,34.75,34.6,34.65,-0.05,34,871
2023-04-21,4440,112865,3892877,34.7,34.8,34.35,34.4,-0.25,84,802
2023-04-24,4440,85065,2930542,34.5,34.5,34.35,34.5,0.1,39,766
2023-04-25,4440,83204,2856641,34.45,34.5,34.15,34.25,-0.25,55,819
2023-04-26,4440,94436,3237940,34.4,34.5,34.0,34.3,0.05,59,758
2023-04-27,4440,44146,1514430,34.35,34.5,34.2,34.25,-0.05,32,818
2023-04-28,4440,23020,789550,34.4,34.4,34.25,34.3,0.05,21,891
2023-05-02,4440,102290,3531350,34.5,35.0,34.3,34.35,0.05,56,758
2023-05-03,4440,61300,2093200,34.35,34.35,34.0,34.1,-0.25,55,794
2023-05-04,4440,70004,2396549,34.15,34.35,34.15,34.2,0.1,47,785
2023-05-05,4440,48078,1653083,34.75,34.75,34.2,34.25,0.05,36,826
2023-05-08,4440,92307,3157022,34.25,34.45,34.15,34.25,0.0,56,761
2023-05-09,4440,178531,6047308,34.25,34.25,33.65,33.75,-0.5,142,679
2023-05-10,4440,203230,6785556,34.75,34.75,33.0,33.5,-0.25,139,626
2023-05-11,4440,214194,7014485,33.5,33.5,32.5,32.5,-1.0,154,715
2023-05-12,4440,88215,2861361,32.6,32.6,32.35,32.5,0.0,67,757
2023-05-15,4440,106138,3435144,32.5,32.55,32.2,32.5,0.0,67,755
2023-05-16,4440,80162,2621443,32.6,32.9,32.55,32.6,0.1,57,804
2023-05-17,4440,93260,3044649,32.95,32.95,32.6,32.65,0.05,65,834
2023-05-18,4440,81298,2656988,32.7,32.75,32.6,32.65,0.0,54,816
2023-05-19,4440,172528,5675478,32.75,33.15,32.65,32.95,0.3,104,679
2023-05-22,4440,196211,6481603,32.95,33.1,32.95,33.1,0.15,114,655
2023-05-23,4440,180660,6002634,33.15,33.4,33.1,33.4,0.3,125,683
2023-05-24,4440,285993,9674853,33.45,34.3,33.35,34.3,0.9,211,600
2023-05-25,4440,141760,4842899,34.3,34.35,34.05,34.1,-0.2,147,694
2023-05-26,4440,185822,6257309,34.1,34.1,33.5,33.6,-0.5,168,692
2023-05-29,4440,271915,9068764,33.9,33.9,33.05,33.6,0.0,203,626
2023-05-30,4440,73423,2467840,33.6,33.7,33.55,33.55,-0.05,63,783
2023-05-31,4440,89723,3026768,34.0,34.0,33.6,33.7,0.15,91,768
2023-06-01,4440,215727,7331531,33.8,34.15,33.8,34.0,0.3,150,657
2023-06-02,4440,203954,6964668,34.2,34.3,34.0,34.15,0.15,158,696
2023-06-05,4440,452751,15697515,34.2,34.95,34.2,34.65,0.5,311,580
2023-06-06,4440,693838,23986403,34.75,34.8,34.4,34.4,-0.25,496,505
2023-06-07,4440,611776,19512526,31.6,32.2,31.5,32.05,0.0,477,539
2023-06-08,4440,267999,8545654,32.05,32.2,31.6,31.6,-0.45,233,655
2023-06-09,4440,271462,8548889,31.6,31.7,31.3,31.35,-0.25,193,678
2023-06-12,4440,219309,6838160,31.35,31.35,31.0,31.15,-0.2,161,720
2023-06-13,4440,180658,5592009,31.1,31.15,30.85,30.9,-0.25,155,729
2023-06-14,4440,339871,10406618,30.9,31.0,30.45,30.45,-0.45,269,641
2023-06-15,4440,256733,7748217,30.45,30.45,30.1,30.15,-0.3,206,689
2023-06-16,4440,119811,3628934,30.15,30.6,30.1,30.45,0.3,95,809
2023-06-19,4440,122200,3778448,30.5,31.35,30.5,31.3,0.85,107,784
2023-06-20,4440,136524,4242582,31.3,31.45,30.95,31.0,-0.3,96,745
2023-06-21,4440,83683,2590430,31.0,31.05,30.9,31.0,0.0,72,847
2023-06-26,4440,57365,1777176,31.0,31.1,30.8,31.0,0.0,53,859
2023-06-27,4440,70766,2194394,31.0,31.15,30.9,30.9,-0.1,61,846
2023-06-28,4440,64738,1993327,30.9,30.95,30.7,30.8,-0.1,67,823
2023-06-29,4440,46969,1454329,30.85,31.0,30.85,31.0,0.2,51,859
2023-06-30,4440,55839,1722077,30.9,30.9,30.75,30.75,-0.25,106,837
2023-07-03,4440,78010,2391275,30.75,30.75,30.55,30.55,-0.2,73,835
2023-07-04,4440,96865,2953532,30.55,30.65,30.35,30.55,0.0,84,810
2023-07-05,4440,74968,2286122,30.5,30.65,30.4,30.4,-0.15,49,839
2023-07-06,4440,116303,3517799,30.3,30.5,30.2,30.2,-0.2,89,801
2023-07-07,4440,122959,3703622,30.2,30.5,30.0,30.45,0.25,93,796
