date,stock_id,Trading_Volume,Trading_money,open,max,min,close,spread,Trading_turnover,Trading_money_rank
2018-08-15,4540,3754294,439363398,120.0,122.0,111.5,114.5,0.0,2808,67
2018-08-16,4540,1526306,170615414,112.0,117.0,107.0,117.0,2.5,1210,124
2018-08-17,4540,2846400,350740200,117.0,126.5,115.5,122.5,5.5,2039,70
2018-08-20,4540,1511050,177607350,123.0,123.0,113.0,116.0,-6.5,1211,124
2018-08-21,4540,841040,98937739,115.0,120.0,115.0,116.5,0.5,640,157
2018-08-22,4540,1127832,125641344,116.0,116.5,108.0,112.0,-4.5,905,144
2018-08-23,4540,677236,73993224,111.0,111.0,108.0,108.0,-4.0,547,184
2018-08-24,4540,1404353,143520006,107.5,108.0,100.0,102.0,-6.0,1080,131
2018-08-27,4540,1049010,112142090,102.5,110.0,102.5,109.5,7.5,784,144
2018-08-28,4540,831223,90693084,110.0,112.0,107.0,107.0,-2.5,621,177
2018-08-29,4540,576220,61855980,107.5,109.0,105.5,107.0,0.0,413,201
2018-08-30,4540,886370,96791330,109.0,111.0,107.5,108.5,1.5,574,165
2018-08-31,4540,507400,54162100,107.0,109.0,105.5,109.0,0.5,392,207
2018-09-03,4540,523950,55727223,107.5,108.5,105.0,105.0,-4.0,409,212
2018-09-04,4540,424529,44559809,105.0,106.0,103.0,106.0,1.0,309,217
2018-09-05,4540,450260,47594780,107.0,107.5,104.0,104.0,-2.0,371,225
2018-09-06,4540,344500,35350000,103.0,103.5,102.0,102.0,-2.0,298,250
2018-09-07,4540,1644365,159912140,101.5,101.5,92.4,95.0,-7.0,1293,138
2018-09-10,4540,1306210,115297617,92.1,94.3,85.5,86.1,-8.9,1069,175
2018-09-11,4540,688200,60981400,85.6,91.7,85.6,91.0,4.9,561,199
2018-09-12,4540,469096,41227453,90.5,90.5,86.0,88.0,-3.0,372,244
2018-09-13,4540,486200,43152200,87.2,89.7,87.1,88.6,0.6,384,223
2018-09-14,4540,913800,84597320,89.0,95.4,89.0,94.9,6.3,706,178
2018-09-17,4540,566750,52651950,94.0,94.4,91.8,93.8,-1.1,418,195
2018-09-18,4540,359000,32748900,93.3,93.5,90.0,90.4,-3.4,302,249
2018-09-19,4540,536420,49848166,91.5,94.1,91.5,92.3,1.9,476,215
2018-09-20,4540,294100,26865550,92.4,92.6,90.6,91.0,-1.3,256,273
2018-09-21,4540,763400,70122340,92.2,93.9,90.5,93.0,2.0,561,196
2018-09-25,4540,338180,30978170,92.0,92.6,90.8,90.9,-2.1,308,265
2018-09-26,4540,196298,17788176,90.9,91.5,90.1,90.2,-0.7,168,316
2018-09-27,4540,212329,19100710,90.0,91.0,89.2,89.4,-0.8,185,326
2018-09-28,4540,310330,27534100,89.7,90.2,87.8,89.3,-0.1,252,294
2018-10-01,4540,265000,24005200,89.2,91.3,88.8,90.8,1.5,225,269
2018-10-02,4540,207000,18823499,91.5,91.7,90.2,90.9,0.1,179,297
2018-10-03,4540,346000,30698000,90.1,90.1,87.8,88.0,-2.9,294,262
2018-10-04,4540,613400,52661698,87.5,87.5,85.1,85.2,-2.8,467,206
2018-10-05,4540,754669,60370320,84.0,84.1,77.1,79.0,-6.2,598,230
2018-10-08,4540,520500,40338600,78.6,80.7,75.6,77.0,-2.0,391,238
2018-10-09,4540,1642535,114705693,72.1,72.1,69.3,69.3,-7.7,1211,147
2018-10-11,4540,432895,27038226,62.4,63.0,62.4,62.4,-6.9,329,430
2018-10-12,4540,789504,48570256,59.4,63.7,59.2,63.5,1.1,603,242
2018-10-15,4540,540300,33415900,63.0,63.0,61.0,61.1,-2.4,398,259
2018-10-16,4540,324099,20446986,61.5,64.5,61.5,62.8,1.7,292,301
2018-10-17,4540,385300,24770560,63.8,65.5,62.8,63.9,1.1,332,272
2018-10-18,4540,210000,13190600,63.8,64.7,62.1,62.4,-1.5,176,323
2018-10-19,4540,500120,29802180,60.5,61.0,58.5,60.0,-2.4,399,322
2018-10-22,4540,284600,17105778,59.9,61.2,58.6,60.6,0.6,201,300
2018-10-23,4540,274750,16281050,60.0,60.0,58.7,58.7,-1.9,236,323
2018-10-24,4540,334179,19248819,58.7,59.0,56.7,57.1,-1.6,254,302
2018-10-25,4540,547020,28859080,53.0,54.3,51.4,52.0,-5.1,391,286
2018-10-26,4540,497328,25329640,53.0,53.0,48.1,50.3,-1.7,369,292
2018-10-29,4540,286297,14630244,51.2,51.9,50.1,51.5,1.2,232,323
2018-10-30,4540,346050,18263005,51.5,54.5,51.3,54.3,2.8,296,279
2018-10-31,4540,499830,28750193,55.5,58.6,55.3,57.7,3.4,388,256
2018-11-01,4540,345295,19987268,56.8,59.3,56.1,58.2,0.5,302,293
2018-11-02,4540,680350,40814024,60.0,61.4,59.0,59.1,0.9,526,233
2018-11-05,4540,336405,19478292,58.9,58.9,57.2,58.0,-1.1,278,273
2018-11-06,4540,236247,13534726,58.9,58.9,56.5,57.0,-1.0,188,326
2018-11-07,4540,822158,51540906,62.7,62.7,62.0,62.7,5.7,400,179
2018-11-08,4540,548050,37760645,68.9,68.9,68.9,68.9,6.2,280,223
2018-11-09,4540,1126412,76897340,68.9,69.6,67.0,69.6,0.7,858,154
2018-11-12,4540,658086,46106306,69.8,71.7,67.6,70.5,0.9,528,189
2018-11-13,4540,543250,37882925,68.4,70.5,68.2,70.1,-0.4,408,210
2018-11-14,4540,753709,54292292,70.5,74.8,70.5,71.4,1.3,612,195
2018-11-15,4540,400228,28060274,71.4,71.9,69.6,69.9,-1.5,338,271
2018-11-16,4540,408145,28489676,70.0,70.9,68.9,69.2,-0.7,269,257
2018-11-19,4540,243400,16844500,69.6,69.9,67.8,69.8,0.6,204,305
2018-11-20,4540,714456,50717932,69.2,72.3,68.9,72.0,2.2,555,193
2018-11-21,4540,937020,65866611,70.5,71.2,69.2,69.8,-2.2,644,178
2018-11-22,4540,499035,34119859,69.8,69.8,67.3,67.6,-2.2,379,243
2018-11-23,4540,399685,26444067,67.1,67.9,65.1,65.6,-2.0,320,252
2018-11-26,4540,292000,19451700,65.6,67.2,65.6,66.5,0.9,229,291
2018-11-27,4540,491202,33539779,66.7,69.9,66.7,69.5,3.0,410,245
2018-11-28,4540,653140,46038609,69.5,71.3,69.4,71.0,1.5,529,247
2018-11-29,4540,520010,36587506,71.9,71.9,69.3,69.3,-1.7,395,262
2018-11-30,4540,323195,22544628,69.4,70.4,69.3,70.0,0.7,257,347
2018-12-03,4540,1357121,101681419,72.0,76.9,72.0,76.2,6.2,993,201
2018-12-04,4540,763855,57154327,76.4,76.5,73.3,73.5,-2.7,609,244
2018-12-05,4540,596075,42227325,70.7,72.0,70.0,70.4,-3.1,466,247
2018-12-06,4540,793801,54311646,70.4,71.5,67.1,68.1,-2.3,597,238
2018-12-07,4540,333000,22683600,69.4,69.4,67.4,68.0,-0.1,261,279
2018-12-10,4540,387023,25142664,64.1,65.9,64.1,65.1,-2.9,300,265
2018-12-11,4540,167073,10969791,66.9,66.9,65.0,65.7,0.6,129,371
2018-12-12,4540,261000,17294200,66.8,66.8,66.0,66.7,1.0,197,352
2018-12-13,4540,271713,17981771,67.1,67.3,65.5,66.0,-0.7,219,338
2018-12-14,4540,194053,12643629,66.0,66.3,64.2,65.9,-0.1,176,365
2018-12-17,4540,117071,7752228,65.2,66.7,65.2,66.4,0.5,100,407
2018-12-18,4540,131000,8641000,65.8,66.7,65.4,66.1,-0.3,95,428
2018-12-19,4540,236588,15391658,65.9,66.0,64.4,64.8,-1.3,177,347
2018-12-20,4540,267000,17000100,65.0,65.0,62.9,63.1,-1.7,195,343
2018-12-21,4540,178200,11044300,62.2,62.8,61.5,62.4,-0.7,138,389
2018-12-22,4540,66000,4067700,61.5,62.2,61.3,62.1,-0.3,53,400
2018-12-24,4540,71000,4412300,61.8,62.7,61.1,62.0,-0.1,68,456
2018-12-25,4540,105048,6350906,60.2,61.0,60.2,60.2,-1.8,88,442
2018-12-26,4540,119500,7174150,60.9,60.9,59.3,59.4,-0.8,98,406
2018-12-27,4540,192000,11531400,60.5,61.0,59.5,59.7,0.3,139,362
2018-12-28,4540,132100,7830550,59.8,60.0,58.8,59.0,-0.7,86,398
2019-01-02,4540,142000,8286100,60.1,60.1,58.1,58.1,-0.9,114,379
2019-01-03,4540,118000,6843500,57.5,58.3,57.5,57.6,-0.5,99,407
2019-01-04,4540,205000,11495600,57.0,57.0,55.5,56.4,-1.2,135,370
2019-01-07,4540,283000,16170000,57.0,57.7,56.7,57.7,1.3,178,306
2019-01-08,4540,209700,11816429,57.2,57.2,55.8,56.5,-1.2,155,340
2019-01-09,4540,694100,39567110,56.5,58.5,56.0,58.4,1.9,497,256
2019-01-10,4540,554000,32313900,58.2,58.8,57.4,58.8,0.4,354,249
2019-01-11,4540,236000,13839500,59.2,59.2,58.0,58.2,-0.6,162,346
2019-01-14,4540,363060,21239040,58.5,59.3,57.6,59.0,0.8,225,277
2019-01-15,4540,1191000,75267800,59.0,64.9,59.0,64.9,5.9,660,172
2019-01-16,4540,2656286,179406320,68.7,70.0,65.5,70.0,5.1,1768,118
2019-01-17,4540,1166550,79171200,68.5,69.5,66.8,67.0,-3.0,829,172
2019-01-18,4540,733000,49930900,67.0,69.0,67.0,67.5,0.5,606,204
2019-01-21,4540,873500,60097300,68.2,69.8,67.6,69.0,1.5,646,191
2019-01-22,4540,469000,31582800,68.8,68.8,66.7,67.0,-2.0,368,246
2019-01-23,4540,333266,22208927,67.0,67.4,65.9,67.4,0.4,259,261
2019-01-24,4540,405000,27202600,67.5,68.4,66.3,66.5,-0.9,322,261
2019-01-25,4540,328044,22037936,66.6,67.8,66.5,67.0,0.5,252,291
2019-01-28,4540,624000,42569800,67.3,68.9,67.3,68.1,1.1,474,241
2019-01-29,4540,294000,19763000,67.3,67.8,66.7,67.3,-0.8,234,297
2019-01-30,4540,249000,16710900,67.8,67.8,66.5,66.7,-0.6,200,328
2019-02-11,4540,544150,37123800,67.2,69.0,67.2,68.1,1.4,415,260
2019-02-12,4540,949382,61993612,66.0,66.1,64.2,65.7,-2.4,686,228
2019-02-13,4540,497349,32340522,65.8,65.8,64.5,65.3,-0.4,327,311
2019-02-14,4540,340500,22432750,65.5,66.3,65.4,66.2,0.9,276,355
2019-02-15,4540,498239,33546956,66.4,68.5,66.4,67.1,0.9,418,293
2019-02-18,4540,440102,29833838,67.5,68.4,66.9,68.0,0.9,311,305
2019-02-19,4540,999670,69157830,68.8,70.0,68.6,69.2,1.2,709,209
2019-02-20,4540,813054,56381163,69.7,70.2,68.7,69.5,0.3,521,257
2019-02-21,4540,391150,27042055,69.6,69.7,68.9,69.3,-0.2,275,327
2019-02-22,4540,810305,56833950,69.0,71.3,68.9,70.5,1.2,566,232
2019-02-25,4540,591420,41571480,70.3,71.2,69.5,70.3,-0.2,435,282
2019-02-26,4540,1705127,123940471,70.3,74.6,70.3,73.0,2.7,1219,176
2019-02-27,4540,933979,66462797,72.2,72.7,70.0,71.5,-1.5,678,222
2019-03-04,4540,1016313,73922691,72.0,73.8,71.9,72.5,1.0,756,207
2019-03-05,4540,927069,67815137,72.1,73.7,71.8,73.3,0.8,676,201
2019-03-06,4540,1174300,86739549,73.5,74.7,72.7,74.0,0.7,810,186
2019-03-07,4540,1153236,82836414,73.5,73.5,70.0,70.0,-4.0,837,202
2019-03-08,4540,641100,44084500,69.3,70.4,67.5,70.0,0.0,478,246
2019-03-11,4540,410500,29089950,69.8,71.5,69.5,71.2,1.2,296,297
2019-03-12,4540,374201,26440049,72.0,72.0,70.0,70.1,-1.1,305,328
2019-03-13,4540,251268,17484251,70.1,70.3,69.2,69.5,-0.6,192,351
2019-03-14,4540,400604,27827152,69.2,70.3,68.7,68.7,-0.8,252,329
2019-03-15,4540,199138,13802218,68.8,69.6,68.8,69.6,0.9,157,418
2019-03-18,4540,217000,15047900,69.6,69.7,69.0,69.2,-0.4,148,412
2019-03-19,4540,157000,10878700,69.6,69.8,69.1,69.3,0.1,115,463
2019-03-20,4540,232380,16077391,69.5,69.5,69.0,69.1,-0.2,151,399
2019-03-21,4540,254555,17728694,69.3,70.2,69.1,69.6,0.5,198,388
2019-03-22,4540,300000,20812000,70.3,70.8,68.5,68.9,-0.7,222,380
2019-03-25,4540,478000,32173300,68.0,68.0,66.6,67.2,-1.7,334,309
2019-03-26,4540,247107,16726764,67.3,68.1,67.3,67.7,0.5,144,372
2019-03-27,4540,238093,16189124,67.5,68.7,67.2,68.0,0.3,173,396
2019-03-28,4540,684200,46991160,68.8,69.4,68.1,68.3,0.3,366,260
2019-03-29,4540,1590350,112033025,70.0,71.4,69.3,69.4,1.1,1163,175
2019-04-01,4540,927260,65178630,69.7,71.0,69.7,69.9,0.5,667,250
2019-04-02,4540,3703071,276719552,71.0,76.8,70.8,76.8,6.9,2270,103
2019-04-03,4540,9460931,766759572,79.1,82.7,79.0,81.4,4.6,6748,26
2019-04-08,4540,5730531,492299298,84.7,88.0,83.5,85.4,4.0,4490,66
2019-04-09,4540,2513621,209180784,84.0,84.8,82.1,84.3,-1.1,2037,126
2019-04-10,4540,2291750,195004525,84.1,86.5,83.7,85.6,1.3,1772,135
2019-04-11,4540,2444320,207831534,86.5,87.6,82.6,82.7,-2.9,1857,128
2019-04-12,4540,1766010,143136498,82.7,83.4,80.1,80.1,-2.6,1292,153
2019-04-15,4540,1742344,141712035,80.8,82.2,80.0,81.7,1.6,1192,155
2019-04-16,4540,1605037,128103176,82.0,82.0,78.6,80.9,-0.8,1261,177
2019-04-17,4540,838550,67309043,81.6,81.6,79.5,79.9,-1.0,643,260
2019-04-18,4540,904520,71289327,80.5,80.5,77.1,78.3,-1.6,699,259
2019-04-19,4540,873200,69407360,78.5,80.4,78.5,79.4,1.1,667,210
2019-04-22,4540,1743805,142360382,80.0,82.6,80.0,81.0,1.6,1331,141
2019-04-23,4540,1339604,108940640,80.9,82.8,80.1,80.1,-0.9,1081,176
2019-04-24,4540,6445902,549887747,81.6,87.5,80.9,86.2,6.1,4835,50
2019-04-25,4540,5327450,465617737,88.5,89.4,85.0,85.0,-1.2,4074,52
2019-04-26,4540,1317826,109159844,84.5,84.5,81.8,81.8,-3.2,1064,170
2019-04-29,4540,3366101,282414884,83.3,86.0,82.1,82.1,0.3,2693,97
2019-04-30,4540,1681004,135957428,82.4,83.2,79.5,81.0,-1.1,1352,140
2019-05-02,4540,613580,49511880,80.2,81.5,80.2,80.6,-0.4,505,233
2019-05-03,4540,962100,78323000,80.6,82.2,80.6,81.7,1.1,717,187
2019-05-06,4540,2233174,171629298,78.6,78.6,75.2,75.3,-6.4,1815,142
2019-05-07,4540,1065250,81209550,76.5,77.2,75.0,76.1,0.8,837,185
2019-05-08,4540,1050525,77114291,74.0,74.4,72.1,73.2,-2.9,829,196
2019-05-09,4540,2078680,145868426,72.0,73.6,68.7,70.0,-3.2,1508,166
2019-05-10,4540,1043000,73637600,70.1,71.9,69.5,69.7,-0.3,813,226
2019-05-13,4540,1017502,70435293,70.0,73.0,66.8,67.0,-2.7,822,231
2019-05-14,4540,1442226,93043894,64.8,67.1,62.0,66.8,-0.2,1082,196
2019-05-15,4540,557100,37643800,68.1,68.3,66.9,67.1,0.3,462,281
2019-05-16,4540,604050,39529975,67.2,67.6,64.0,64.0,-3.1,444,261
2019-05-17,4540,445300,28627580,65.2,66.2,62.4,64.4,0.4,361,323
2019-05-20,4540,469115,29771216,65.0,65.4,62.6,63.0,-1.4,364,282
2019-05-21,4540,393980,25173204,63.0,64.7,62.5,64.5,1.5,309,323
2019-05-22,4540,257010,16500944,64.5,65.2,63.5,63.8,-0.7,195,345
2019-05-23,4540,450100,28065000,63.4,63.4,62.1,62.2,-1.6,309,285
2019-05-24,4540,500100,30957669,62.5,63.0,61.0,61.3,-0.9,385,268
2019-05-27,4540,264000,15999900,61.4,61.5,60.0,61.0,-0.3,214,361
2019-05-28,4540,273240,16632932,61.0,61.7,60.0,61.7,0.7,218,394
2019-05-29,4540,154000,9413500,61.1,61.5,60.5,61.1,-0.6,136,445
2019-05-30,4540,273050,16857965,61.1,62.4,61.1,61.7,0.6,221,353
2019-05-31,4540,359000,22533700,61.9,63.2,61.8,62.9,1.2,296,321
2019-06-03,4540,267402,16515543,62.2,62.4,61.2,61.7,-1.2,213,337
2019-06-04,4540,222600,13674900,62.1,62.3,61.0,61.2,-0.5,189,350
2019-06-05,4540,253004,15644664,62.3,62.4,61.5,61.5,0.3,201,337
2019-06-06,4540,171100,10493889,61.7,61.8,61.0,61.6,0.1,128,388
2019-06-10,4540,253106,15724831,62.4,62.5,61.8,62.2,0.6,196,349
2019-06-11,4540,647000,41103200,62.5,64.4,62.5,63.3,1.1,510,260
2019-06-12,4540,254000,16063600,63.3,63.8,63.0,63.1,-0.2,173,340
2019-06-13,4540,220358,13863897,63.5,63.5,62.5,63.2,0.1,161,345
2019-06-14,4540,166001,10524464,63.3,63.8,63.2,63.2,0.0,117,380
2019-06-17,4540,122000,7696200,63.2,63.4,62.7,63.0,-0.2,87,433
2019-06-18,4540,205497,12774013,63.3,63.3,61.9,62.0,-1.0,146,367
2019-06-19,4540,443050,28165989,62.8,64.2,62.6,63.7,1.7,383,321
2019-06-20,4540,1626701,108599967,64.6,67.8,64.3,67.2,3.5,1324,173
2019-06-21,4540,546220,36112342,67.1,67.2,65.5,65.5,-1.7,464,302
2019-06-24,4540,216000,14133500,66.6,66.6,64.7,65.3,-0.2,197,393
2019-06-25,4540,347010,22345053,65.4,66.1,63.6,63.6,-1.7,295,309
2019-06-26,4540,117504,7464305,62.7,63.8,62.7,63.7,0.1,92,446
2019-06-27,4540,251233,16199858,64.4,64.9,64.0,64.6,0.9,173,374
2019-06-28,4540,138700,8929979,64.5,64.6,64.1,64.6,0.0,101,426
2019-07-01,4540,2038722,140509123,67.0,70.5,66.2,69.5,4.9,1511,154
2019-07-02,4540,3652043,264778882,71.0,75.0,70.2,74.2,4.7,2409,93
2019-07-03,4540,1427611,102786263,74.1,74.1,71.0,71.0,-3.2,1077,177
2019-07-04,4540,438010,31364817,71.7,72.3,71.2,71.3,0.3,335,289
2019-07-05,4540,237230,16892643,71.7,71.7,70.8,71.3,0.0,187,367
2019-07-08,4540,381000,27105700,71.4,72.2,70.5,70.7,-0.6,252,322
2019-07-09,4540,964384,69396532,70.1,73.0,70.1,72.7,2.0,618,202
2019-07-10,4540,2244100,165579100,72.9,74.7,72.5,72.5,-0.2,1431,128
2019-07-11,4540,766080,55938920,74.0,74.0,72.1,72.3,-0.2,558,249
2019-07-12,4540,646018,46633599,73.0,73.0,71.8,72.1,-0.2,358,254
2019-07-15,4540,1067207,77417904,72.6,73.2,71.5,72.4,0.3,624,200
2019-07-16,4540,2833337,211776468,73.0,75.8,73.0,74.0,1.6,2020,113
2019-07-17,4540,487400,35774400,73.2,73.9,73.2,73.3,-0.7,393,292
2019-07-18,4540,732080,53322548,73.0,73.9,72.0,72.0,-1.3,489,251
2019-07-19,4540,1691060,124356209,72.7,74.3,72.5,73.9,1.9,1233,161
2019-07-22,4540,1068567,78979658,74.7,74.7,73.3,74.2,0.3,814,211
2019-07-23,4540,3423352,256965491,74.2,75.5,73.6,74.7,0.5,1625,97
2019-07-24,4540,1865739,139314286,74.9,75.4,74.0,74.0,-0.7,1182,167
2019-07-25,4540,2846750,206499849,71.5,73.8,70.5,73.0,0.0,1694,126
2019-07-26,4540,2132338,155802568,73.5,74.0,71.6,71.8,-1.2,1382,142
2019-07-29,4540,2169300,156784700,73.1,73.1,71.0,71.8,0.0,990,138
2019-07-30,4540,1020215,72444950,72.8,72.8,70.0,70.0,-1.8,723,235
2019-07-31,4540,808020,55623875,69.4,69.8,68.1,68.8,-1.2,562,232
2019-08-01,4540,780080,52588375,67.2,68.5,66.9,67.0,-1.8,560,236
2019-08-02,4540,852570,54848893,65.6,65.6,63.8,64.1,-2.9,624,261
2019-08-05,4540,664400,41546418,64.0,64.0,61.6,62.0,-2.1,486,264
2019-08-06,4540,509418,30775904,60.0,62.9,58.7,62.7,0.7,386,323
2019-08-07,4540,686700,42317600,60.3,63.0,60.3,61.1,-1.6,490,261
2019-08-08,4540,952100,57749240,60.8,61.9,59.5,60.0,-1.1,645,229
2019-08-12,4540,697250,41196273,59.7,59.8,58.6,59.5,-0.5,525,261
2019-08-13,4540,412000,24244900,59.1,59.7,58.5,59.7,0.2,277,327
2019-08-14,4540,755441,46143523,60.5,61.6,60.4,60.5,0.8,454,269
2019-08-15,4540,951254,56503663,59.1,60.0,58.9,59.2,-1.3,583,231
2019-08-16,4540,273320,16159075,59.2,59.9,58.8,59.2,0.0,227,376
2019-08-19,4540,223210,13360178,60.0,60.3,59.6,59.7,0.5,183,418
2019-08-20,4540,365100,22018390,60.0,60.7,60.0,60.6,0.9,305,345
2019-08-21,4540,234405,14100605,60.3,60.6,60.0,60.4,-0.2,208,399
2019-08-22,4540,354145,21395590,60.6,61.2,60.0,60.1,-0.3,242,352
2019-08-23,4540,327200,19834500,60.4,61.0,60.2,60.7,0.6,220,334
2019-08-26,4540,479300,28266570,59.3,59.9,58.3,58.8,-1.9,362,302
2019-08-27,4540,160220,9509746,59.2,59.7,59.0,59.2,0.4,145,435
2019-08-28,4540,446700,26944349,59.2,60.8,59.2,60.5,1.3,367,303
2019-08-29,4540,256100,15535819,61.1,61.3,60.3,60.5,0.0,218,354
2019-08-30,4540,479195,29437533,60.8,62.5,60.8,61.0,0.5,338,322
2019-09-02,4540,484628,30011921,61.8,62.4,61.3,61.9,0.9,373,304
2019-09-03,4540,231000,14304400,62.4,62.5,61.3,61.7,-0.2,169,397
2019-09-04,4540,181002,11192724,61.4,62.2,61.4,61.6,-0.1,144,433
2019-09-05,4540,479448,29908608,61.7,63.4,61.7,62.1,0.5,357,315
2019-09-06,4540,344005,21246606,62.4,62.9,61.4,61.4,-0.7,228,353
2019-09-09,4540,629150,37671300,60.7,61.3,59.1,59.7,-1.7,417,279
2019-09-10,4540,437010,26356114,59.6,60.9,59.5,60.8,1.1,349,324
2019-09-11,4540,770152,47711184,60.8,62.8,60.8,62.2,1.4,560,261
2019-09-12,4540,1324650,84367439,63.0,64.6,62.5,63.1,0.9,994,175
2019-09-16,4540,422000,26549800,63.6,64.1,62.2,62.4,-0.7,323,315
2019-09-17,4540,271101,16899852,62.2,62.9,62.1,62.2,-0.2,171,354
2019-09-18,4540,227160,14115552,62.2,62.4,62.0,62.1,-0.1,138,417
2019-09-19,4540,242000,14904700,62.8,62.8,61.1,61.2,-0.9,177,379
2019-09-20,4540,164000,10033600,61.2,61.7,61.0,61.7,0.5,113,451
2019-09-23,4540,423775,26597071,62.0,63.2,62.0,62.3,0.6,301,313
2019-09-24,4540,234200,14621819,63.1,63.1,62.1,62.6,0.3,192,390
2019-09-25,4540,241002,14988824,62.7,62.7,62.0,62.1,-0.5,164,389
2019-09-26,4540,392268,24584442,62.1,63.9,62.0,62.1,0.0,271,312
2019-09-27,4540,374173,22857617,62.1,62.2,60.0,61.0,-1.1,252,357
2019-10-01,4540,121031,7403094,61.3,61.8,60.8,61.1,0.1,104,471
2019-10-02,4540,150202,9093561,61.5,61.5,60.2,60.5,-0.6,117,405
2019-10-03,4540,201074,12072583,60.0,60.5,59.4,60.5,0.0,145,364
2019-10-04,4540,213000,12851300,61.4,61.4,60.0,60.1,-0.4,181,375
2019-10-07,4540,236427,14148120,60.1,60.5,59.6,59.7,-0.4,173,358
2019-10-08,4540,171926,10302323,59.6,60.4,59.3,59.8,0.1,134,427
2019-10-09,4540,140300,8411000,59.4,60.4,59.4,59.8,0.0,111,461
2019-10-14,4540,431224,26429388,60.1,62.0,60.1,61.5,1.7,322,348
2019-10-15,4540,134500,8242399,61.9,61.9,61.0,61.0,-0.5,117,503
2019-10-16,4540,180000,11004900,60.8,61.5,60.8,61.0,0.0,125,467
2019-10-17,4540,171053,10430433,61.0,61.3,60.5,60.8,-0.2,135,444
2019-10-18,4540,585005,36216007,61.1,62.5,61.1,61.5,0.7,400,352
2019-10-21,4540,125002,7675322,61.5,61.9,61.0,61.5,0.0,101,503
2019-10-22,4540,128056,7866537,61.9,61.9,61.2,61.2,-0.3,105,494
2019-10-23,4540,141000,8626900,61.2,62.0,60.8,61.0,-0.2,115,486
2019-10-24,4540,411408,25568396,61.0,62.8,61.0,62.1,1.1,318,315
2019-10-25,4540,151097,9367391,62.8,62.8,61.7,61.7,-0.4,124,438
2019-10-28,4540,262166,16239957,62.1,62.3,61.4,61.4,-0.3,206,373
2019-10-29,4540,258200,15779759,61.5,62.0,60.7,60.8,-0.6,216,399
2019-10-30,4540,166000,10207000,60.8,62.0,60.8,61.6,0.8,144,431
2019-10-31,4540,318000,19645700,61.6,62.2,61.2,61.3,-0.3,272,361
2019-11-01,4540,521100,32419490,61.3,62.5,61.3,62.5,1.2,380,287
2019-11-04,4540,438153,27291246,63.0,63.1,61.8,61.9,-0.6,376,346
2019-11-05,4540,203000,12471500,61.9,62.1,61.1,61.3,-0.6,175,433
2019-11-06,4540,425001,25753061,61.3,61.3,60.2,60.5,-0.8,301,343
2019-11-07,4540,364052,21679625,60.1,60.1,59.0,59.7,-0.8,277,346
2019-11-08,4540,281003,16675477,59.7,60.0,59.0,59.5,-0.2,221,381
2019-11-11,4540,1934582,106497950,59.1,59.4,53.6,53.7,-5.8,1359,194
2019-11-12,4540,1159305,59643760,53.6,53.7,50.6,51.5,-2.2,889,215
2019-11-13,4540,625031,31928708,51.9,51.9,50.1,51.4,-0.1,384,289
2019-11-14,4540,439500,22181900,51.5,51.5,50.0,50.5,-0.9,309,360
2019-11-15,4540,473670,23940169,50.7,51.8,50.2,50.5,0.0,428,347
2019-11-18,4540,425100,21359150,50.5,51.3,50.0,50.1,-0.4,382,353
2019-11-19,4540,1219500,59236349,50.1,50.1,48.15,48.25,-1.85,934,223
2019-11-20,4540,582500,28551450,48.2,49.9,48.2,48.5,0.25,461,298
2019-11-21,4540,768020,36206660,48.0,48.2,46.6,46.7,-1.8,604,274
2019-11-22,4540,964300,44594429,46.7,47.45,45.35,46.15,-0.55,702,244
2019-11-25,4540,956468,43494718,46.15,46.2,45.1,45.8,-0.35,762,256
2019-11-26,4540,909015,42056673,45.85,47.2,45.7,45.95,0.15,720,280
2019-11-27,4540,539112,25199724,46.1,47.3,46.1,47.0,1.05,436,332
2019-11-28,4540,837391,40265404,47.5,48.7,47.2,48.45,1.45,682,253
2019-11-29,4540,819550,38420914,47.85,48.25,46.3,46.35,-2.1,635,270
2019-12-02,4540,310000,14450450,46.45,47.4,45.9,47.05,0.7,240,397
2019-12-03,4540,290200,13676509,47.05,47.6,46.5,47.0,-0.05,215,382
2019-12-04,4540,374129,17271513,46.9,46.9,46.0,46.15,-0.85,224,347
2019-12-05,4540,241033,11200184,46.3,46.85,46.3,46.3,0.15,160,417
2019-12-06,4540,639445,30386332,46.6,48.15,46.3,47.45,1.15,440,291
2019-12-09,4540,302200,14269629,47.6,47.9,46.85,47.05,-0.4,204,397
2019-12-10,4540,310350,14836680,47.15,48.1,47.1,47.85,0.8,246,394
2019-12-11,4540,105000,4991750,47.8,47.8,47.35,47.5,-0.35,90,579
2019-12-12,4540,385000,18483900,47.95,48.35,47.5,47.7,0.2,266,402
2019-12-13,4540,670000,32608450,48.0,49.35,48.0,48.25,0.55,443,321
2019-12-16,4540,380298,18635094,48.4,49.65,48.1,49.55,1.3,311,372
2019-12-17,4540,551320,27466020,49.6,50.7,48.8,50.5,0.95,418,345
2019-12-18,4540,455585,23136298,50.6,51.3,50.0,50.8,0.3,371,368
2019-12-19,4540,1010138,52827102,51.6,53.1,51.5,52.0,1.2,760,245
2019-12-20,4540,419050,21817610,53.1,53.1,51.5,51.9,-0.1,323,365
2019-12-23,4540,241024,12430241,51.8,52.0,51.2,51.6,-0.3,180,429
2019-12-24,4540,257000,13051100,51.9,51.9,50.2,50.7,-0.9,218,404
2019-12-25,4540,217204,11108406,50.7,51.6,50.5,51.4,0.7,190,424
2019-12-26,4540,159150,8128180,51.9,51.9,50.7,50.7,-0.7,131,481
2019-12-27,4540,456200,23657160,51.3,52.5,50.8,52.0,1.3,345,330
2019-12-30,4540,193200,10024500,52.2,52.6,51.6,51.6,-0.4,167,486
2019-12-31,4540,220014,11453321,51.7,52.4,51.7,51.9,0.3,170,444
2020-01-02,4540,242200,12607200,51.9,52.4,51.8,52.0,0.1,182,447
2020-01-03,4540,353000,18360700,52.8,52.9,51.5,51.5,-0.5,248,438
2020-01-06,4540,232142,11765669,51.0,51.4,50.3,50.5,-1.0,181,463
2020-01-07,4540,358300,17921250,51.0,51.0,49.45,49.6,-0.9,261,398
2020-01-08,4540,296300,14494280,49.5,49.75,48.05,49.05,-0.55,244,434
2020-01-09,4540,564500,29126550,49.15,52.6,49.15,51.5,2.45,416,286
2020-01-10,4540,502000,26059800,51.6,52.5,51.3,51.6,0.1,350,315
2020-01-13,4540,244500,12680650,52.0,52.5,51.3,51.8,0.2,159,427
2020-01-14,4540,145000,7529300,52.5,52.5,51.5,51.6,-0.2,97,506
2020-01-15,4540,611405,32039635,51.6,53.0,51.4,51.7,0.1,404,289
2020-01-16,4540,243006,12635812,51.5,52.4,51.3,51.8,0.1,165,403
2020-01-17,4540,157040,8112683,52.4,52.4,51.4,51.5,-0.3,126,480
2020-01-20,4540,466000,24395800,51.7,52.8,51.6,51.9,0.4,344,348
2020-01-30,4540,743772,35208683,48.0,49.25,46.75,46.75,-5.15,528,448
2020-01-31,4540,398500,18638550,46.8,47.75,45.9,46.95,0.2,292,436
2020-02-03,4540,504302,21831678,42.4,44.45,42.4,43.75,-3.2,356,452
2020-02-04,4540,209600,9416270,45.4,45.4,44.3,45.4,1.65,160,491
2020-02-05,4540,206228,9277478,45.7,45.8,44.75,45.0,-0.4,147,491
2020-02-06,4540,339300,15739880,45.05,47.85,45.05,47.0,2.0,232,414
2020-02-07,4540,185500,8491150,46.9,46.9,45.4,45.65,-1.35,152,516
2020-02-10,4540,188610,8300243,43.0,45.0,43.0,44.7,-0.95,155,507
2020-02-11,4540,100581,4563858,45.35,45.65,45.1,45.45,0.75,90,583
2020-02-12,4540,197290,9107742,45.55,46.75,45.55,46.4,0.95,142,469
2020-02-13,4540,146208,6783470,47.25,47.25,46.0,46.05,-0.35,120,525
2020-02-14,4540,181212,8457256,46.3,47.0,46.0,46.5,0.45,145,452
2020-02-17,4540,92040,4244410,46.6,46.6,45.5,46.2,-0.3,81,592
2020-02-18,4540,716370,34991632,46.2,49.85,46.2,48.65,2.45,598,271
2020-02-19,4540,550082,27306480,50.8,50.8,48.8,49.7,1.05,452,318
2020-02-20,4540,325045,16167222,49.7,50.3,49.2,50.0,0.3,264,375
2020-02-21,4540,630385,32195787,50.0,51.9,50.0,51.0,1.0,505,297
2020-02-24,4540,287030,14290930,51.0,51.0,49.1,50.2,-0.8,203,423
2020-02-25,4540,294000,14700700,49.6,50.8,48.75,50.2,0.0,211,404
2020-02-26,4540,232000,11679800,50.0,50.9,49.8,50.2,0.0,197,405
2020-02-27,4540,339000,16761950,50.4,50.9,48.65,49.0,-1.2,262,454
2020-03-02,4540,308000,14972250,47.05,49.7,47.05,49.3,0.3,238,477
2020-03-03,4540,280039,14051796,50.1,50.5,49.75,50.2,0.9,233,403
2020-03-04,4540,260000,12887650,50.2,50.2,48.7,50.0,-0.2,207,401
2020-03-05,4540,257039,12977865,50.4,50.8,50.0,50.0,0.0,175,403
2020-03-06,4540,954300,49265480,52.2,52.7,51.0,51.2,1.2,727,266
2020-03-09,4540,632030,31264034,50.8,50.8,48.85,48.9,-2.3,474,408
2020-03-10,4540,504906,24903921,49.0,50.9,47.3,50.5,1.6,418,410
2020-03-11,4540,345000,17351550,50.8,51.4,49.15,49.7,-0.8,280,410
2020-03-12,4540,580501,27432698,49.1,49.1,46.0,47.3,-2.4,461,471
2020-03-13,4540,858100,36728160,42.65,44.65,42.6,43.8,-3.5,582,435
2020-03-16,4540,374055,15805246,44.0,44.0,40.4,40.6,-3.2,308,489
2020-03-17,4540,770500,29621250,36.55,40.3,36.55,38.3,-2.3,559,373
2020-03-18,4540,377080,14751559,38.8,40.1,38.05,38.2,-0.1,288,487
2020-03-19,4540,696432,24211021,36.15,36.5,34.4,34.4,-3.8,478,471
2020-03-20,4540,554254,20450687,34.8,37.8,34.8,37.55,3.15,409,416
2020-03-23,4540,185000,6471350,34.55,35.9,34.05,35.0,-2.55,152,530
2020-03-24,4540,183327,6681481,36.3,36.9,35.7,36.35,1.35,153,556
2020-03-25,4540,410000,15512500,37.95,38.15,37.1,37.6,1.25,287,465
2020-03-26,4540,341050,12888544,37.6,38.9,36.05,38.35,0.75,298,433
2020-03-27,4540,907285,36287435,39.6,41.9,38.0,40.25,1.9,588,337
2020-03-30,4540,863135,36033790,39.8,42.7,39.4,42.5,2.25,565,272
2020-03-31,4540,1131200,50570459,43.7,45.95,43.5,44.95,2.45,838,262
2020-04-01,4540,1019167,46322197,45.25,46.5,44.6,45.1,0.15,717,234
2020-04-06,4540,476064,21379545,44.55,45.6,44.25,45.6,0.5,319,341
2020-04-07,4540,449000,20278550,45.6,46.2,44.4,44.5,-1.1,332,405
2020-04-08,4540,348045,15457985,44.5,45.35,43.8,44.5,0.0,246,457
2020-04-09,4540,482000,21748950,45.0,45.6,44.3,45.1,0.6,337,407
2020-04-10,4540,384000,17417000,45.95,46.15,44.6,44.6,-0.5,288,388
2020-04-13,4540,137010,6143958,44.6,45.25,44.0,45.15,0.55,108,566
2020-04-14,4540,314000,14337000,45.55,46.0,45.3,45.5,0.35,228,458
2020-04-15,4540,423205,19635618,45.95,47.75,45.5,46.25,0.75,325,441
2020-04-16,4540,244000,11121250,45.75,46.0,45.0,45.8,-0.45,190,478
2020-04-17,4540,2024004,99931101,46.6,50.3,46.25,50.3,4.5,1234,242
2020-04-20,4540,3280363,175817404,52.9,54.8,52.0,54.1,3.8,2385,145
2020-04-21,4540,1574171,81689676,54.5,54.5,49.65,49.85,-4.25,1179,250
2020-04-22,4540,849018,41787591,48.05,50.8,47.75,49.1,-0.75,601,271
2020-04-23,4540,530000,26457850,50.0,51.2,49.3,49.4,0.3,417,316
2020-04-24,4540,300200,14666400,49.4,49.4,48.2,48.9,-0.5,244,360
2020-04-27,4540,2286432,120529997,50.4,53.7,50.0,53.7,4.8,1493,203
2020-04-28,4540,1852150,99237584,53.1,54.9,52.8,53.0,-0.7,1315,224
2020-04-29,4540,1721660,93744278,53.0,55.8,53.0,53.7,0.7,1175,250
2020-04-30,4540,1311618,71720093,53.9,56.0,53.7,54.1,0.4,939,300
2020-05-04,4540,565000,29697400,53.0,53.2,51.3,52.4,-1.7,427,372
2020-05-05,4540,404370,21185065,52.9,53.6,51.6,52.2,-0.2,313,410
2020-05-06,4540,503266,26488511,52.5,53.6,52.0,52.0,-0.2,375,406
2020-05-07,4540,415000,21717000,52.5,53.0,51.5,52.3,0.3,307,423
2020-05-08,4540,426001,22176853,53.0,53.0,51.5,51.5,-0.8,306,427
2020-05-11,4540,276000,14418100,52.8,52.8,51.8,52.0,0.5,195,509
2020-05-12,4540,295003,15207753,52.0,52.0,51.2,51.3,-0.7,220,479
2020-05-13,4540,244000,12448800,50.6,51.8,50.5,51.5,0.2,187,468
2020-05-14,4540,303491,15414241,51.6,51.6,50.4,50.6,-0.9,245,471
2020-05-15,4540,324300,16357720,50.8,51.6,49.55,50.9,0.3,233,443
2020-05-18,4540,250030,12795930,51.3,51.7,50.5,51.0,0.1,164,463
2020-05-19,4540,215102,11077072,51.9,52.1,50.8,51.7,0.7,160,497
2020-05-20,4540,168241,8684279,51.9,52.1,51.1,51.9,0.2,133,508
2020-05-21,4540,971092,51633757,52.1,54.2,52.0,52.0,0.1,682,298
2020-05-22,4540,723000,38261600,51.6,53.7,51.5,52.6,0.6,524,333
2020-05-25,4540,1171228,63641190,53.5,55.0,53.0,55.0,2.4,837,271
2020-05-26,4540,4217999,245606139,57.0,59.9,55.9,58.2,3.2,2802,149
2020-05-27,4540,5255669,317723236,59.0,62.8,58.6,59.6,1.4,3703,111
2020-05-28,4540,2554071,152121802,60.7,61.8,57.1,59.0,-0.6,1919,193
2020-05-29,4540,829820,48233250,58.2,59.0,57.5,57.9,-1.1,608,307
2020-06-01,4540,786114,45272998,58.0,58.7,56.7,56.9,-1.0,559,321
2020-06-02,4540,470000,26623100,57.5,57.5,55.8,56.1,-0.8,363,381
2020-06-03,4540,693305,40092656,56.7,58.8,56.7,57.7,1.6,552,367
2020-06-04,4540,1475084,86505346,58.4,60.2,57.2,57.5,-0.2,1184,271
2020-06-05,4540,487100,27678080,57.2,57.4,56.2,57.0,-0.5,377,424
2020-06-08,4540,514060,29294632,58.0,58.0,56.5,56.5,-0.5,377,435
2020-06-09,4540,360080,20394796,56.8,57.2,56.1,56.2,-0.3,277,468
2020-06-10,4540,465000,26276500,57.0,57.5,56.0,56.1,-0.1,346,424
2020-06-11,4540,1022100,56702350,56.2,56.9,54.0,56.9,0.8,693,357
2020-06-12,4540,1158344,66103183,54.7,58.0,54.7,58.0,1.1,789,294
2020-06-15,4540,1232262,71192484,58.2,58.8,56.0,57.1,-0.9,847,275
2020-06-16,4540,1955300,115564110,58.0,59.9,57.8,58.7,1.6,1287,217
2020-06-17,4540,725100,41709740,58.8,59.2,56.7,57.3,-1.4,560,332
2020-06-18,4540,580266,32696302,57.8,57.8,56.0,56.2,-1.1,449,383
2020-06-19,4540,402594,22304105,56.2,56.2,55.1,55.2,-1.0,336,471
2020-06-22,4540,456400,25093600,55.5,55.8,54.5,54.5,-0.7,345,442
2020-06-23,4540,397000,21332300,54.9,55.1,53.2,53.3,-1.2,302,446
2020-06-24,4540,276001,14957254,53.4,54.7,53.4,54.0,0.7,211,463
2020-06-29,4540,196041,10480430,53.5,54.1,53.1,53.2,-0.8,150,540
2020-06-30,4540,182000,9855000,54.4,54.5,53.9,54.2,1.0,144,518
2020-07-01,4540,152041,8265250,54.2,54.7,54.2,54.4,0.2,119,580
2020-07-02,4540,255000,14004300,54.5,55.3,54.4,54.9,0.5,189,505
2020-07-03,4540,279552,15221052,55.5,55.6,53.9,53.9,-1.0,233,524
2020-07-06,4540,274248,14848292,54.7,54.7,53.9,53.9,0.0,205,602
2020-07-07,4540,305900,16399130,54.4,54.4,53.2,53.5,-0.4,222,559
2020-07-08,4540,597500,32623749,54.3,55.0,53.5,54.9,1.4,406,446
2020-07-09,4540,643423,35762749,56.1,56.7,54.8,55.2,0.3,429,454
2020-07-10,4540,430650,22976988,55.2,55.2,52.0,52.6,-2.6,333,509
2020-07-13,4540,214050,11295328,53.2,53.7,52.3,52.6,0.0,172,570
2020-07-14,4540,190169,9902088,53.3,53.3,51.8,51.8,-0.8,149,569
2020-07-15,4540,219031,11374991,52.5,52.8,51.0,51.0,-0.8,187,569
2020-07-16,4540,233350,11982020,51.4,52.1,50.8,51.2,0.2,171,541
2020-07-17,4540,244100,12377019,51.7,51.7,50.0,50.2,-1.0,186,551
2020-07-20,4540,203198,10205377,50.5,50.8,49.7,50.4,0.2,149,537
2020-07-21,4540,183190,9300290,51.3,51.5,50.4,50.7,0.3,121,586
2020-07-22,4540,222145,11333079,50.9,51.5,50.7,50.9,0.2,138,529
2020-07-23,4540,310549,15961507,51.1,52.0,51.0,51.3,0.4,179,470
2020-07-24,4540,311848,15688750,51.6,51.6,49.6,49.95,-1.35,246,512
2020-07-27,4540,752500,36200600,49.95,51.2,46.85,46.9,-3.05,514,392
2020-07-28,4540,313536,14705576,47.6,47.6,46.2,46.2,-0.7,248,536
2020-07-29,4540,271365,12956234,46.2,48.6,46.2,48.15,1.95,209,476
2020-07-30,4540,209612,10178908,48.2,49.4,48.0,48.5,0.35,156,503
2020-07-31,4540,106313,5123820,48.15,48.75,48.0,48.15,-0.35,84,580
2020-08-03,4540,144315,6856362,48.15,48.35,47.1,47.3,-0.85,119,588
2020-08-04,4540,147000,7088500,47.5,48.7,47.35,48.3,1.0,114,564
2020-08-05,4540,118165,5724686,48.8,48.95,48.2,48.5,0.2,99,600
2020-08-06,4540,151456,7328824,49.1,49.1,48.25,48.35,-0.15,118,587
2020-08-07,4540,214000,10360450,48.55,49.0,47.8,47.95,-0.4,149,520
2020-08-10,4540,1659879,86057221,48.8,52.7,48.8,52.7,4.75,948,285
2020-08-11,4540,1176110,60495582,52.0,53.8,49.8,49.9,-2.8,855,327
2020-08-12,4540,300000,14924700,50.7,50.8,49.0,49.6,-0.3,221,469
2020-08-13,4540,174000,8761500,50.5,51.0,50.0,50.2,0.6,137,549
2020-08-14,4540,177004,8898314,50.2,50.7,49.85,50.5,0.3,125,569
2020-08-17,4540,525100,26838250,50.9,52.0,50.2,52.0,1.5,305,466
2020-08-18,4540,462274,23533791,52.5,52.6,50.1,50.5,-1.5,325,457
2020-08-19,4540,264000,13158900,50.7,50.9,49.0,49.3,-1.2,195,555
2020-08-20,4540,579001,27124397,49.8,49.8,45.05,46.75,-2.55,439,516
2020-08-21,4540,185000,8701200,46.7,47.7,46.7,47.1,0.35,148,571
2020-08-24,4540,331000,15418850,47.1,47.3,46.25,46.35,-0.75,211,488
2020-08-25,4540,368657,17800767,47.0,49.5,46.9,47.95,1.6,297,476
2020-08-26,4540,133100,6392140,48.35,48.35,47.6,48.05,0.1,112,600
2020-08-27,4540,92450,4443584,48.65,48.7,47.8,48.1,0.05,77,658
2020-08-28,4540,117250,5686700,48.15,48.9,47.85,48.55,0.45,102,613
2020-08-31,4540,185200,9027600,49.1,49.45,48.15,48.15,-0.4,152,592
2020-09-01,4540,69309,3344858,48.2,48.6,48.0,48.25,0.1,55,703
2020-09-02,4540,81400,3908420,48.75,48.75,47.3,47.85,-0.4,69,699
2020-09-03,4540,154500,7456049,48.1,48.55,47.95,48.25,0.4,110,634
2020-09-04,4540,154000,7440400,47.3,49.2,47.3,48.2,-0.05,106,632
2020-09-07,4540,488500,24234925,49.5,50.5,48.65,49.15,0.95,376,492
2020-09-08,4540,113510,5576040,49.85,49.85,48.9,49.2,0.05,95,651
2020-09-09,4540,117500,5738100,49.2,49.2,48.4,49.1,-0.1,95,637
2020-09-10,4540,110000,5374800,49.6,49.6,48.65,48.65,-0.45,87,677
2020-09-11,4540,128050,6157796,48.0,48.35,47.9,47.95,-0.7,101,659
2020-09-14,4540,97000,4647700,48.0,48.0,47.65,47.9,-0.05,75,668
2020-09-15,4540,96100,4622200,48.2,48.6,47.75,47.95,0.05,72,653
2020-09-16,4540,143200,6870829,48.1,48.1,47.85,47.9,-0.05,98,607
2020-09-17,4540,67000,3212350,47.8,48.1,47.8,47.95,0.05,59,694
2020-09-18,4540,107200,5200190,47.9,49.2,47.9,48.25,0.3,93,671
2020-09-21,4540,141000,6772400,48.25,48.3,47.85,48.1,-0.15,104,648
2020-09-22,4540,126498,5977204,47.9,47.9,47.15,47.2,-0.9,108,650
2020-09-23,4540,150000,7027000,47.25,47.45,46.6,46.7,-0.5,110,641
2020-09-24,4540,239000,10900000,45.65,46.7,45.3,45.3,-1.4,179,632
2020-09-25,4540,149032,6704726,45.45,45.9,44.2,44.6,-0.7,103,667
2020-09-28,4540,97000,4361450,44.6,45.3,44.6,45.05,0.45,78,625
2020-09-29,4540,47000,2124600,45.15,45.65,45.05,45.05,0.0,36,690
2020-09-30,4540,34200,1536900,44.7,45.1,44.7,45.05,0.0,31,718
2020-10-05,4540,54100,2439080,44.5,45.55,44.5,45.05,0.0,40,686
2020-10-06,4540,60000,2731100,45.3,45.85,45.3,45.5,0.45,50,711
2020-10-07,4540,80400,3669580,45.45,45.8,45.35,45.6,0.1,46,620
2020-10-08,4540,76000,3431400,45.5,45.5,45.0,45.2,-0.4,57,669
2020-10-12,4540,137050,6174669,45.1,45.5,44.9,44.95,-0.25,88,596
2020-10-13,4540,48000,2163150,45.1,45.3,44.95,45.0,0.05,43,711
2020-10-14,4540,128000,5760800,45.05,45.2,44.7,45.05,0.05,70,591
2020-10-15,4540,76000,3441450,44.95,45.7,44.95,45.2,0.15,57,657
2020-10-16,4540,74189,3350037,45.5,45.5,44.85,45.05,-0.15,64,670
2020-10-19,4540,53070,2395364,45.45,45.45,45.0,45.15,0.1,46,735
2020-10-20,4540,41000,1853150,45.4,45.4,45.0,45.15,0.0,38,702
2020-10-21,4540,57000,2574550,45.2,45.35,45.0,45.15,0.0,44,690
2020-10-22,4540,61040,2731288,44.85,45.0,44.6,44.8,-0.35,48,664
2020-10-23,4540,85000,3798150,44.8,44.85,44.6,44.65,-0.15,70,628
2020-10-26,4540,212000,9674250,44.9,46.25,44.9,45.6,0.95,160,518
2020-10-27,4540,66000,2995550,45.4,45.6,45.2,45.25,-0.35,40,659
2020-10-28,4540,92000,4139500,45.45,45.45,44.6,44.8,-0.45,73,631
2020-10-29,4540,83000,3643300,43.65,44.8,43.5,44.2,-0.6,65,659
2020-10-30,4540,59000,2608800,44.25,44.5,44.1,44.1,-0.1,45,696
2020-11-02,4540,58000,2529300,44.1,44.1,43.3,43.55,-0.55,43,678
2020-11-03,4540,55150,2423650,43.65,44.2,43.65,44.0,0.45,45,670
2020-11-04,4540,65050,2865105,44.1,44.5,43.85,43.9,-0.1,42,643
2020-11-05,4540,86000,3761552,44.1,44.1,43.6,43.7,-0.2,64,617
2020-11-06,4540,46000,2028900,44.3,44.35,43.9,43.95,0.25,39,717
2020-11-09,4540,119000,5325600,43.95,45.2,43.95,44.75,0.8,79,641
2020-11-10,4540,126001,5691798,44.85,45.6,44.8,45.1,0.35,83,657
2020-11-11,4540,297200,13799220,46.9,46.9,46.0,46.2,1.1,242,552
2020-11-12,4540,105201,4831175,46.55,46.55,45.55,45.8,-0.4,80,666
2020-11-13,4540,127168,5829520,45.8,46.15,45.4,45.8,0.0,88,604
2020-11-16,4540,249698,11549203,45.85,46.8,45.85,46.2,0.4,187,562
2020-11-17,4540,87050,4008957,46.5,46.5,45.9,45.9,-0.3,75,708
2020-11-18,4540,217309,9798697,45.5,45.75,44.75,45.25,-0.65,174,572
2020-11-19,4540,180040,8307202,45.5,46.5,45.5,46.2,0.95,145,595
2020-11-20,4540,262118,11966912,46.2,46.3,45.25,45.55,-0.65,192,541
2020-11-23,4540,376218,17017379,45.7,45.95,44.8,44.9,-0.65,253,531
2020-11-24,4540,830736,38709364,45.2,47.5,45.05,46.4,1.5,625,422
2020-11-25,4540,531090,25064020,46.4,47.65,46.4,47.4,1.0,418,489
2020-11-26,4540,491090,23608318,47.8,48.8,47.5,48.15,0.75,346,481
2020-11-27,4540,146350,7004655,48.0,48.3,47.75,47.9,-0.25,127,658
2020-11-30,4540,759322,37214816,48.7,49.9,47.7,49.4,1.5,525,479
2020-12-01,4540,1065270,53013319,49.6,50.5,48.45,50.5,1.1,732,394
2020-12-02,4540,2377236,128275746,52.8,55.0,52.8,54.3,3.8,1765,290
2020-12-03,4540,1504832,81172767,54.3,55.0,52.0,53.9,-0.4,1071,341
2020-12-04,4540,691639,37243861,54.1,54.3,53.5,53.7,-0.2,495,439
2020-12-07,4540,728285,38964330,54.2,55.2,52.7,53.0,-0.7,510,462
2020-12-08,4540,1095782,58969661,53.0,55.6,52.0,54.8,1.8,823,390
2020-12-09,4540,1110358,60932420,55.3,55.7,53.9,54.9,0.1,762,390
2020-12-10,4540,487631,26248785,54.7,55.0,52.9,53.1,-1.8,380,495
2020-12-11,4540,508783,26725863,53.3,53.7,51.6,52.3,-0.8,337,509
2020-12-14,4540,601210,31604583,52.3,53.5,51.9,52.0,-0.3,386,435
2020-12-15,4540,297353,15220523,52.3,52.8,50.5,50.7,-1.3,239,551
2020-12-16,4540,1337294,71309105,51.6,54.4,51.2,53.5,2.8,1009,325
2020-12-17,4540,3456099,191677400,54.0,56.5,53.9,55.4,1.9,2210,178
2020-12-18,4540,3644895,202883213,56.0,57.5,54.9,55.4,0.0,1195,198
2020-12-21,4540,782682,43151830,56.0,56.4,54.1,54.8,-0.6,546,433
2020-12-22,4540,1414619,78563839,55.0,56.7,53.1,53.1,-1.7,1009,367
2020-12-23,4540,3429527,195375835,54.0,58.4,53.2,58.4,5.3,1993,186
2020-12-24,4540,7960276,465214738,60.0,61.3,56.8,57.6,-0.8,3420,83
2020-12-25,4540,1678560,94462944,56.7,58.0,55.5,55.6,-2.0,1213,282
2020-12-28,4540,781585,43198853,56.0,56.0,54.7,54.9,-0.7,570,437
2020-12-29,4540,873321,47724820,55.4,55.6,54.0,54.4,-0.5,609,423
2020-12-30,4540,685062,37828702,55.3,56.0,54.4,54.7,0.3,422,446
2020-12-31,4540,595463,33209356,55.0,56.4,55.0,55.3,0.6,438,464
2021-01-04,4540,1152967,64646768,55.4,57.6,54.5,57.0,1.7,774,397
2021-01-05,4540,2280667,134036045,56.9,60.4,56.5,57.5,0.5,1549,295
2021-01-06,4540,1529074,84546529,57.6,58.6,53.2,54.4,-3.1,1073,395
2021-01-07,4540,415583,23037299,55.8,56.0,54.6,55.8,1.4,311,522
2021-01-08,4540,2129130,123819847,57.0,59.8,56.3,58.1,2.3,1566,303
2021-01-11,4540,2232671,132894027,59.1,61.2,58.3,58.6,0.5,1579,287
2021-01-12,4540,914326,51738493,58.0,58.2,55.5,56.5,-2.1,617,434
2021-01-13,4540,453793,25974292,57.1,57.7,56.5,57.6,1.1,339,502
2021-01-14,4540,1300167,76520872,58.0,59.7,57.6,59.3,1.7,841,335
2021-01-15,4540,1478670,87390739,59.9,60.4,58.0,58.4,-0.9,817,350
2021-01-18,4540,549621,31566261,59.4,59.5,56.4,57.6,-0.8,386,461
2021-01-19,4540,819808,46455261,57.2,58.1,55.6,55.9,-1.7,557,374
2021-01-20,4540,1205677,66097814,56.4,57.6,53.2,53.4,-2.5,876,411
2021-01-21,4540,2338524,134432360,53.6,58.7,53.6,58.6,5.2,1708,259
2021-01-22,4540,2246817,130222583,60.2,60.2,56.2,58.6,0.0,1734,246
2021-01-25,4540,764485,44537732,58.7,59.5,57.1,58.4,-0.2,555,385
2021-01-26,4540,11146342,704843470,59.5,64.2,59.2,64.2,5.8,6519,83
2021-01-27,4540,9050047,578496213,65.5,66.5,61.8,63.6,-0.6,6045,90
2021-01-28,4540,1776194,110226222,61.3,63.4,61.3,61.9,-1.7,1249,250
2021-01-29,4540,4298150,269470284,62.6,65.5,59.2,59.2,-2.7,3108,165
2021-02-01,4540,1845947,103891717,58.3,59.0,55.2,55.7,-3.5,1335,246
2021-02-02,4540,1237385,69085533,56.5,57.2,55.0,55.2,-0.5,850,281
2021-02-03,4540,785789,43758994,56.0,56.8,55.0,55.1,-0.1,568,340
2021-02-04,4540,482803,26436129,55.0,55.4,54.5,54.7,-0.4,361,387
2021-02-05,4540,477643,26332039,54.9,55.7,54.7,55.4,0.7,350,399
2021-02-17,4540,667500,37444706,56.0,57.0,55.2,56.3,0.9,489,431
2021-02-18,4540,956332,55345792,56.3,58.9,56.2,57.5,1.2,778,388
2021-02-19,4540,710680,41657625,57.7,59.4,57.5,58.5,1.0,529,420
2021-02-22,4540,1497993,91298584,59.5,62.6,59.3,61.8,3.3,1090,349
2021-02-23,4540,1918302,120432584,61.9,64.7,61.2,61.4,-0.4,1403,323
2021-02-24,4540,918446,55829365,61.5,62.7,59.6,59.9,-1.5,673,419
2021-02-25,4540,659691,40509612,61.7,62.4,60.5,60.9,1.0,496,433
2021-02-26,4540,498701,29908910,59.0,60.9,59.0,59.8,-1.1,376,480
2021-03-02,4540,576448,34614294,62.5,62.5,58.6,58.6,-1.2,415,463
2021-03-03,4540,942106,56836630,59.3,61.8,58.2,60.9,2.3,692,392
2021-03-04,4540,697861,42611778,61.0,62.3,60.2,60.4,-0.5,555,416
2021-03-05,4540,514572,31208452,59.5,61.7,59.3,60.5,0.1,366,443
2021-03-08,4540,1643475,102218955,60.9,63.4,60.5,61.9,1.4,1264,301
2021-03-09,4540,1302581,80780586,61.3,63.5,60.9,61.1,-0.8,1029,343
2021-03-10,4540,533515,32431998,61.8,62.0,60.2,60.3,-0.8,399,448
2021-03-11,4540,661245,40601986,61.2,62.3,60.7,60.9,0.6,455,435
2021-03-12,4540,385342,23685860,61.8,62.0,60.8,61.7,0.8,312,498
2021-03-15,4540,304007,18616540,61.7,62.0,60.8,60.8,-0.9,263,553
2021-03-16,4540,558540,34019478,61.3,61.6,60.1,60.1,-0.7,372,481
2021-03-17,4540,827699,49126696,60.4,60.5,58.6,59.0,-1.1,630,423
2021-03-18,4540,595500,35803000,59.0,61.1,59.0,61.0,2.0,402,477
2021-03-19,4540,434014,25951332,60.4,61.0,59.3,59.8,-1.2,334,545
2021-03-22,4540,358933,21270587,59.9,59.9,58.7,59.1,-0.7,284,592
2021-03-23,4540,322826,19014188,59.6,59.6,58.4,58.9,-0.2,255,596
2021-03-24,4540,475103,28061828,58.6,60.3,58.3,58.6,-0.3,364,510
2021-03-25,4540,294130,17211776,59.2,59.2,58.2,58.2,-0.4,224,584
2021-03-26,4540,246628,14436843,59.1,59.1,58.3,58.5,0.3,180,611
2021-03-29,4540,292062,17196755,59.0,59.2,58.6,58.9,0.4,223,625
2021-03-30,4540,282606,16684586,59.4,59.4,58.7,59.1,0.2,218,600
2021-03-31,4540,328342,19393378,59.4,59.4,58.6,58.8,-0.3,225,599
2021-04-01,4540,1504544,91651814,60.4,62.0,60.2,60.2,1.4,1090,350
2021-04-06,4540,1068431,65607182,60.6,62.1,60.6,61.9,1.7,715,441
2021-04-07,4540,628824,38573847,62.6,62.6,60.7,61.4,-0.5,425,521
2021-04-08,4540,1072220,66498640,61.4,62.9,61.2,61.5,0.1,735,479
2021-04-09,4540,1272855,79023764,62.0,62.9,61.5,62.2,0.7,766,454
2021-04-12,4540,2592321,165316599,63.1,64.8,62.6,64.0,1.8,1774,365
2021-04-13,4540,3985037,258896180,64.5,66.9,62.0,62.5,-1.5,2511,266
2021-04-14,4540,5526793,362207135,63.1,68.3,62.1,68.0,5.5,3711,212
2021-04-15,4540,6600444,463354681,68.1,73.3,66.0,68.6,0.6,4684,133
2021-04-16,4540,2172152,148928479,69.2,70.9,67.2,68.2,-0.4,1542,318
2021-04-19,4540,1770342,118582422,69.1,69.2,66.1,66.3,-1.9,1115,410
2021-04-20,4540,1222324,80339662,66.5,66.5,65.0,65.6,-0.7,770,449
2021-04-21,4540,1218777,78650068,65.6,66.0,63.8,64.0,-1.6,798,440
2021-04-22,4540,1583733,99187878,64.6,64.7,60.6,61.0,-3.0,1046,485
2021-04-23,4540,811192,50342485,61.0,63.5,60.2,62.1,1.1,592,493
2021-04-26,4540,662481,41277905,62.9,63.0,61.8,62.1,0.0,469,555
2021-04-27,4540,490002,30263191,62.3,62.6,61.0,61.5,-0.6,376,598
2021-04-28,4540,702000,43240300,61.9,62.8,61.0,61.5,0.0,462,552
2021-04-29,4540,902080,54793659,62.2,62.2,60.3,60.7,-0.8,609,506
2021-05-03,4540,1054781,62367244,60.7,60.7,58.5,58.8,-1.9,632,511
2021-05-04,4540,1033711,58166914,58.9,58.9,54.3,56.1,-2.7,730,563
2021-05-05,4540,378409,21275041,56.1,57.0,55.0,56.3,0.2,288,601
2021-05-06,4540,273300,15522379,56.7,57.7,56.0,56.2,-0.1,210,644
2021-05-07,4540,430175,24389945,57.0,57.2,56.3,56.7,0.5,327,559
2021-05-10,4540,622150,34486640,56.5,57.1,54.5,54.6,-2.1,456,541
2021-05-11,4540,779782,40999288,54.4,54.4,51.0,51.1,-3.5,548,582
2021-05-12,4540,899692,44084710,50.8,52.6,46.25,47.9,-3.2,591,630
2021-05-13,4540,535999,25635465,46.3,49.6,45.5,48.3,0.4,385,619
2021-05-14,4540,396815,19308372,48.8,49.95,47.55,47.55,-0.75,318,621
2021-05-17,4540,566446,25467206,43.2,47.0,43.2,44.6,-2.95,375,634
2021-05-18,4540,329043,15629517,45.55,48.95,45.55,48.55,3.95,264,645
2021-05-19,4540,348038,16603393,48.5,49.0,47.3,47.8,-0.75,273,575
2021-05-20,4540,233400,11034200,47.9,47.9,46.6,46.6,-1.2,158,613
2021-05-21,4540,308163,14890137,47.5,48.85,47.5,48.7,2.1,244,561
2021-05-24,4540,336730,16856223,48.6,51.2,48.4,50.0,1.3,272,539
2021-05-25,4540,493070,25270677,50.8,51.8,50.8,51.0,1.0,352,515
2021-05-26,4540,104200,5328880,51.0,51.6,50.9,51.3,0.3,91,691
2021-05-27,4540,135058,6849480,51.3,51.3,50.4,50.8,-0.5,108,652
2021-05-28,4540,214204,11023509,51.1,51.9,51.0,51.1,0.3,170,627
2021-05-31,4540,252905,12969357,51.3,52.1,50.3,50.3,-0.8,199,609
2021-06-01,4540,481417,25352197,50.4,54.1,50.4,53.8,3.5,402,498
2021-06-02,4540,296300,15707238,53.8,54.4,52.2,52.2,-1.6,251,593
2021-06-03,4540,147010,7682427,52.5,53.1,51.9,52.1,-0.1,135,663
2021-06-04,4540,192000,9884700,52.1,52.2,51.1,51.3,-0.8,156,617
2021-06-07,4540,195009,9891862,51.0,51.3,50.2,50.7,-0.6,162,635
2021-06-08,4540,58002,2965506,50.8,51.4,50.8,51.1,0.4,55,729
2021-06-09,4540,71055,3641169,50.9,51.6,50.9,51.2,0.1,64,740
2021-06-10,4540,185000,9605100,52.2,52.7,51.3,51.7,0.5,159,613
2021-06-11,4540,449000,23923700,52.4,54.1,52.4,52.8,1.1,354,485
2021-06-15,4540,214004,11509217,53.2,54.7,53.2,53.4,0.6,149,602
2021-06-16,4540,251185,13289255,53.4,53.4,52.6,52.6,-0.8,188,579
2021-06-17,4540,168120,8735863,52.6,52.8,51.5,52.1,-0.5,141,618
2021-06-18,4540,368010,19664867,52.5,54.3,52.5,53.1,1.0,291,533
2021-06-21,4540,363224,19465131,53.1,54.2,53.0,53.5,0.4,274,566
2021-06-22,4540,224275,11957453,54.4,54.4,52.7,52.7,-0.8,179,601
2021-06-23,4540,241003,12901560,52.9,54.1,52.9,54.1,1.4,176,600
2021-06-24,4540,915575,50762032,54.1,56.5,53.8,56.0,1.9,695,413
2021-06-25,4540,436085,24033490,56.1,56.2,54.5,54.6,-1.4,330,535
2021-06-28,4540,314003,16858988,54.7,54.8,53.2,53.3,-1.3,260,592
2021-06-29,4540,303060,15919425,53.5,53.5,52.0,52.1,-1.2,216,615
2021-06-30,4540,150093,7932569,52.5,53.2,52.5,52.6,0.5,116,690
2021-07-01,4540,260200,13635619,51.8,53.7,51.8,52.0,-0.6,161,638
2021-07-02,4540,215784,11400368,52.7,53.5,52.0,52.9,0.9,171,627
2021-07-05,4540,195064,10318785,52.9,53.3,52.6,52.8,-0.1,158,670
2021-07-06,4540,164597,8659341,52.6,53.1,52.4,52.4,-0.4,139,673
2021-07-07,4540,229113,12012768,52.7,53.0,51.8,52.2,-0.2,171,640
2021-07-08,4540,169837,8874230,52.2,52.7,52.0,52.2,0.0,145,665
2021-07-09,4540,298223,15821211,52.3,53.4,52.3,53.1,0.9,251,591
2021-07-12,4540,474193,25707139,54.0,55.0,53.6,53.8,0.7,370,551
2021-07-13,4540,629653,34528022,54.7,55.5,54.0,54.8,1.0,470,538
2021-07-14,4540,344541,18834540,55.0,55.6,54.1,54.2,-0.6,298,569
2021-07-15,4540,478103,26540978,54.2,56.3,54.2,56.1,1.9,330,486
2021-07-16,4540,362004,20301024,56.4,57.1,55.2,55.8,-0.3,260,534
2021-07-19,4540,187136,10282794,55.8,55.9,54.6,54.6,-1.2,147,651
2021-07-20,4540,320000,17540700,54.0,55.5,54.0,54.5,-0.1,231,575
2021-07-21,4540,247100,13537460,54.5,55.6,54.2,54.6,0.1,174,643
2021-07-22,4540,284082,15730311,55.5,56.0,55.0,55.0,0.4,213,574
2021-07-23,4540,895365,50882726,55.4,57.8,55.4,57.7,2.7,675,423
2021-07-26,4540,540552,31157141,58.0,58.3,56.9,57.4,-0.3,378,495
2021-07-27,4540,542058,30172168,57.6,57.6,54.3,54.5,-2.9,398,493
2021-07-28,4540,440611,23775679,54.5,55.5,52.1,55.1,0.6,317,540
2021-07-29,4540,363194,20072822,56.0,56.4,54.9,55.0,-0.1,242,497
2021-07-30,4540,254020,13850400,55.2,55.2,54.0,54.0,-1.0,186,556
2021-08-02,4540,180058,9684925,54.3,54.5,53.5,53.9,-0.1,162,606
2021-08-03,4540,195060,10450804,54.7,54.7,53.1,53.4,-0.5,132,570
2021-08-04,4540,104106,5592818,53.4,54.2,53.4,53.5,0.1,94,682
2021-08-05,4540,172024,9230907,53.8,54.3,53.1,53.5,0.0,144,610
2021-08-06,4540,185030,9815614,53.5,53.5,52.8,53.0,-0.5,139,593
2021-08-09,4540,151184,7935285,53.1,53.4,52.1,52.2,-0.8,129,662
2021-08-10,4540,179158,9381476,52.4,53.0,51.8,52.1,-0.1,157,633
2021-08-11,4540,481322,24594856,51.6,52.3,50.6,50.7,-1.4,363,510
2021-08-12,4540,595150,31077950,51.1,53.9,51.0,51.2,0.5,448,415
2021-08-13,4540,144121,7379851,52.2,52.2,50.6,51.3,0.1,124,668
2021-08-16,4540,270330,13311532,51.7,51.7,48.05,49.1,-2.2,222,597
2021-08-17,4540,124068,6111668,50.5,50.5,48.65,49.0,-0.1,91,685
2021-08-18,4540,152001,7447851,49.0,50.3,48.15,49.95,0.95,126,647
2021-08-19,4540,140040,6837094,48.8,50.1,48.5,48.65,-1.3,110,661
2021-08-20,4540,112110,5446950,48.8,49.0,48.2,48.6,-0.05,77,661
2021-08-23,4540,82050,4070639,48.6,50.1,48.6,49.9,1.3,67,690
2021-08-24,4540,50000,2499800,50.1,50.2,49.8,49.8,-0.1,46,744
2021-08-25,4540,83000,4168900,50.0,50.4,49.85,50.2,0.4,62,682
2021-08-26,4540,52000,2591400,50.1,50.1,49.6,49.6,0.0,41,739
2021-08-27,4540,121100,6020250,49.7,50.0,49.55,49.6,0.0,79,608
2021-08-30,4540,42119,2115327,49.75,50.5,49.75,50.3,0.7,44,746
2021-08-31,4540,98010,4942802,50.6,51.0,50.0,50.7,0.4,66,645
2021-09-01,4540,174000,8725050,50.1,50.6,49.95,50.3,-0.4,86,596
2021-09-02,4540,83162,4178840,51.0,51.0,50.0,50.0,-0.3,62,685
2021-09-03,4540,98100,4959460,50.9,51.2,50.2,50.7,0.7,71,662
2021-09-06,4540,100000,5069900,50.9,51.0,50.2,50.8,0.1,72,666
2021-09-07,4540,55000,2773900,50.8,50.8,50.2,50.2,-0.6,39,722
2021-09-08,4540,121018,5992803,50.3,50.3,49.0,49.1,-1.1,99,642
2021-09-09,4540,98003,4819249,48.5,49.8,48.5,49.7,0.6,87,619
2021-09-10,4540,105000,5136750,48.7,49.3,48.7,48.9,-0.8,85,622
2021-09-13,4540,58000,2837050,49.2,49.2,48.6,48.8,-0.1,54,719
2021-09-14,4540,36000,1767450,49.6,49.6,48.85,48.95,0.15,28,771
2021-09-15,4540,52000,2531550,49.4,49.4,48.05,48.55,-0.4,47,718
2021-09-16,4540,63000,3053150,48.45,48.7,48.3,48.4,-0.15,51,696
2021-09-17,4540,121200,5837895,48.55,48.55,48.05,48.05,-0.35,103,624
2021-09-22,4540,91126,4304940,48.0,48.0,47.0,47.15,-0.9,82,716
2021-09-23,4540,41020,1948669,47.15,47.8,47.15,47.75,0.6,36,758
2021-09-24,4540,40018,1918122,48.0,48.15,47.75,47.8,0.05,37,769
2021-09-27,4540,37000,1767400,47.8,47.85,47.5,47.75,-0.05,31,801
2021-09-28,4540,81121,3839356,47.75,47.75,47.15,47.2,-0.55,70,681
2021-09-29,4540,128203,5915881,45.6,46.9,45.6,46.25,-0.95,91,672
2021-09-30,4540,47206,2185033,46.05,46.65,46.0,46.35,0.1,48,772
2021-10-01,4540,143000,6538000,46.1,46.1,45.3,45.3,-1.05,108,694
2021-10-04,4540,134115,6051584,45.3,46.2,44.7,44.85,-0.45,72,689
2021-10-05,4540,74004,3272580,43.3,45.4,43.2,44.95,0.1,61,733
2021-10-06,4540,82135,3735360,45.0,46.05,45.0,45.5,0.55,73,678
2021-10-07,4540,189027,8988743,46.5,48.3,46.2,47.5,2.0,160,572
2021-10-08,4540,311327,15425140,51.6,51.6,48.2,48.2,0.7,243,451
2021-10-12,4540,72000,3411250,48.0,48.0,46.9,47.1,-1.1,59,705
2021-10-13,4540,49000,2306500,46.6,47.3,46.6,47.3,0.2,43,758
2021-10-14,4540,63004,2977990,47.5,47.75,47.05,47.5,0.2,48,693
2021-10-15,4540,47000,2237700,47.5,47.9,47.35,47.55,0.05,45,750
2021-10-18,4540,57000,2681600,46.8,47.95,46.8,47.35,-0.2,52,705
2021-10-19,4540,129100,6190850,47.55,48.4,47.55,48.1,0.75,94,627
2021-10-20,4540,46050,2216450,48.3,48.4,47.8,47.8,-0.3,41,739
2021-10-21,4540,52000,2497350,48.0,48.35,47.6,48.0,0.2,43,747
2021-10-22,4540,33005,1567085,47.2,48.0,47.2,47.35,-0.65,29,770
2021-10-25,4540,50022,2378694,47.35,48.0,46.95,47.9,0.55,46,715
2021-10-26,4540,125746,6050981,48.0,48.4,48.0,48.1,0.2,94,657
2021-10-27,4540,55002,2638396,47.8,48.3,47.5,48.3,0.2,46,733
2021-10-28,4540,67827,3244948,48.0,48.3,47.65,48.1,-0.2,58,713
2021-10-29,4540,54729,2634587,48.0,48.35,47.8,48.05,-0.05,55,755
2021-11-01,4540,163205,8059227,48.5,50.0,48.35,49.6,1.55,145,622
2021-11-02,4540,113098,5660367,49.95,50.8,49.15,49.15,-0.45,100,671
2021-11-03,4540,29520,1451544,49.15,49.5,49.0,49.1,-0.05,28,815
2021-11-04,4540,29120,1437092,49.8,49.8,49.1,49.2,0.1,27,816
2021-11-05,4540,41000,2008150,49.2,49.2,48.8,48.9,-0.3,31,789
2021-11-08,4540,153119,7594200,48.7,50.2,48.7,49.85,0.95,116,635
2021-11-09,4540,70039,3488746,50.4,50.5,49.5,49.5,-0.35,49,733
2021-11-10,4540,108107,5346684,49.8,49.9,49.0,49.2,-0.3,82,703
2021-11-11,4540,87260,4227487,48.15,48.9,48.15,48.5,-0.7,80,731
2021-11-12,4540,109104,5263654,49.4,49.4,47.95,48.0,-0.5,90,706
2021-11-15,4540,119061,5711134,48.1,48.4,47.6,47.8,-0.2,94,711
2021-11-16,4540,50690,2429968,47.9,48.2,47.85,47.85,0.05,51,812
2021-11-17,4540,216100,10453170,48.0,49.0,47.85,48.75,0.9,103,611
2021-11-18,4540,117094,5706279,49.1,49.1,48.5,48.85,0.1,98,708
2021-11-19,4540,74140,3605826,48.95,48.95,48.25,48.45,-0.4,63,748
2021-11-22,4540,62393,3055662,48.45,49.2,48.45,49.2,0.75,61,762
2021-11-23,4540,41203,2007747,49.0,49.0,48.6,48.6,-0.6,35,807
2021-11-24,4540,55185,2690314,48.55,49.0,48.55,48.65,0.05,51,761
2021-11-25,4540,40002,1949798,48.65,49.0,48.55,48.8,0.15,37,791
2021-11-26,4540,107632,5163221,48.95,48.95,47.65,47.75,-1.05,98,741
2021-11-29,4540,57035,2710666,47.7,48.25,47.05,47.8,0.05,45,793
2021-11-30,4540,51119,2449121,48.4,48.45,47.5,47.55,-0.25,44,768
2021-12-01,4540,35072,1677927,47.4,48.3,47.2,47.95,0.4,24,806
2021-12-02,4540,90341,4344672,47.95,48.5,47.5,48.1,0.15,77,688
2021-12-03,4540,77055,3704669,48.1,48.5,47.95,48.1,0.0,60,696
2021-12-06,4540,83705,4013035,47.8,48.1,47.6,48.05,-0.05,66,688
2021-12-07,4540,97700,4679530,47.9,48.2,47.8,47.8,-0.25,70,682
2021-12-08,4540,147325,7103546,48.35,48.35,48.05,48.15,0.35,121,658
2021-12-09,4540,59400,2861685,48.15,48.45,48.1,48.15,0.0,53,756
2021-12-10,4540,59250,2846790,48.3,48.3,47.8,48.05,-0.1,54,750
2021-12-13,4540,134280,6518769,48.55,48.95,48.2,48.75,0.7,105,680
2021-12-14,4540,93400,4502585,48.75,48.9,47.8,48.15,-0.6,79,724
2021-12-15,4540,24259,1172846,48.4,48.5,48.15,48.3,0.15,25,839
2021-12-16,4540,76100,3666405,48.35,48.4,47.9,48.0,-0.3,57,719
2021-12-17,4540,89401,4289149,48.0,48.1,47.65,48.0,0.0,60,711
2021-12-20,4540,63050,2979250,47.0,47.75,46.3,47.75,-0.25,43,740
2021-12-21,4540,35388,1691476,47.5,48.05,47.4,48.05,0.3,36,803
2021-12-22,4540,41151,1967322,48.0,48.0,47.55,47.9,-0.15,36,787
2021-12-23,4540,57626,2768211,47.8,48.35,47.8,47.95,0.05,48,750
2021-12-24,4540,110100,5252750,47.9,48.4,47.5,47.8,-0.15,65,663
2021-12-27,4540,106850,5114807,48.2,48.2,47.75,48.0,0.2,88,698
2021-12-28,4540,121001,5865648,48.0,48.75,48.0,48.6,0.6,103,678
2021-12-29,4540,570925,28515555,48.6,51.0,48.6,50.0,1.4,460,454
2021-12-30,4540,310134,15621738,50.1,50.9,49.8,49.95,-0.05,259,526
2022-01-03,4540,243278,12232238,50.1,50.8,49.8,50.4,0.45,158,572
2022-01-04,4540,141310,7086904,50.9,50.9,49.8,50.0,-0.4,115,651
2022-01-05,4540,151181,7465289,50.2,50.2,49.0,49.5,-0.5,117,650
2022-01-06,4540,128496,6385193,49.5,50.4,48.85,49.65,0.15,112,657
2022-01-07,4540,103621,5091394,50.2,50.2,48.7,49.15,-0.5,97,731
2022-01-10,4540,103200,5035600,49.2,49.2,48.6,49.1,-0.05,78,671
2022-01-11,4540,83361,4028854,48.6,48.6,48.0,48.0,-1.1,105,755
2022-01-12,4540,73400,3527292,48.2,48.55,47.8,47.8,-0.2,69,743
2022-01-13,4540,76347,3647479,47.75,48.0,47.65,47.7,-0.1,85,710
2022-01-14,4540,117556,5538034,47.65,47.65,46.9,47.2,-0.5,170,700
2022-01-17,4540,40335,1892095,47.2,47.2,46.6,47.1,-0.1,77,790
2022-01-18,4540,48358,2283657,47.3,47.4,47.0,47.05,-0.05,78,746
2022-01-19,4540,71514,3331978,46.85,46.85,46.5,46.5,-0.55,118,706
2022-01-20,4540,72169,3351472,46.3,47.0,46.1,46.5,0.0,75,692
2022-01-21,4540,117030,5388837,46.35,46.35,46.0,46.05,-0.45,97,691
2022-01-24,4540,95010,4317201,45.85,46.2,45.0,46.0,-0.05,240,711
2022-01-25,4540,76130,3477140,46.0,46.0,45.45,45.65,-0.35,64,762
2022-01-26,4540,95347,4326822,45.0,45.7,45.0,45.2,-0.45,90,665
2022-02-07,4540,53000,2443200,46.4,46.8,45.5,46.55,1.35,43,758
2022-02-08,4540,87100,4108965,46.9,47.45,46.85,47.4,0.85,73,690
2022-02-09,4540,102350,4881192,47.8,48.2,46.0,47.65,0.25,109,693
2022-02-10,4540,39215,1866934,47.55,48.05,47.2,47.65,0.0,39,780
2022-02-11,4540,95077,4542544,47.2,48.05,47.2,47.4,-0.25,84,677
2022-02-14,4540,59531,2778822,46.45,47.2,46.4,46.9,-0.5,90,759
2022-02-15,4540,27044,1278114,47.25,47.5,47.1,47.3,0.4,27,835
2022-02-16,4540,48100,2294113,47.5,47.9,47.5,47.6,0.3,56,780
2022-02-17,4540,46110,2216930,48.0,48.3,47.95,47.95,0.35,59,779
2022-02-18,4540,35005,1674089,47.9,48.05,47.7,47.8,-0.15,34,802
2022-02-21,4540,53820,2577238,47.8,48.3,47.5,48.05,0.25,51,752
2022-02-22,4540,75001,3602299,48.1,48.5,47.6,47.75,-0.3,64,745
2022-02-23,4540,77000,3726500,48.7,48.7,48.1,48.45,0.7,66,666
2022-02-24,4540,168316,8068346,48.45,48.5,47.45,47.6,-0.85,143,685
2022-02-25,4540,53014,2521863,48.2,48.2,47.3,47.8,0.2,45,771
2022-03-01,4540,60153,2893063,47.6,48.45,47.5,48.25,0.45,49,750
2022-03-02,4540,42000,2026600,48.6,48.6,48.0,48.05,-0.2,31,765
2022-03-03,4540,111020,5401318,48.4,48.8,48.1,48.5,0.45,84,643
2022-03-04,4540,108025,5275070,48.5,49.5,48.35,48.8,0.3,84,661
2022-03-07,4540,126173,6024429,48.6,48.6,47.25,47.25,-1.55,109,736
2022-03-08,4540,73056,3422026,46.8,47.05,46.65,46.7,-0.55,68,788
2022-03-09,4540,139279,6423760,46.5,46.5,45.7,46.0,-0.7,150,619
2022-03-10,4540,189101,8767496,46.3,46.8,46.0,46.3,0.3,95,581
2022-03-11,4540,134273,6143942,46.05,46.15,45.4,45.65,-0.65,96,596
2022-03-14,4540,50225,2293896,45.8,45.85,45.5,45.7,0.05,46,733
2022-03-15,4540,48295,2191366,45.4,45.5,45.3,45.3,-0.4,49,773
2022-03-16,4540,69125,3133011,45.5,45.8,45.1,45.2,-0.1,64,728
2022-03-17,4540,46630,2131125,45.4,45.9,45.4,45.8,0.6,47,805
2022-03-18,4540,57010,2663714,47.0,47.0,46.3,46.4,0.6,38,713
2022-03-21,4540,68005,3153382,46.5,46.5,46.1,46.45,0.05,48,711
2022-03-22,4540,71162,3296430,46.2,46.5,46.2,46.4,-0.05,54,694
2022-03-23,4540,107127,4950995,46.4,46.45,45.95,46.05,-0.35,73,681
2022-03-24,4540,37190,1702776,45.5,45.95,45.5,45.9,-0.15,41,796
2022-03-25,4540,46364,2125472,45.9,46.2,45.7,45.75,-0.15,56,784
2022-03-28,4540,148209,6687320,45.1,45.6,44.55,45.2,-0.55,85,628
2022-03-29,4540,97518,4390343,45.0,45.3,44.9,45.0,-0.2,76,664
2022-03-30,4540,49192,2225445,45.25,45.4,45.2,45.25,0.25,51,794
2022-03-31,4540,49081,2216022,45.25,45.35,45.0,45.1,-0.15,47,751
2022-04-01,4540,124376,5551068,45.0,45.0,44.45,44.6,-0.5,126,643
2022-04-06,4540,50210,2231246,44.15,44.7,44.15,44.55,-0.05,49,768
2022-04-07,4540,84000,3720350,44.4,44.5,44.15,44.3,-0.25,65,756
2022-04-08,4540,90039,3977188,44.3,44.5,44.0,44.0,-0.3,67,708
2022-04-11,4540,112086,4924442,44.35,44.35,43.7,43.8,-0.2,78,728
2022-04-12,4540,53199,2318715,43.6,43.8,43.2,43.65,-0.15,42,766
2022-04-13,4540,45447,2005796,43.7,44.35,43.65,44.3,0.65,40,811
2022-04-14,4540,101724,4469933,44.0,44.1,43.85,44.0,-0.3,76,665
2022-04-15,4540,22048,967212,43.8,44.15,43.65,44.15,0.15,23,851
2022-04-18,4540,21420,941971,44.15,44.15,43.8,44.0,-0.15,21,865
2022-04-19,4540,43220,1907787,44.2,44.4,43.75,43.9,-0.1,36,767
2022-04-20,4540,31002,1370038,43.9,44.85,43.9,44.85,0.95,30,819
2022-04-21,4540,22030,974909,44.3,44.5,44.1,44.4,-0.45,20,847
2022-04-22,4540,39022,1715990,44.0,44.1,43.9,44.0,-0.4,28,796
2022-04-25,4540,123162,5349894,43.35,45.8,43.05,44.25,0.25,76,709
2022-04-26,4540,28066,1227578,44.25,44.25,43.55,43.7,-0.55,26,824
2022-04-27,4540,110255,4730443,43.5,43.5,42.55,42.55,-1.15,72,740
2022-04-28,4540,90089,3821457,43.0,43.0,42.1,42.65,0.1,62,662
2022-04-29,4540,24000,1024000,42.7,43.0,42.5,42.65,0.0,21,849
2022-05-03,4540,61020,2572899,42.4,42.4,42.0,42.3,-0.35,45,714
2022-05-04,4540,25015,1062701,43.55,43.6,42.15,42.2,-0.1,25,804
2022-05-05,4540,26391,1116588,42.35,42.7,42.1,42.15,-0.05,27,813
2022-05-06,4540,138105,5678926,41.1,41.4,41.0,41.1,-1.05,91,615
2022-05-09,4540,116118,4708976,41.1,41.15,40.15,40.2,-0.9,71,713
2022-05-10,4540,62000,2492450,40.0,41.65,39.9,40.4,0.2,53,761
2022-05-11,4540,92303,3696035,40.4,40.45,39.8,39.95,-0.45,75,695
2022-05-12,4540,124062,4841037,39.6,39.65,38.55,38.55,-1.4,93,723
2022-05-13,4540,58051,2264141,38.55,39.9,38.55,38.9,0.35,54,781
2022-05-16,4540,292490,12396229,41.55,42.75,40.85,42.75,3.85,206,522
2022-05-17,4540,1220106,54056139,44.5,46.2,42.65,42.65,-0.1,899,279
2022-05-18,4540,158482,6776520,42.75,43.6,42.2,42.2,-0.45,167,623
2022-05-19,4540,79045,3279477,41.8,41.8,41.2,41.6,-0.6,70,686
2022-05-20,4540,100424,4292075,42.15,43.0,42.15,42.75,1.15,83,632
2022-05-23,4540,75182,3194635,42.3,42.9,42.1,42.15,-0.6,73,672
2022-05-24,4540,78170,3336486,42.55,42.9,42.15,42.45,0.3,79,675
2022-05-25,4540,43032,1839208,42.45,43.1,42.1,42.7,0.25,44,752
2022-05-26,4540,67290,2866710,43.05,43.05,42.1,42.4,-0.3,44,691
2022-05-27,4540,91701,3915115,43.0,43.1,42.2,42.65,0.25,70,633
2022-05-30,4540,126509,5477630,42.9,43.8,42.85,43.5,0.85,83,637
2022-05-31,4540,57328,2479063,43.5,43.5,43.0,43.0,-0.5,47,709
2022-06-01,4540,208116,9096457,42.75,44.2,42.7,44.05,1.05,151,574
2022-06-02,4540,313189,14013478,44.1,45.1,44.1,44.85,0.8,208,459
2022-06-06,4540,144000,6482550,44.8,45.5,44.8,44.8,-0.05,103,591
2022-06-07,4540,162149,7364290,44.8,45.85,44.8,45.75,0.95,106,551
2022-06-08,4540,123704,5670080,46.0,46.35,45.1,45.3,-0.45,126,617
2022-06-09,4540,987282,47561321,49.0,49.0,47.3,47.55,2.25,780,295
2022-06-10,4540,216767,10160185,46.95,47.3,46.6,46.85,-0.7,177,528
2022-06-13,4540,192324,8800029,46.65,46.65,45.4,45.5,-1.35,162,610
2022-06-14,4540,231386,10266083,45.5,45.5,43.7,44.85,-0.65,215,571
2022-06-15,4540,134870,6107876,45.9,45.9,45.0,45.6,0.75,99,627
2022-06-16,4540,172231,7882315,46.0,46.35,45.6,45.65,0.05,94,614
2022-06-17,4540,104558,4651476,43.65,45.1,43.65,45.1,-0.55,95,684
2022-06-20,4540,201268,8893055,45.4,45.4,43.3,43.3,-1.8,135,637
2022-06-21,4540,118074,5306394,43.5,45.35,43.5,45.3,2.0,103,661
2022-06-22,4540,99700,4393460,45.05,45.05,43.65,43.8,-1.5,122,692
2022-06-23,4540,107105,4708969,44.5,44.6,43.5,44.1,0.3,99,691
2022-06-24,4540,194315,8776801,44.35,45.7,44.35,45.5,1.4,136,583
2022-06-27,4540,186001,8669646,47.2,47.3,46.25,46.65,1.15,139,593
2022-06-28,4540,169005,7725272,46.65,46.65,45.35,45.8,-0.85,96,521
2022-06-29,4540,75005,3386827,45.0,45.4,45.0,45.3,-0.5,48,652
2022-06-30,4540,135107,5947394,45.5,45.5,43.15,43.75,-1.55,116,668
2022-07-01,4540,145365,6241368,43.35,43.6,42.2,42.65,-1.1,100,703
2022-07-04,4540,68000,2888950,42.65,43.2,42.0,42.7,0.05,54,742
2022-07-05,4540,71032,3084568,43.65,44.0,42.75,43.5,0.8,53,725
2022-07-06,4540,69032,2934526,43.05,43.05,41.7,42.1,-1.4,58,733
2022-07-07,4540,40200,1723248,43.15,43.15,42.15,42.9,0.8,31,789
2022-07-08,4540,147043,6337951,43.05,43.6,42.7,42.9,0.0,113,614
2022-07-11,4540,79200,3361638,42.85,42.95,41.7,42.8,-0.1,55,669
2022-07-12,4540,56060,2343532,41.9,43.0,41.55,41.85,-0.95,48,775
2022-07-13,4540,79247,3361131,42.7,42.7,42.2,42.2,0.35,57,688
2022-07-14,4540,54052,2291532,42.25,42.7,42.2,42.6,0.4,39,703
2022-07-15,4540,62100,2644365,42.6,42.75,42.35,42.75,0.15,36,709
2022-07-18,4540,40010,1730985,43.9,43.9,42.8,43.15,0.4,37,774
2022-07-19,4540,63010,2713082,43.0,43.35,42.7,43.3,0.15,41,682
2022-07-20,4540,75034,3242420,43.4,43.55,42.9,42.95,-0.35,56,730
2022-07-21,4540,44096,1898929,43.05,43.2,42.9,43.05,0.1,42,739
2022-07-22,4540,47095,2021832,43.05,43.25,42.75,42.9,-0.15,55,741
2022-07-25,4540,26010,1115330,42.9,43.0,42.55,42.95,0.05,21,793
2022-07-26,4540,40228,1728738,43.05,43.2,42.8,43.2,0.25,39,759
2022-07-27,4540,55200,2386540,42.8,43.4,42.8,43.2,0.0,38,693
2022-07-28,4540,48002,2071686,43.6,43.6,42.8,43.0,-0.2,38,737
2022-07-29,4540,89000,3813500,43.05,43.1,42.7,43.0,0.0,53,656
2022-08-01,4540,59050,2554044,43.05,43.95,42.95,43.95,0.95,52,710
2022-08-02,4540,109298,4787194,43.25,44.4,43.15,44.0,0.05,83,651
2022-08-03,4540,38000,1661700,44.0,44.0,43.5,43.7,-0.3,32,779
2022-08-04,4540,52020,2217372,43.6,43.6,41.65,43.0,-0.7,54,766
2022-08-05,4540,47044,2050192,43.0,44.2,42.85,44.2,1.2,43,759
2022-08-08,4540,74069,3249604,43.8,44.25,43.0,44.2,0.0,59,680
2022-08-09,4540,98243,4360154,44.2,44.7,44.1,44.45,0.25,87,653
2022-08-10,4540,89171,3940884,44.15,44.5,43.9,44.5,0.05,117,688
2022-08-11,4540,456524,21050448,44.95,47.95,44.8,47.1,2.6,322,460
2022-08-12,4540,520534,23546191,46.0,46.0,44.7,45.4,-1.7,387,451
2022-08-15,4540,86312,3903560,45.85,45.85,44.9,45.05,-0.35,99,730
2022-08-16,4540,87308,3929004,45.4,45.4,44.85,44.85,-0.2,80,712
2022-08-17,4540,41359,1864969,45.45,45.45,44.9,44.9,0.05,49,828
2022-08-18,4540,77132,3436797,44.85,44.85,44.4,44.6,-0.3,88,715
2022-08-19,4540,93294,4212478,44.7,45.4,44.7,45.3,0.7,89,723
2022-08-22,4540,122347,5547419,44.75,46.15,44.75,46.15,0.85,109,669
2022-08-23,4540,72225,3314020,46.15,46.25,45.35,45.9,-0.25,67,723
2022-08-24,4540,91251,4189496,46.2,46.2,45.5,45.85,-0.05,71,703
2022-08-25,4540,334578,15627012,45.9,47.4,45.8,46.8,0.95,210,487
2022-08-26,4540,358310,17061399,47.0,48.0,47.0,47.4,0.6,251,502
2022-08-29,4540,134779,6291457,46.5,47.4,46.0,47.05,-0.35,105,674
2022-08-30,4540,83163,3921580,47.05,47.7,46.55,47.7,0.65,81,679
2022-08-31,4540,193487,9291611,47.6,48.3,47.45,47.9,0.2,156,563
2022-09-01,4540,180015,8455831,47.85,47.9,46.5,46.9,-1.0,167,621
2022-09-02,4540,124695,5827049,47.0,47.3,46.55,46.55,-0.35,124,621
2022-09-05,4540,130635,5903015,45.5,45.5,45.0,45.0,0.0,96,654
2022-09-06,4540,41915,1875928,45.95,45.95,44.35,44.35,-0.65,42,798
2022-09-07,4540,33678,1489896,43.85,44.8,43.85,44.35,0.0,40,833
2022-09-08,4540,42158,1874380,44.5,45.15,44.15,44.7,0.35,44,762
2022-09-12,4540,56190,2491228,44.7,44.75,44.0,44.25,-0.45,41,753
2022-09-13,4540,35000,1559250,44.25,45.25,44.25,44.45,0.2,31,803
2022-09-14,4540,48300,2119384,43.4,44.25,43.4,43.95,-0.5,39,779
2022-09-15,4540,34283,1516900,43.95,44.55,43.6,44.35,0.4,43,823
2022-09-16,4540,41091,1804653,43.6,44.1,43.6,43.95,-0.4,50,782
2022-09-19,4540,91703,3959811,43.65,43.65,42.7,42.9,-1.05,111,690
2022-09-20,4540,82588,3545705,43.0,43.3,42.85,42.95,0.05,41,659
2022-09-21,4540,37650,1615960,43.15,43.8,42.6,42.7,-0.25,36,806
2022-09-22,4540,73303,3084577,42.2,42.7,41.6,42.15,-0.55,58,733
2022-09-23,4540,78016,3240872,41.85,42.55,41.3,41.45,-0.7,57,723
2022-09-26,4540,167336,6720137,40.65,40.75,39.6,39.85,-1.6,106,704
2022-09-27,4540,39631,1567737,39.85,40.0,39.2,40.0,0.15,35,806
2022-09-28,4540,203078,7685519,40.0,40.0,36.95,37.0,-3.0,154,670
2022-09-29,4540,76600,2881482,37.4,38.3,37.3,37.7,0.7,51,729
2022-09-30,4540,81378,3060578,37.7,38.35,36.8,38.35,0.65,79,712
2022-10-03,4540,39243,1479168,37.1,38.15,37.1,37.6,-0.75,39,771
2022-10-04,4540,83001,3135088,38.0,38.35,37.7,37.7,0.1,62,687
2022-10-05,4540,94416,3596025,38.0,38.45,37.8,37.9,0.2,80,689
2022-10-06,4540,48260,1824274,37.9,38.05,37.6,38.05,0.15,39,726
2022-10-07,4540,41215,1550015,37.7,38.0,37.4,37.55,-0.5,61,753
2022-10-11,4540,499338,17043298,36.5,36.5,33.8,33.9,-3.65,358,469
2022-10-12,4540,141510,4791070,34.25,34.25,33.5,34.1,0.2,98,639
2022-10-13,4540,141290,4711628,34.35,34.35,32.1,32.5,-1.6,113,736
2022-10-14,4540,125690,4270707,33.1,35.0,33.05,33.75,1.25,106,667
2022-10-17,4540,68310,2222487,33.3,33.3,32.0,32.65,-1.1,84,735
2022-10-18,4540,53091,1749028,32.75,33.1,32.75,33.0,0.35,42,749
2022-10-19,4540,45876,1519712,33.7,33.7,32.9,33.0,0.0,99,781
2022-10-20,4540,40160,1304499,33.0,33.0,32.3,32.6,-0.4,26,784
2022-10-21,4540,29282,944272,32.55,32.55,32.0,32.2,-0.4,29,793
2022-10-24,4540,61546,1979027,32.5,32.5,31.8,32.0,-0.2,49,738
2022-10-25,4540,53000,1674650,32.25,32.25,31.25,31.7,-0.3,46,772
2022-10-26,4540,18000,579250,32.2,32.25,32.05,32.15,0.45,12,869
2022-10-27,4540,49000,1619450,32.45,33.45,32.45,33.35,1.2,34,758
2022-10-28,4540,13005,429521,33.45,33.45,32.8,33.0,-0.35,12,860
2022-10-31,4540,50000,1610900,33.2,33.2,31.65,32.55,-0.45,47,708
2022-11-01,4540,24230,797022,32.5,33.45,32.5,33.1,0.55,19,822
2022-11-02,4540,37157,1234605,33.1,33.6,32.75,33.5,0.4,34,777
2022-11-03,4540,52115,1709881,32.5,33.35,32.5,33.25,-0.25,56,715
2022-11-04,4540,106147,3663586,33.1,35.3,33.1,34.85,1.6,74,641
2022-11-07,4540,43260,1522792,35.15,35.6,34.9,35.15,0.3,42,800
2022-11-08,4540,35228,1228888,35.1,35.1,34.5,34.6,-0.55,37,818
2022-11-09,4540,56589,1990226,34.6,35.7,34.6,35.3,0.7,51,780
2022-11-10,4540,27004,939941,34.8,35.1,34.7,34.95,-0.35,27,816
2022-11-11,4540,93000,3319050,36.05,36.9,35.0,35.4,0.45,76,754
2022-11-14,4540,83623,3031552,36.0,36.8,35.3,36.3,0.9,93,754
2022-11-15,4540,94481,3385429,36.5,36.5,35.5,36.05,-0.25,91,729
2022-11-16,4540,83130,2998299,36.75,36.75,35.7,35.7,-0.35,69,749
2022-11-17,4540,65045,2296726,36.0,36.0,35.0,35.55,-0.15,44,736
2022-11-18,4540,70451,2553508,36.05,36.45,35.9,36.4,0.85,56,736
2022-11-21,4540,41062,1486031,36.7,36.7,35.8,36.2,-0.2,40,766
2022-11-22,4540,40011,1424996,35.9,36.0,35.4,35.9,-0.3,33,778
2022-11-23,4540,58607,2108478,35.9,36.55,35.65,35.85,-0.05,78,743
2022-11-24,4540,48552,1746322,35.85,36.25,35.8,36.0,0.15,65,799
2022-11-25,4540,80014,2868256,36.15,36.2,35.55,35.8,-0.2,57,722
2022-11-28,4540,42518,1507044,35.4,35.6,35.1,35.4,-0.4,40,786
2022-11-29,4540,40174,1426370,35.35,35.95,35.35,35.75,0.35,34,800
2022-11-30,4540,86234,3111052,35.75,36.4,35.6,36.15,0.4,75,751
2022-12-01,4540,255400,9464953,36.35,37.75,36.35,37.3,1.15,196,617
2022-12-02,4540,190226,7169840,37.6,38.3,37.05,37.75,0.45,168,613
2022-12-05,4540,158824,6123886,37.85,39.2,37.85,38.75,1.0,179,670
2022-12-06,4540,93795,3611953,39.0,39.0,38.15,38.15,-0.6,110,732
2022-12-07,4540,83066,3146454,39.45,39.45,37.2,37.65,-0.5,83,737
2022-12-08,4540,47030,1738591,36.95,37.4,36.75,37.05,-0.6,46,754
2022-12-09,4540,105000,3944900,37.8,37.8,37.3,37.3,0.25,73,656
2022-12-12,4540,252080,9460548,36.5,38.5,36.5,37.8,0.5,144,537
2022-12-13,4540,67136,2529447,37.8,37.95,37.45,37.7,-0.1,57,739
2022-12-14,4540,94000,3554600,37.8,38.1,37.7,37.8,0.1,61,708
2022-12-15,4540,73000,2771550,37.95,38.3,37.8,37.9,0.1,56,721
2022-12-16,4540,79036,2965013,37.65,37.65,37.4,37.4,-0.5,57,740
2022-12-19,4540,65000,2410700,37.5,37.5,36.9,36.9,-0.5,37,714
2022-12-20,4540,102322,3743924,37.0,37.0,36.2,36.35,-0.55,78,721
2022-12-21,4540,20493,754564,37.25,37.25,36.65,36.65,0.3,27,853
2022-12-22,4540,60066,2195192,37.0,37.1,36.2,36.55,-0.1,45,705
2022-12-23,4540,42005,1521682,35.9,36.55,35.9,36.4,-0.15,33,739
2022-12-26,4540,51466,1909358,37.0,37.45,36.8,36.8,0.4,90,695
2022-12-27,4540,42001,1533638,36.95,36.95,36.35,36.35,-0.45,37,747
2022-12-28,4540,97049,3594679,37.3,38.35,36.45,36.5,0.15,80,660
2022-12-29,4540,32093,1164443,36.2,36.55,36.15,36.5,0.0,32,798
2022-12-30,4540,26000,949650,36.95,36.95,36.4,36.45,-0.05,21,811
2023-01-03,4540,12000,436300,36.4,36.6,36.2,36.35,-0.1,12,881
2023-01-04,4540,25000,919800,36.35,37.5,36.35,36.65,0.3,23,804
2023-01-05,4540,19000,695450,36.75,36.75,36.5,36.5,-0.15,17,862
2023-01-06,4540,14000,509950,36.5,36.5,36.35,36.5,0.0,13,874
2023-01-09,4540,128367,4745729,36.45,37.25,36.4,37.05,0.55,87,658
2023-01-10,4540,43177,1592240,36.9,37.15,36.6,36.95,-0.1,35,771
2023-01-11,4540,37000,1371850,37.1,37.4,36.8,36.9,-0.05,28,796
2023-01-12,4540,25015,923364,37.15,37.15,36.6,37.05,0.15,25,826
2023-01-13,4540,81156,2974972,37.05,37.05,36.45,36.45,-0.6,62,683
2023-01-16,4540,62168,2300258,36.5,37.4,36.5,37.4,0.95,62,715
2023-01-17,4540,177499,6732596,37.4,38.2,37.4,37.95,0.55,141,526
2023-01-30,4540,493701,19129555,38.1,39.2,38.1,38.95,1.0,255,458
2023-01-31,4540,177154,6874757,38.75,39.05,38.5,38.95,0.0,157,610
2023-02-01,4540,154051,6047459,39.1,39.5,39.1,39.15,0.2,119,647
2023-02-02,4540,81601,3213958,39.7,39.7,39.2,39.45,0.3,53,757
2023-02-03,4540,94370,3726915,39.75,39.75,39.1,39.6,0.15,79,718
2023-02-06,4540,96170,3824389,39.85,40.35,39.4,39.5,-0.1,100,690
2023-02-07,4540,62376,2459056,39.3,39.75,39.25,39.4,-0.1,76,742
2023-02-08,4540,213882,8551913,39.3,40.35,39.3,40.2,0.8,178,593
2023-02-09,4540,58063,2316420,40.1,40.2,39.7,39.8,-0.4,95,758
2023-02-10,4540,102079,4033102,39.8,39.8,39.3,39.6,-0.2,77,712
2023-02-13,4540,48599,1934009,40.4,40.4,39.6,39.6,0.0,47,791
2023-02-14,4540,128302,5148210,40.25,40.4,39.9,40.05,0.45,107,638
2023-02-15,4540,138105,5504011,40.35,40.35,39.4,39.65,-0.4,119,645
2023-02-16,4540,165000,6633050,39.7,40.8,39.7,40.45,0.8,130,611
2023-02-17,4540,106369,4326583,40.45,41.2,40.0,41.2,0.75,109,686
2023-02-20,4540,226554,9327097,41.2,41.75,40.65,41.05,-0.15,393,633
2023-02-21,4540,349551,14571316,41.5,42.3,41.05,42.0,0.95,276,544
2023-02-22,4540,226606,9492585,42.0,42.5,41.45,41.8,-0.2,265,609
2023-02-23,4540,116226,4838497,42.35,42.35,41.1,41.65,-0.15,97,733
2023-02-24,4540,130416,5408654,41.65,41.85,41.25,41.4,-0.25,91,727
2023-03-01,4540,82268,3409409,41.8,41.8,41.25,41.35,-0.05,75,756
2023-03-02,4540,89516,3717573,41.1,41.8,41.1,41.35,0.0,71,734
2023-03-03,4540,57010,2353550,41.7,41.7,41.15,41.4,0.05,41,805
2023-03-06,4540,65556,2721533,41.45,41.65,41.45,41.5,0.1,57,835
2023-03-07,4540,823008,35693902,41.6,44.4,41.6,42.75,1.25,587,433
2023-03-08,4540,705065,31191991,42.75,44.9,42.5,44.3,1.55,556,459
2023-03-09,4540,301565,13151284,44.45,44.45,43.15,43.25,-1.05,233,614
2023-03-10,4540,273102,11570464,43.2,43.2,42.0,42.05,-1.2,255,662
2023-03-13,4540,151169,6235733,40.25,42.0,40.25,41.45,-0.6,122,731
2023-03-14,4540,96601,3975111,41.5,41.5,40.9,41.1,-0.35,80,741
2023-03-15,4540,53011,2204361,41.8,41.8,41.3,41.3,0.2,52,809
2023-03-16,4540,139083,5669305,41.65,41.65,40.05,41.0,-0.3,113,747
2023-03-17,4540,158371,6546616,41.8,41.8,41.0,41.3,0.3,107,648
2023-03-20,4540,68876,2810147,41.0,41.0,40.55,41.0,-0.3,64,754
2023-03-21,4540,83632,3449897,41.8,41.8,40.9,41.05,0.05,81,754
2023-03-22,4540,59083,2426106,41.1,41.25,40.85,41.2,0.15,47,814
2023-03-23,4540,121351,5004432,40.95,41.55,40.95,41.4,0.2,98,703
2023-03-24,4540,84100,3468068,41.4,41.4,41.15,41.2,-0.2,58,773
2023-03-27,4540,69780,2864311,41.1,41.5,40.8,40.9,-0.3,63,802
2023-03-28,4540,118302,4800414,41.0,41.0,40.0,40.9,0.0,92,721
2023-03-29,4540,66057,2709442,40.95,41.2,40.8,41.15,0.25,54,771
2023-03-30,4540,154619,6408028,41.3,41.65,40.85,41.65,0.5,95,641
2023-03-31,4540,198081,8319081,41.3,42.35,41.3,41.85,0.2,127,590
2023-04-06,4540,53895,2252302,41.85,41.95,41.6,41.65,-0.2,56,812
2023-04-07,4540,77427,3246214,41.75,42.15,41.65,41.75,0.1,63,760
2023-04-10,4540,219651,9253890,42.2,42.35,41.85,42.2,0.45,159,616
2023-04-11,4540,688054,29813054,43.15,43.95,42.7,42.8,0.6,533,445
2023-04-12,4540,145430,6219867,42.95,43.05,42.45,42.65,-0.15,152,723
2023-04-13,4540,140014,5977748,42.5,42.95,42.2,42.75,0.1,116,722
2023-04-14,4540,136716,5867666,43.15,43.2,42.8,42.9,0.15,105,720
2023-04-17,4540,399610,17387102,42.75,43.9,42.7,43.65,0.75,241,571
2023-04-18,4540,256237,11280769,43.6,44.55,43.1,44.05,0.4,211,630
2023-04-19,4540,677048,30203400,43.85,45.4,43.5,43.5,-0.55,424,482
2023-04-20,4540,212848,9176597,44.1,44.1,42.75,42.75,-0.75,165,667
2023-04-21,4540,158156,6637471,42.75,42.95,41.0,41.6,-1.15,157,735
2023-04-24,4540,109285,4587978,41.6,42.5,41.6,41.95,0.35,79,688
2023-04-25,4540,190994,7902200,42.05,42.1,41.0,41.1,-0.85,177,690
2023-04-26,4540,99735,4046209,41.0,41.1,40.2,40.65,-0.45,140,723
2023-04-27,4540,62948,2577615,40.65,41.3,40.6,41.0,0.35,87,739
2023-04-28,4540,39431,1630237,41.45,41.9,41.1,41.35,0.35,42,825
2023-05-02,4540,152855,6477057,41.8,42.85,41.6,42.85,1.5,127,657
2023-05-03,4540,54151,2294057,42.2,42.85,42.05,42.05,-0.8,55,782
2023-05-04,4540,126003,5382023,42.05,43.0,42.0,42.95,0.9,83,674
2023-05-05,4540,240017,10297826,43.1,43.35,41.55,43.2,0.25,172,563
2023-05-08,4540,93584,4052641,43.2,43.5,42.9,43.45,0.25,102,731
2023-05-09,4540,107600,4639770,43.4,43.45,42.65,43.1,-0.35,128,730
2023-05-10,4540,115314,4821931,41.7,42.5,41.55,41.75,-1.35,113,674
2023-05-11,4540,258631,10483061,41.75,41.75,39.3,39.95,-1.8,214,642
2023-05-12,4540,74261,2974696,40.0,40.6,39.7,40.4,0.45,68,750
2023-05-15,4540,39410,1579795,40.4,40.4,39.8,40.05,-0.35,41,850
2023-05-16,4540,26181,1065549,40.35,40.85,40.3,40.55,0.5,35,900
2023-05-17,4540,60027,2465401,40.75,41.25,40.75,41.0,0.45,59,854
2023-05-18,4540,25237,1036484,41.35,41.35,40.8,41.0,0.0,29,903
2023-05-19,4540,55172,2259270,41.15,41.5,40.7,41.15,0.15,51,818
2023-05-22,4540,10247,423164,40.7,41.6,40.7,41.2,0.05,11,936
2023-05-23,4540,92103,3776067,40.85,41.3,40.85,40.95,-0.25,38,755
2023-05-24,4540,61000,2508900,40.85,41.45,40.85,41.45,0.5,49,818
2023-05-25,4540,76000,3140100,41.1,41.9,41.0,41.45,0.0,64,759
2023-05-26,4540,34307,1393153,40.95,40.95,40.3,40.45,-1.0,32,871
2023-05-29,4540,187392,7699675,40.4,41.9,40.15,41.2,0.75,123,655
2023-05-30,4540,54364,2207936,41.2,41.2,40.5,40.55,-0.65,67,798
2023-05-31,4540,97161,3925526,40.4,40.75,40.25,40.25,-0.3,74,737
2023-06-01,4540,36123,1459213,40.3,40.55,40.25,40.3,0.05,33,856
2023-06-02,4540,50129,2020884,40.35,40.6,40.2,40.35,0.05,43,857
2023-06-05,4540,65000,2653850,41.2,41.5,40.55,40.55,0.2,53,833
2023-06-06,4540,62072,2531367,40.55,40.95,40.5,40.7,0.15,44,811
2023-06-07,4540,131015,5380031,40.6,41.25,40.4,40.85,0.15,68,748
2023-06-08,4540,64323,2604960,40.85,40.85,40.35,40.35,-0.5,58,810
2023-06-09,4540,79154,3186521,40.4,40.45,40.15,40.25,-0.1,67,809
2023-06-12,4540,82183,3294343,40.1,40.3,40.0,40.15,-0.1,64,814
2023-06-13,4540,92807,3714236,40.15,40.15,39.95,40.0,-0.15,79,789
2023-06-14,4540,51619,2071627,40.05,40.3,40.05,40.1,0.1,45,849
2023-06-15,4540,79354,3189672,40.0,40.4,40.0,40.3,0.2,99,805
2023-06-16,4540,124021,5015552,40.25,40.65,40.25,40.55,0.25,82,769
2023-06-19,4540,62383,2517227,39.85,40.6,39.85,40.4,-0.15,59,826
2023-06-20,4540,81127,3263388,40.4,40.6,40.0,40.5,0.1,57,781
2023-06-21,4540,157170,6420183,40.55,41.4,40.15,41.35,0.85,107,709
2023-06-26,4540,72180,2929678,40.9,40.9,40.2,40.5,-0.85,57,806
2023-06-27,4540,105108,4225813,40.55,40.55,39.85,39.85,-0.65,92,774
2023-06-28,4540,29004,1165817,40.25,40.6,40.05,40.05,0.2,22,878
2023-06-29,4540,84217,3366839,40.05,40.1,39.85,39.9,-0.15,62,763
2023-06-30,4540,42434,1696662,39.9,40.3,39.85,40.05,0.15,38,838
2023-07-03,4540,51031,2054200,40.3,40.3,40.1,40.2,0.15,46,850
2023-07-04,4540,106290,4257414,40.2,40.4,39.85,40.2,0.0,132,762
2023-07-05,4540,66100,2650400,40.2,40.25,40.0,40.0,-0.2,61,821
2023-07-06,4540,48226,1920149,40.05,40.05,39.6,40.0,0.0,39,869
2023-07-07,4540,65209,2591078,40.0,40.0,39.65,39.8,-0.2,50,833
