date,stock_id,Trading_Volume,Trading_money,open,max,min,close,spread,Trading_turnover,Trading_money_rank
2017-05-26,4560,4059072,159916673,38.0,41.0,38.0,39.8,0.0,2879,114
2017-05-31,4560,1814008,69004454,39.0,39.2,36.7,37.6,-2.2,1107,199
2017-06-01,4560,506000,18981600,37.6,37.8,37.25,37.6,0.0,356,351
2017-06-02,4560,725000,27568800,37.7,38.65,37.55,38.55,0.95,464,322
2017-06-03,4560,391300,14970494,38.5,38.55,37.9,38.4,-0.15,276,344
2017-06-05,4560,2224000,90521350,38.7,42.2,38.7,42.2,3.8,1174,172
2017-06-06,4560,2170060,90669666,41.4,43.6,40.5,42.2,0.0,1336,166
2017-06-07,4560,1017000,42954850,41.7,42.85,41.65,41.9,-0.3,652,266
2017-06-08,4560,713000,29358050,41.7,41.7,40.95,41.05,-0.85,438,300
2017-06-09,4560,646000,26046650,41.25,41.25,39.95,40.0,-1.05,407,343
2017-06-12,4560,371000,14867550,39.8,40.35,39.6,40.0,0.0,227,380
2017-06-13,4560,319000,12568350,40.0,40.0,38.95,39.6,-0.4,213,396
2017-06-14,4560,548291,21223137,39.6,39.9,37.4,38.25,-1.35,365,367
2017-06-15,4560,161000,6155150,38.25,38.6,38.0,38.25,0.0,85,483
2017-06-16,4560,294000,11419950,38.0,39.25,38.0,39.15,0.9,171,410
2017-06-19,4560,310000,12144300,39.3,39.4,38.95,39.05,-0.1,175,409
2017-06-20,4560,223000,8625600,39.25,39.25,38.4,38.7,-0.35,130,469
2017-06-21,4560,178000,6876850,38.9,38.9,38.45,38.6,-0.1,96,514
2017-06-22,4560,264000,10136750,38.6,38.75,38.2,38.5,-0.1,142,451
2017-06-23,4560,749200,29456690,38.5,39.95,38.3,39.9,1.4,460,290
2017-06-26,4560,453000,17956050,39.9,40.1,39.4,39.5,-0.4,189,412
2017-06-27,4560,225000,8894250,39.5,39.85,39.3,39.7,0.2,110,492
2017-06-28,4560,221000,8746550,39.4,39.8,39.4,39.75,0.05,102,495
2017-06-29,4560,208100,8218730,39.6,39.7,39.25,39.5,-0.25,121,502
2017-06-30,4560,373000,14771700,39.1,40.0,39.05,40.0,0.5,183,383
2017-07-03,4560,267000,10660550,40.0,40.1,39.7,40.05,0.05,139,447
2017-07-04,4560,254000,10089950,40.0,40.1,39.3,39.3,-0.75,128,484
2017-07-05,4560,204000,8058950,39.75,39.75,39.2,39.5,0.2,76,493
2017-07-06,4560,223191,8879163,39.65,40.05,39.55,39.9,0.4,112,450
2017-07-07,4560,131500,5224575,40.0,40.25,39.45,39.55,-0.35,73,544
2017-07-10,4560,267000,10574450,39.85,39.85,39.3,39.55,0.0,115,448
2017-07-11,4560,383500,15198650,39.85,39.85,39.35,39.55,0.0,163,383
2017-07-12,4560,373100,14911435,39.75,40.45,39.6,40.35,0.8,211,385
2017-07-13,4560,315100,12645255,40.45,40.5,39.95,39.95,-0.4,141,414
2017-07-14,4560,283300,11384550,39.95,40.5,39.9,40.3,0.35,147,425
2017-07-17,4560,308000,12408950,40.3,40.5,40.15,40.5,0.2,128,422
2017-07-18,4560,465000,19351300,40.6,42.2,40.6,41.15,0.65,303,377
2017-07-19,4560,312000,12879650,41.15,41.65,41.0,41.3,0.15,145,459
2017-07-20,4560,436200,18307850,41.4,42.8,41.4,41.9,0.6,228,382
2017-07-21,4560,821833,35185092,42.2,43.55,41.95,43.45,1.55,498,283
2017-07-24,4560,1643560,74313993,43.9,47.5,43.6,46.15,2.7,1059,190
2017-07-25,4560,672700,30727885,46.15,46.15,45.0,45.85,-0.3,428,286
2017-07-26,4560,758333,34284251,46.15,46.15,44.7,45.3,-0.55,445,288
2017-07-27,4560,603400,27488120,45.3,46.2,45.3,45.3,0.0,327,313
2017-07-28,4560,767460,33922160,45.25,45.25,43.5,44.05,-1.25,470,278
2017-07-31,4560,599616,26150070,43.4,44.4,43.05,44.4,0.0,383,304
2017-08-01,4560,432534,19204269,44.4,44.9,43.85,44.65,0.25,259,370
2017-08-02,4560,895166,41062036,44.9,46.45,44.8,45.85,1.2,529,271
2017-08-03,4560,534050,23945635,45.8,45.8,44.15,44.55,-1.3,321,329
2017-08-04,4560,407200,18169230,45.75,45.75,44.3,44.65,0.1,218,388
2017-08-07,4560,362100,15963900,44.8,45.4,43.35,43.9,-0.75,219,427
2017-08-08,4560,280000,12301700,44.0,44.7,43.5,43.95,0.05,116,462
2017-08-09,4560,520000,22248000,43.5,43.8,41.9,43.0,-0.95,338,356
2017-08-10,4560,262000,11167300,43.0,43.2,42.1,42.3,-0.7,130,532
2017-08-11,4560,301000,12773750,42.0,42.95,41.7,42.7,0.4,142,436
2017-08-14,4560,345000,14799650,43.5,43.5,42.25,42.25,-0.45,143,469
2017-08-15,4560,217000,9199350,42.9,42.9,42.2,42.3,0.05,94,478
2017-08-16,4560,248000,10510700,42.4,42.75,42.0,42.35,0.05,110,463
2017-08-17,4560,238000,10100150,42.75,42.75,42.2,42.65,0.3,93,468
2017-08-18,4560,186001,7897742,42.7,42.7,42.2,42.45,-0.2,88,490
2017-08-21,4560,417155,17993582,42.7,43.4,42.3,43.4,0.95,195,377
2017-08-22,4560,251000,10905800,43.4,43.8,43.05,43.35,-0.05,137,450
2017-08-23,4560,271249,11751906,43.35,43.75,43.05,43.2,-0.15,141,475
2017-08-24,4560,327000,14172400,43.25,43.75,43.15,43.6,0.4,148,434
2017-08-25,4560,282000,12319800,43.9,43.95,43.4,43.9,0.3,145,459
2017-08-28,4560,866040,39372746,44.05,47.0,43.95,45.4,1.5,526,308
2017-08-29,4560,483000,21694250,45.4,45.5,44.5,45.0,-0.4,268,373
2017-08-30,4560,539000,23896050,45.05,45.4,43.8,44.3,-0.7,275,386
2017-08-31,4560,307000,13541450,44.3,44.3,43.8,44.25,-0.05,110,476
2017-09-01,4560,782488,35447802,44.65,45.85,44.65,45.7,1.45,461,329
2017-09-04,4560,419100,18903529,45.6,45.6,44.7,45.0,-0.7,194,411
2017-09-05,4560,245000,11046200,45.0,45.5,44.8,44.9,-0.1,128,478
2017-09-06,4560,254649,11303956,44.9,44.95,44.0,44.25,-0.65,148,483
2017-09-07,4560,248000,10967400,44.5,44.5,43.6,44.0,-0.25,116,502
2017-09-08,4560,219000,9653700,44.5,44.5,43.8,44.4,0.4,113,518
2017-09-11,4560,283041,12310404,44.0,44.25,43.0,43.6,-0.8,182,500
2017-09-12,4560,225000,9766300,44.2,44.2,43.0,43.8,0.2,144,523
2017-09-13,4560,139000,6064900,43.7,43.8,43.5,43.5,-0.3,67,586
2017-09-14,4560,171000,7456250,43.75,43.8,43.45,43.7,0.2,68,540
2017-09-15,4560,252000,11010600,43.9,44.0,43.5,43.75,0.05,145,518
2017-09-18,4560,275000,12109150,43.8,44.15,43.8,44.15,0.4,155,492
2017-09-19,4560,211040,9304534,44.25,44.4,43.5,44.0,-0.15,130,511
2017-09-20,4560,220000,9606300,44.0,44.5,42.9,43.8,-0.2,128,505
2017-09-21,4560,351000,15150500,43.8,43.8,42.95,42.95,-0.85,125,422
2017-09-22,4560,231000,9786950,43.2,43.2,42.0,42.45,-0.5,141,505
2017-09-25,4560,287200,11853840,42.5,42.5,40.5,41.6,-0.85,191,507
2017-09-26,4560,162019,6693321,41.3,41.7,40.5,41.0,-0.6,79,535
2017-09-27,4560,244015,10245292,42.0,42.55,41.5,42.55,1.55,116,441
2017-09-28,4560,205041,8701513,43.0,43.0,42.0,42.6,0.05,97,468
2017-09-29,4560,201000,8619300,42.6,43.2,42.4,43.2,0.6,101,481
2017-09-30,4560,288000,12461800,43.5,43.75,42.55,43.4,0.2,168,328
2017-10-02,4560,837000,37095300,44.6,45.0,43.6,43.9,0.5,545,268
2017-10-03,4560,373000,16097950,43.8,43.8,42.5,43.0,-0.9,224,383
2017-10-05,4560,289000,12290950,42.9,43.2,42.2,42.85,-0.15,171,429
2017-10-06,4560,275000,11820400,42.95,43.3,42.6,43.1,0.25,138,445
2017-10-11,4560,289000,12352450,43.1,43.5,42.15,42.15,-0.95,121,486
2017-10-12,4560,352159,15017900,42.8,43.0,42.2,43.0,0.85,162,432
2017-10-13,4560,172000,7369250,42.85,43.0,42.6,42.9,-0.1,80,517
2017-10-16,4560,303000,12950300,43.0,43.25,42.2,42.9,0.0,146,457
2017-10-17,4560,164000,6983450,42.3,43.0,42.2,42.85,-0.05,69,521
2017-10-18,4560,196000,8307400,42.85,42.85,42.1,42.45,-0.4,85,508
2017-10-19,4560,161000,6827450,42.65,42.65,42.1,42.5,0.05,63,514
2017-10-20,4560,239000,10094350,42.6,42.75,41.9,42.25,-0.25,141,472
2017-10-23,4560,246000,10245700,42.35,42.35,41.4,41.8,-0.45,138,459
2017-10-24,4560,138000,5724300,41.75,41.8,41.2,41.8,0.0,67,551
2017-10-25,4560,567000,23157700,41.8,42.25,40.35,40.45,-1.35,328,367
2017-10-26,4560,160000,6529550,40.45,41.2,40.45,41.2,0.75,102,529
2017-10-27,4560,134000,5483900,41.2,41.2,40.5,41.0,-0.2,69,595
2017-10-30,4560,116000,4751700,41.4,41.4,40.5,41.0,0.0,54,587
2017-10-31,4560,239015,9910544,41.2,41.9,40.9,41.75,0.75,127,447
2017-11-01,4560,149000,6235750,41.75,42.15,41.55,42.0,0.25,75,525
2017-11-02,4560,150000,6301000,42.15,42.2,41.7,42.2,0.2,74,519
2017-11-03,4560,213000,8975150,42.1,42.3,42.0,42.25,0.05,103,476
2017-11-06,4560,195015,8225595,42.25,42.4,42.0,42.25,0.0,98,487
2017-11-07,4560,552000,23709450,42.0,43.7,42.0,43.1,0.85,336,365
2017-11-08,4560,314032,13530677,43.0,43.3,42.8,43.3,0.2,173,442
2017-11-09,4560,719032,29931935,42.0,42.5,41.05,41.75,-1.55,398,378
2017-11-10,4560,216000,9022250,42.0,42.3,41.35,42.3,0.55,108,489
2017-11-13,4560,165000,6913450,42.2,42.3,41.55,42.1,-0.2,91,576
2017-11-14,4560,132000,5562150,42.8,42.8,41.7,42.1,0.0,47,589
2017-11-15,4560,172283,7194286,42.2,42.2,41.5,42.0,-0.1,79,541
2017-11-16,4560,132000,5521350,41.8,42.0,41.5,42.0,0.0,44,554
2017-11-17,4560,170000,7115000,42.0,42.1,41.5,41.95,-0.05,80,516
2017-11-20,4560,178000,7419100,41.8,41.95,41.25,41.75,-0.2,67,530
2017-11-21,4560,175000,7318900,41.9,41.95,41.5,41.8,0.05,64,563
2017-11-22,4560,201000,8388250,41.85,41.9,41.45,41.85,0.05,80,553
2017-11-23,4560,194000,8075400,41.8,41.9,41.35,41.9,0.05,84,518
2017-11-24,4560,265000,11074250,41.9,42.0,41.3,42.0,0.1,114,474
2017-11-27,4560,234500,9925150,42.2,42.75,42.0,42.6,0.6,106,483
2017-11-28,4560,240000,10293400,42.6,43.15,42.55,43.05,0.45,121,466
2017-11-29,4560,245000,10525050,43.05,43.1,42.65,43.1,0.05,138,492
2017-11-30,4560,240000,10299800,43.05,43.1,42.55,43.1,0.0,129,515
2017-12-01,4560,215000,9234950,43.2,43.3,42.6,43.1,0.0,127,534
2017-12-04,4560,242000,10403500,43.0,43.3,42.55,43.3,0.2,129,464
2017-12-05,4560,812000,35780050,43.75,44.85,43.3,43.9,0.6,455,328
2017-12-06,4560,322000,14075000,44.0,44.1,43.4,43.45,-0.45,161,452
2017-12-07,4560,368000,15629050,43.45,43.65,41.9,42.7,-0.75,215,398
2017-12-08,4560,213000,9061150,42.2,43.0,42.05,43.0,0.3,106,471
2017-12-11,4560,144000,6214900,43.0,43.9,42.5,43.35,0.35,76,531
2017-12-12,4560,1399200,62733290,43.5,45.7,43.35,45.45,2.1,732,215
2017-12-13,4560,1746010,80126064,46.0,46.8,44.6,45.75,0.3,953,188
2017-12-14,4560,3334366,157446831,45.7,48.4,45.55,48.0,2.25,1587,143
2017-12-15,4560,1483700,71126800,48.25,48.6,46.8,48.6,0.6,691,201
2017-12-18,4560,787300,37919717,48.6,48.7,47.6,47.9,-0.7,445,266
2017-12-19,4560,430000,20484700,47.9,47.95,47.1,47.1,-0.8,237,345
2017-12-20,4560,1794600,86700217,46.3,49.5,46.3,48.7,1.6,1067,167
2017-12-21,4560,1045000,51077100,49.3,50.0,47.6,47.6,-1.1,565,247
2017-12-22,4560,1198200,58390750,47.6,49.55,47.6,49.0,1.4,625,199
2017-12-25,4560,3143100,157087645,49.0,51.4,47.5,48.15,-0.85,1647,102
2017-12-26,4560,1088220,51632340,48.15,48.3,46.5,46.75,-1.4,545,230
2017-12-27,4560,474156,22263582,46.75,47.8,46.3,47.0,0.25,240,327
2017-12-28,4560,438006,20648831,47.4,47.6,46.55,47.0,0.0,213,348
2017-12-29,4560,652300,31072770,47.3,48.1,47.0,47.8,0.8,323,312
2018-01-02,4560,574124,27320502,47.9,48.3,46.7,47.2,-0.6,302,343
2018-01-03,4560,497006,23607185,47.2,47.95,47.2,47.5,0.3,184,398
2018-01-04,4560,375000,17670550,47.5,47.55,46.7,46.9,-0.6,195,435
2018-01-05,4560,1068020,51276230,46.9,48.9,46.8,48.4,1.5,603,295
2018-01-08,4560,600503,28841944,48.4,48.55,47.55,47.9,-0.5,342,411
2018-01-09,4560,479100,22890139,48.05,48.2,47.55,47.8,-0.1,235,406
2018-01-10,4560,1239000,60114350,48.4,49.7,47.8,48.0,0.2,706,263
2018-01-11,4560,756381,36770634,48.35,49.1,48.15,48.65,0.65,436,319
2018-01-12,4560,3241300,162480899,49.1,51.1,49.0,50.2,1.55,1698,139
2018-01-15,4560,2047266,103941055,51.4,52.0,49.6,50.4,0.2,1254,188
2018-01-16,4560,2079455,108707942,50.2,53.6,50.2,51.6,1.2,1390,184
2018-01-17,4560,1050354,54583837,52.4,52.9,51.1,51.8,0.2,670,278
2018-01-18,4560,1102075,57559662,52.8,53.3,51.5,51.5,-0.3,577,276
2018-01-19,4560,983100,49765900,51.8,51.8,50.0,50.0,-1.5,590,263
2018-01-22,4560,512007,25463707,50.0,50.4,49.25,49.65,-0.35,315,381
2018-01-23,4560,533550,26508250,49.95,50.5,49.05,49.05,-0.6,313,351
2018-01-24,4560,374000,18480750,49.5,49.75,49.0,49.75,0.7,210,393
2018-01-25,4560,844229,42742445,50.0,51.9,49.65,50.2,0.45,476,280
2018-01-26,4560,941581,48597902,51.0,52.3,50.8,52.3,2.1,616,251
2018-01-29,4560,857030,44568160,52.8,53.2,51.4,51.4,-0.9,560,256
2018-01-30,4560,652300,33575869,51.5,52.4,50.4,50.9,-0.5,394,315
2018-01-31,4560,251000,12673700,50.5,50.9,50.0,50.9,0.0,146,443
2018-02-01,4560,280000,14295900,51.0,51.8,50.5,51.0,0.1,129,388
2018-02-02,4560,452001,23170156,51.0,51.8,50.6,51.4,0.4,228,323
2018-02-05,4560,675000,33855900,50.2,51.0,49.1,50.2,-1.2,383,303
2018-02-06,4560,1203600,57850398,48.6,49.9,45.2,47.35,-2.85,706,365
2018-02-07,4560,404071,19785746,48.5,49.8,48.35,48.8,1.45,273,414
2018-02-08,4560,2449350,126006858,49.9,52.3,49.5,52.0,3.2,1487,137
2018-02-09,4560,1481297,75975338,50.8,52.9,49.25,50.9,-1.1,905,208
2018-02-12,4560,3512606,190569049,52.6,55.8,51.9,54.8,3.9,2253,104
2018-02-21,4560,3856711,225338060,56.0,60.2,56.0,60.2,5.4,2376,115
2018-02-22,4560,3577865,217924559,60.6,62.3,59.6,61.3,1.1,2331,108
2018-02-23,4560,2523001,155002463,60.7,62.9,60.1,62.0,0.7,1610,138
2018-02-26,4560,2283701,140404970,62.0,62.8,59.6,59.6,-2.4,1489,143
2018-02-27,4560,2272050,136735300,61.0,61.2,58.6,61.0,1.4,1334,156
2018-03-01,4560,1762125,107373325,61.0,62.3,59.7,59.7,-1.3,1095,175
2018-03-02,4560,1761558,107753918,59.8,62.4,59.6,62.2,2.5,1181,166
2018-03-05,4560,3349552,202274716,62.6,63.8,57.1,58.0,-4.2,2262,112
2018-03-06,4560,1540188,88686316,58.5,59.0,56.4,57.0,-1.0,941,181
2018-03-07,4560,880700,50533100,57.8,58.5,56.5,57.0,0.0,578,244
2018-03-08,4560,899205,52426872,57.8,59.0,57.1,58.5,1.5,616,242
2018-03-09,4560,1768452,106943025,59.5,61.8,59.0,60.8,2.3,1201,170
2018-03-12,4560,920002,56687722,62.0,62.3,60.7,61.2,0.4,593,247
2018-03-13,4560,728008,44303896,61.4,62.0,60.1,62.0,0.8,428,268
2018-03-14,4560,777305,47170595,61.6,61.6,60.0,61.3,-0.7,429,247
2018-03-15,4560,4126541,269547662,60.9,67.4,60.8,67.4,6.1,2649,84
2018-03-16,4560,5491963,405214656,73.9,74.1,71.5,74.1,6.7,2929,97
2018-03-19,4560,3283033,245377289,73.2,77.4,72.1,77.1,3.0,2365,98
2018-03-20,4560,1651060,124825788,76.4,77.0,74.4,74.5,-2.6,1215,152
2018-03-21,4560,3934463,298681004,75.8,79.5,72.0,72.3,-2.2,2833,94
2018-03-22,4560,1478000,105198300,72.6,73.4,69.6,70.0,-2.3,1100,180
2018-03-23,4560,1894200,131274300,67.4,71.4,66.5,68.2,-1.8,1317,161
2018-03-26,4560,742000,51913200,68.9,70.8,68.8,69.3,1.1,572,230
2018-03-27,4560,2536100,186578740,70.4,75.5,70.3,73.7,4.4,1977,119
2018-03-28,4560,1713000,127190600,72.9,76.2,72.4,73.7,0.0,1307,143
2018-03-29,4560,743010,54992336,74.9,75.5,73.0,73.5,-0.2,572,244
2018-03-30,4560,1279000,96185800,74.7,77.0,73.6,74.0,0.5,973,175
2018-03-31,4560,627000,46916500,74.5,76.4,73.7,73.7,-0.3,464,207
2018-04-02,4560,2727140,215323640,74.5,81.0,73.8,81.0,7.3,1470,89
2018-04-03,4560,7474721,612073399,82.2,86.3,76.2,76.7,-4.3,5284,38
2018-04-09,4560,1227001,94259876,78.0,78.5,75.3,75.6,-1.1,992,202
2018-04-10,4560,1426095,110133613,76.1,79.4,75.0,75.3,-0.3,1134,193
2018-04-11,4560,499000,38086600,76.0,77.9,75.3,75.7,0.4,411,313
2018-04-12,4560,1217091,91920451,75.7,77.5,73.5,73.5,-2.2,854,191
2018-04-13,4560,1949111,135627070,73.5,74.3,67.5,68.1,-5.4,1402,149
2018-04-16,4560,977221,65298725,68.2,68.8,66.0,66.9,-1.2,709,228
2018-04-17,4560,630140,41579284,67.0,67.3,65.0,65.1,-1.8,407,277
2018-04-18,4560,1370028,91784179,66.5,69.4,64.8,65.8,0.7,1030,181
2018-04-19,4560,777000,50727400,65.8,66.8,64.3,64.8,-1.0,578,250
2018-04-20,4560,445101,29102766,64.8,66.5,64.3,65.5,0.7,318,295
2018-04-23,4560,740061,47241465,65.5,66.3,62.2,63.1,-2.4,497,243
2018-04-24,4560,1065027,68098517,63.5,65.6,61.3,63.2,0.1,652,232
2018-04-25,4560,408000,25653300,61.7,64.0,61.5,63.1,-0.1,245,316
2018-04-26,4560,1228151,79499939,63.2,65.7,63.0,63.7,0.6,812,208
2018-04-27,4560,356050,22916275,64.2,65.0,63.3,64.7,1.0,278,312
2018-04-30,4560,589238,38634065,65.5,66.6,64.8,65.0,0.3,411,261
2018-05-02,4560,334000,21691400,65.2,65.5,64.0,65.0,0.0,200,332
2018-05-03,4560,269000,17277200,64.9,65.0,63.5,63.7,-1.3,158,342
2018-05-04,4560,463184,29423011,63.0,64.6,62.6,63.6,-0.1,296,272
2018-05-07,4560,512553,32953489,64.6,65.3,63.2,65.1,1.5,301,277
2018-05-08,4560,1911115,134441434,68.3,71.6,66.6,71.6,6.5,1235,150
2018-05-09,4560,1692305,119579365,72.0,72.6,68.6,69.6,-2.0,1236,165
2018-05-10,4560,664028,46665244,70.3,71.4,68.9,70.9,1.3,485,250
2018-05-11,4560,937250,64535624,71.0,71.5,66.5,66.5,-4.4,665,239
2018-05-14,4560,1116040,70825252,65.0,66.1,61.2,63.3,-3.2,753,233
2018-05-15,4560,349000,22021100,63.6,63.9,62.6,62.7,-0.6,263,358
2018-05-16,4560,673573,41021765,63.5,63.5,59.3,60.5,-2.2,553,296
2018-05-17,4560,490692,29602912,61.2,62.0,59.5,60.9,0.4,361,307
2018-05-18,4560,153600,9250700,60.9,60.9,59.9,60.0,-0.9,129,460
2018-05-21,4560,261000,15960200,60.5,62.4,60.1,62.0,2.0,204,385
2018-05-22,4560,254028,15789716,62.5,63.5,61.5,61.5,-0.5,174,386
2018-05-23,4560,313455,19365200,61.4,62.3,61.1,61.7,0.2,150,368
2018-05-24,4560,221097,13581587,61.1,62.2,61.1,61.3,-0.4,131,395
2018-05-25,4560,419060,26376991,61.5,64.3,61.3,63.4,2.1,319,317
2018-05-28,4560,300168,18772799,63.5,63.7,61.8,62.2,-1.2,217,378
2018-05-29,4560,182100,11159620,62.3,62.3,61.0,61.1,-1.1,137,439
2018-05-30,4560,206000,12473200,60.5,61.4,60.0,60.8,-0.3,124,432
2018-05-31,4560,276304,16994848,61.2,62.5,61.0,61.4,0.6,137,438
2018-06-01,4560,173003,10733787,61.8,62.5,61.4,62.0,0.6,140,487
2018-06-04,4560,364579,22917018,62.3,64.4,62.3,62.8,0.8,223,399
2018-06-05,4560,115000,7229400,63.0,63.5,62.3,63.0,0.2,103,564
2018-06-06,4560,425221,27027531,63.2,64.5,62.7,63.8,0.8,236,378
2018-06-07,4560,493341,32183839,64.9,66.4,64.2,65.0,1.2,343,366
2018-06-08,4560,470040,30243260,64.6,65.8,63.5,63.9,-1.1,324,339
2018-06-11,4560,258310,16373091,64.5,64.5,62.9,63.2,-0.7,165,456
2018-06-12,4560,360050,22380524,63.0,63.0,61.6,61.6,-1.6,209,407
2018-06-13,4560,229112,14199324,61.6,62.9,61.4,62.0,0.4,128,466
2018-06-14,4560,252100,15625600,62.3,62.5,61.6,61.7,-0.3,103,436
2018-06-15,4560,136000,8369400,61.7,62.0,61.2,61.5,-0.2,82,522
2018-06-19,4560,144528,8738652,61.7,61.7,60.0,60.3,-1.2,122,525
2018-06-20,4560,541450,31462050,60.7,61.3,57.0,57.0,-3.3,364,340
2018-06-21,4560,447561,25393664,57.0,57.5,56.2,57.3,0.3,305,323
2018-06-22,4560,177434,10022421,56.2,56.9,56.2,56.3,-1.0,151,467
2018-06-25,4560,187809,10648165,56.2,57.8,55.9,56.5,0.2,137,445
2018-06-26,4560,202022,11302540,56.0,57.0,54.8,56.4,-0.1,133,466
2018-06-27,4560,103000,5828800,57.0,57.2,55.8,56.7,0.3,77,529
2018-06-28,4560,263000,14754600,57.3,58.5,55.5,55.8,-0.9,154,402
2018-06-29,4560,272200,14894200,56.0,56.2,53.7,54.0,-1.8,221,390
2018-07-02,4560,311000,16826400,54.4,55.8,53.3,53.4,-0.6,212,373
2018-07-03,4560,455300,23622450,54.2,54.2,50.8,50.8,-2.6,322,361
2018-07-04,4560,1368100,75692480,52.2,55.8,51.2,55.8,5.0,724,173
2018-07-05,4560,1884354,110581127,54.6,61.0,54.5,59.4,3.6,1333,148
2018-07-06,4560,1339000,79137700,59.4,61.3,57.2,58.2,-1.2,897,198
2018-07-09,4560,296003,17126068,57.8,60.4,56.5,56.6,-1.6,218,346
2018-07-10,4560,360000,20919400,57.6,60.0,56.4,59.5,2.9,273,321
2018-07-11,4560,133000,7887000,58.3,59.8,58.3,58.7,-0.8,93,450
2018-07-12,4560,218003,13043278,58.8,60.8,58.8,59.6,0.9,169,372
2018-07-13,4560,238016,14245856,59.6,60.6,58.8,59.8,0.2,150,374
2018-07-16,4560,159000,9490600,60.1,60.2,59.5,59.5,-0.3,102,438
2018-07-17,4560,274050,16173540,59.5,59.7,58.7,58.8,-0.7,162,358
2018-07-18,4560,401300,23119450,57.5,59.0,55.6,55.8,0.0,275,332
2018-07-19,4560,88200,4961980,56.0,57.3,55.5,56.0,0.2,59,512
2018-07-20,4560,130000,7268400,56.3,57.2,55.3,55.3,-0.7,71,468
2018-07-23,4560,146350,7992870,55.4,55.4,54.4,54.7,-0.6,74,440
2018-07-24,4560,176029,9797129,56.0,57.0,54.3,56.2,1.5,123,410
2018-07-25,4560,1350268,81804719,56.3,61.8,56.3,60.9,4.7,718,178
2018-07-26,4560,637278,38661141,60.9,61.6,59.0,61.3,0.4,445,258
2018-07-27,4560,774571,48590228,61.3,65.0,61.2,64.0,2.7,509,245
2018-07-30,4560,568694,35547274,63.5,64.6,61.2,62.2,-1.8,418,272
2018-07-31,4560,382000,24119000,62.5,63.7,62.0,63.0,0.8,312,301
2018-08-01,4560,238135,14995371,63.9,63.9,62.2,62.9,-0.1,182,388
2018-08-02,4560,335489,20537526,63.3,63.3,60.0,61.0,-1.9,230,357
2018-08-03,4560,198198,12184896,61.0,63.0,60.8,61.4,0.4,129,405
2018-08-06,4560,186321,11607502,61.5,62.9,61.5,62.3,0.9,132,423
2018-08-07,4560,199043,12372440,62.8,63.0,61.5,61.7,-0.6,130,414
2018-08-08,4560,140002,8681724,61.6,62.5,61.4,62.2,0.5,94,471
2018-08-09,4560,361267,22190420,62.5,62.9,60.8,61.1,-1.1,206,309
2018-08-10,4560,642378,39026226,62.0,62.0,60.0,60.0,-1.1,415,261
2018-08-13,4560,420066,24348648,60.1,60.1,56.1,57.2,-2.8,262,395
2018-08-14,4560,176000,10083800,57.7,58.8,56.6,57.4,0.2,126,452
2018-08-15,4560,292122,17099506,57.7,60.1,57.0,60.1,2.7,189,391
2018-08-16,4560,150024,8831113,59.0,59.3,58.5,59.1,-1.0,132,467
2018-08-17,4560,218023,12757120,59.4,59.8,57.8,57.8,-1.3,116,383
2018-08-20,4560,90025,5180832,57.5,58.5,57.0,57.8,0.0,49,532
2018-08-21,4560,26000,1503900,58.1,58.1,57.5,57.9,0.1,24,701
2018-08-22,4560,17155,993497,58.4,58.4,57.8,57.9,0.0,17,735
2018-08-23,4560,97000,5649400,58.8,59.2,57.5,57.9,0.0,79,494
2018-08-24,4560,76000,4380100,58.3,58.5,57.2,57.3,-0.6,61,503
2018-08-27,4560,88100,5104320,58.0,58.4,57.3,58.4,1.1,69,492
2018-08-28,4560,204007,11796200,58.0,58.9,57.4,57.4,-1.0,102,411
2018-08-29,4560,86000,4895000,57.9,57.9,56.5,56.9,-0.5,66,530
2018-08-30,4560,114066,6487635,56.9,57.6,56.4,56.9,0.0,70,473
2018-08-31,4560,165000,9296800,56.9,57.4,55.8,55.8,-1.1,113,411
2018-09-03,4560,332261,18137463,56.0,56.8,53.3,53.5,-2.3,223,335
2018-09-04,4560,155000,8414500,53.6,55.0,53.6,54.9,1.4,109,413
2018-09-05,4560,101000,5498500,55.4,55.7,53.7,53.7,-1.2,66,488
2018-09-06,4560,241000,12764600,53.7,54.6,52.0,53.0,-0.7,154,384
2018-09-07,4560,268336,13905104,53.0,53.3,50.6,51.7,-1.3,161,435
2018-09-10,4560,367100,18213930,51.3,52.0,48.2,49.5,-2.2,257,389
2018-09-11,4560,194100,9627050,50.1,50.6,48.5,50.5,1.0,113,435
2018-09-12,4560,166288,8338976,51.0,51.5,49.0,51.5,1.0,118,441
2018-09-13,4560,148000,7581100,51.0,52.0,50.4,51.0,-0.5,102,450
2018-09-14,4560,133000,6872800,51.0,52.2,51.0,52.0,1.0,60,461
2018-09-17,4560,115000,5981500,52.7,52.7,51.4,52.4,0.4,64,431
2018-09-18,4560,86000,4461700,52.0,52.3,51.4,51.8,-0.6,32,512
2018-09-19,4560,142000,7416500,51.8,52.8,51.6,52.1,0.3,64,472
2018-09-20,4560,135000,7014400,51.9,52.8,51.0,51.7,-0.4,68,448
2018-09-21,4560,137000,7146400,51.5,52.7,51.5,52.3,0.6,78,470
2018-09-25,4560,173000,8925800,52.3,52.4,51.3,51.9,-0.4,100,411
2018-09-26,4560,140000,7297500,51.0,52.6,51.0,52.0,0.1,70,434
2018-09-27,4560,199000,10350000,52.0,52.5,51.5,52.2,0.2,109,394
2018-09-28,4560,200000,10395000,51.9,52.7,51.5,52.0,-0.2,115,422
2018-10-01,4560,106000,5517900,51.7,52.5,51.5,51.9,-0.1,56,476
2018-10-02,4560,120000,6273800,51.7,53.0,51.7,52.4,0.5,64,445
2018-10-03,4560,126000,6590700,52.4,52.9,51.7,51.8,-0.6,55,458
2018-10-04,4560,134000,6952000,52.4,52.4,51.5,52.2,0.4,71,441
2018-10-05,4560,269000,13725400,51.9,51.9,50.2,50.5,-1.7,171,454
2018-10-08,4560,111000,5583900,51.0,51.0,49.75,50.3,-0.2,81,512
2018-10-09,4560,230000,11755600,50.4,52.6,50.2,51.0,0.7,134,402
2018-10-11,4560,345420,16710141,48.2,49.45,47.9,48.55,-2.45,228,522
2018-10-12,4560,188000,9224650,48.0,51.0,48.0,50.3,1.75,104,515
2018-10-15,4560,108000,5423550,49.9,51.0,49.5,50.4,0.1,65,523
2018-10-16,4560,98000,4930900,49.7,50.9,49.7,50.7,0.3,59,502
2018-10-17,4560,114000,5860200,51.3,52.2,50.6,50.8,0.1,77,489
2018-10-18,4560,173000,8727650,50.5,51.6,49.7,50.3,-0.5,97,377
2018-10-19,4560,145000,7153050,50.3,50.3,48.75,49.3,-1.0,77,471
2018-10-22,4560,154000,7580900,49.0,50.2,48.8,49.15,-0.15,89,397
2018-10-23,4560,50000,2443300,49.2,49.4,48.5,48.5,-0.65,38,577
2018-10-24,4560,140000,6769500,48.5,49.15,47.8,48.25,-0.25,95,442
2018-10-25,4560,165000,7938200,47.8,48.7,47.5,48.25,0.0,88,490
2018-10-26,4560,123000,5861000,49.0,49.0,47.1,47.6,-0.65,81,511
2018-10-29,4560,451000,20093250,47.8,47.85,43.45,44.35,-3.25,275,277
2018-10-30,4560,124000,5455400,43.15,45.0,43.15,44.2,-0.15,76,453
2018-10-31,4560,509000,22058950,44.9,45.0,42.8,43.0,-1.2,360,284
2018-11-01,4560,284000,12851050,43.0,46.4,43.0,46.05,3.05,209,339
2018-11-02,4560,205000,9807600,47.0,49.0,46.0,48.15,2.1,154,386
2018-11-05,4560,153000,7445900,48.5,49.3,48.0,49.1,0.95,89,380
2018-11-06,4560,161000,7986700,50.0,50.2,48.5,49.7,0.6,100,399
2018-11-07,4560,301000,15559900,50.0,53.0,50.0,51.0,1.3,172,301
2018-11-08,4560,173000,9018900,51.0,52.9,51.0,52.0,1.0,103,408
2018-11-09,4560,329000,16703300,52.3,52.3,49.5,51.0,-1.0,237,294
2018-11-12,4560,139000,6945950,51.7,51.7,49.15,49.5,-1.5,99,405
2018-11-13,4560,160000,7872850,48.7,50.0,48.6,49.4,-0.1,103,388
2018-11-14,4560,67031,3333083,49.4,50.3,49.1,49.75,0.35,52,528
2018-11-15,4560,222000,10975250,50.2,50.2,48.7,49.0,-0.75,129,373
2018-11-16,4560,91000,4468650,49.2,49.5,48.7,49.0,0.0,44,510
2018-11-19,4560,118000,5841400,49.05,50.0,48.9,49.4,0.4,61,445
2018-11-20,4560,298001,14439250,50.0,50.0,47.7,47.9,-1.5,176,312
2018-11-21,4560,177000,8422600,47.7,48.1,46.65,47.95,0.05,115,385
2018-11-22,4560,258030,12166420,47.5,48.2,46.7,46.95,-1.0,148,339
2018-11-23,4560,129000,6090000,46.9,48.05,46.65,47.15,0.2,82,419
2018-11-26,4560,81000,3831200,47.75,48.0,47.0,47.2,0.05,51,499
2018-11-27,4560,217030,10196075,47.3,47.4,46.3,47.4,0.2,123,357
2018-11-28,4560,169000,8096850,47.0,48.5,47.0,48.25,0.85,115,432
2018-11-29,4560,259000,12479400,48.5,48.95,47.85,47.95,-0.3,140,399
2018-11-30,4560,149000,7161150,48.05,48.6,47.7,48.2,0.25,99,484
2018-12-03,4560,375000,18410800,48.9,50.0,48.4,50.0,1.8,270,417
2018-12-04,4560,342000,16902100,49.95,49.95,49.0,49.3,-0.7,210,393
2018-12-05,4560,151000,7386150,48.3,49.65,48.3,48.95,-0.35,91,464
2018-12-06,4560,267000,12870750,49.1,49.1,47.5,48.0,-0.95,155,441
2018-12-07,4560,96000,4623550,48.5,48.5,47.8,48.2,0.2,63,494
2018-12-10,4560,114000,5456400,47.85,48.4,47.4,48.3,0.1,57,487
2018-12-11,4560,110000,5276800,48.45,48.45,47.65,48.05,-0.25,51,478
2018-12-12,4560,143000,6930900,48.1,48.85,48.05,48.6,0.55,74,463
2018-12-13,4560,62000,3015700,48.75,48.8,48.5,48.55,-0.05,47,570
2018-12-14,4560,70000,3363300,48.0,48.65,47.7,48.0,-0.55,42,546
2018-12-17,4560,131000,6358750,48.05,49.0,47.8,48.55,0.55,69,431
2018-12-18,4560,185006,8891157,48.7,48.7,47.7,48.2,-0.35,109,424
2018-12-19,4560,108000,5226950,48.45,48.7,47.9,48.3,0.1,57,473
2018-12-20,4560,172000,8264050,48.3,48.65,47.75,48.0,-0.3,90,437
2018-12-21,4560,59000,2814100,48.15,48.15,47.35,48.0,0.0,52,585
2018-12-22,4560,70000,3351550,47.8,48.1,47.55,48.0,0.0,36,426
2018-12-24,4560,139000,6724700,48.0,49.0,47.8,48.0,0.0,81,401
2018-12-25,4560,71000,3375100,47.65,48.1,47.25,47.5,-0.5,45,549
2018-12-26,4560,64000,3044650,47.75,47.85,47.4,47.5,0.0,37,525
2018-12-27,4560,167000,8029050,47.55,48.5,47.55,48.5,1.0,87,409
2018-12-28,4560,235000,11577800,48.5,50.0,48.4,50.0,1.5,128,345
2019-01-02,4560,285000,14165650,50.1,51.0,48.8,48.8,-1.2,170,308
2019-01-03,4560,147000,7251250,49.25,49.8,48.7,48.8,0.0,63,399
2019-01-04,4560,107043,5252636,48.45,49.4,48.4,49.25,0.45,78,467
2019-01-07,4560,228000,11323000,50.6,50.6,49.15,49.6,0.35,167,361
2019-01-08,4560,284000,14192500,49.9,50.6,49.45,50.0,0.4,170,308
2019-01-09,4560,325000,16565000,50.7,51.8,50.5,51.3,1.3,237,361
2019-01-10,4560,235634,11993916,51.5,51.9,50.4,51.0,-0.3,165,358
2019-01-11,4560,142000,7261600,51.5,51.5,50.8,51.4,0.4,96,430
2019-01-14,4560,105000,5364700,51.3,51.5,50.8,51.0,-0.4,74,438
2019-01-15,4560,282000,14462900,50.8,52.0,50.8,51.3,0.3,173,323
2019-01-16,4560,167050,8548295,51.5,51.8,50.9,51.4,0.1,102,415
2019-01-17,4560,292010,15108030,51.2,52.5,51.1,52.5,1.1,139,347
2019-01-18,4560,334000,17470200,52.8,52.9,51.8,52.2,-0.3,181,311
2019-01-21,4560,83010,4332624,52.5,52.5,51.9,51.9,-0.3,54,512
2019-01-22,4560,246000,12799200,52.2,52.5,51.6,52.0,0.1,118,343
2019-01-23,4560,78001,4065252,52.3,52.3,51.9,52.1,0.1,58,464
2019-01-24,4560,132060,6873914,52.5,52.5,51.7,52.2,0.1,77,424
2019-01-25,4560,132000,6913500,52.3,52.7,52.0,52.5,0.3,75,439
2019-01-28,4560,88000,4622000,52.8,52.9,52.3,52.5,0.0,45,502
2019-01-29,4560,106000,5509500,52.3,52.4,51.7,52.0,-0.5,72,460
2019-01-30,4560,87000,4551000,52.2,52.5,51.8,52.5,0.5,48,501
2019-02-11,4560,256018,13506945,52.2,53.5,52.2,52.9,0.4,173,377
2019-02-12,4560,273000,14354200,53.0,53.0,52.4,52.7,-0.2,101,378
2019-02-13,4560,338001,17861253,52.9,53.6,52.2,52.5,-0.2,191,380
2019-02-14,4560,438458,22841045,52.5,52.9,51.4,52.8,0.3,258,352
2019-02-15,4560,333458,17434961,52.7,53.2,51.6,52.5,-0.3,231,379
2019-02-18,4560,245050,12867775,52.7,53.0,52.0,53.0,0.5,162,417
2019-02-19,4560,385020,20338460,53.0,53.3,52.3,53.3,0.3,212,335
2019-02-20,4560,458000,24320400,53.6,53.6,52.5,53.5,0.2,226,344
2019-02-21,4560,371000,19920900,53.1,54.3,53.1,54.3,0.8,207,366
2019-02-22,4560,528000,28395600,54.0,54.5,53.3,54.2,-0.1,247,299
2019-02-25,4560,279000,15265000,54.2,55.5,54.1,55.1,0.9,171,408
2019-02-26,4560,246000,13586700,55.3,56.0,54.7,55.2,0.1,156,415
2019-02-27,4560,277000,15254500,55.3,55.7,54.6,55.2,0.0,159,373
2019-03-04,4560,362000,19880300,55.6,55.7,54.6,54.6,-0.6,192,360
2019-03-05,4560,155001,8422454,54.8,54.8,54.1,54.4,-0.2,95,457
2019-03-06,4560,219000,11831500,54.5,54.6,53.6,54.3,-0.1,119,418
2019-03-07,4560,96000,5237700,54.3,55.0,54.1,55.0,0.7,67,560
2019-03-08,4560,247000,13443100,54.9,54.9,54.1,54.7,-0.3,137,384
2019-03-11,4560,212093,11515715,54.7,54.7,54.1,54.5,-0.2,71,412
2019-03-12,4560,198200,10824180,54.8,54.9,54.2,54.9,0.4,76,453
2019-03-13,4560,308100,16755510,54.9,54.9,54.0,54.6,-0.3,148,357
2019-03-14,4560,269120,14885432,54.5,56.7,54.5,55.6,1.0,177,405
2019-03-15,4560,299663,16669528,55.9,56.2,55.2,55.7,0.1,188,394
2019-03-18,4560,317171,17719324,55.8,56.4,55.5,56.0,0.3,151,387
2019-03-19,4560,242268,13549753,56.1,56.3,55.6,56.0,0.0,100,426
2019-03-20,4560,256000,14373400,56.2,56.4,55.8,56.4,0.4,101,414
2019-03-21,4560,340100,19186020,56.4,56.8,56.1,56.5,0.1,150,380
2019-03-22,4560,633132,35885344,56.4,57.2,56.2,56.9,0.4,369,330
2019-03-25,4560,355320,20077310,56.2,56.9,56.2,56.5,-0.4,141,375
2019-03-26,4560,347000,19609000,56.5,56.9,56.1,56.9,0.4,179,354
2019-03-27,4560,468924,26669481,56.9,57.2,56.5,57.2,0.3,190,326
2019-03-28,4560,333330,19056610,57.3,57.5,56.7,57.2,0.0,159,380
2019-03-29,4560,349296,20003028,57.4,57.6,56.9,57.4,0.2,138,375
2019-04-01,4560,310000,17819800,57.4,57.8,57.1,57.2,-0.2,145,404
2019-04-02,4560,293021,16720192,57.4,57.4,56.8,57.1,-0.1,144,415
2019-04-03,4560,331119,18832623,57.1,57.4,56.5,57.0,-0.1,128,391
2019-04-08,4560,726051,40928771,57.1,57.4,55.8,56.3,-0.7,358,317
2019-04-09,4560,422000,23782400,56.2,56.7,56.0,56.5,0.2,183,369
2019-04-10,4560,535017,30203165,56.5,56.9,56.0,56.8,0.3,330,342
2019-04-11,4560,306010,17287661,56.9,57.0,56.1,56.1,-0.7,131,432
2019-04-12,4560,284285,16005231,56.0,56.8,56.0,56.4,0.3,146,403
2019-04-15,4560,226010,12701357,56.5,56.7,56.0,56.2,-0.2,124,443
2019-04-16,4560,280000,15646900,56.2,56.2,55.7,55.9,-0.3,77,411
2019-04-17,4560,558051,30897005,55.9,56.0,54.7,54.7,-1.2,245,348
2019-04-18,4560,359017,19684840,54.9,55.5,54.4,55.1,0.4,196,422
2019-04-19,4560,336050,18527115,55.2,56.3,54.5,56.3,1.2,106,363
2019-04-22,4560,183000,10298800,56.3,56.6,55.8,56.4,0.1,84,454
2019-04-23,4560,159000,8942300,56.5,56.6,56.0,56.4,0.0,80,463
2019-04-24,4560,512000,29008200,56.5,57.2,56.0,57.0,0.6,233,315
2019-04-25,4560,291000,16598400,57.0,57.3,56.7,57.1,0.1,112,373
2019-04-26,4560,206000,11674400,57.2,57.2,56.2,56.9,-0.2,107,406
2019-04-29,4560,395151,22376046,56.9,57.5,56.1,57.2,0.3,159,344
2019-04-30,4560,226000,12871100,57.2,57.4,56.5,57.4,0.2,91,390
2019-05-02,4560,468300,27042950,57.4,58.3,57.0,58.1,0.7,264,294
2019-05-03,4560,308015,17878468,58.2,58.5,57.8,58.0,-0.1,121,356
2019-05-06,4560,279300,15975379,57.9,58.0,56.6,56.6,-1.4,149,427
2019-05-07,4560,711015,39636837,56.1,56.9,55.3,55.9,-0.7,535,254
2019-05-08,4560,718103,39642965,55.5,56.8,54.8,55.0,-0.9,378,266
2019-05-09,4560,578000,30896200,55.1,55.2,52.6,52.6,-2.4,292,336
2019-05-10,4560,281120,14847334,52.7,53.4,52.4,53.1,0.5,197,431
2019-05-13,4560,236000,12456200,52.8,53.2,52.4,53.2,0.1,141,467
2019-05-14,4560,302000,15905500,52.8,53.0,52.3,53.0,-0.2,160,412
2019-05-15,4560,260000,13977000,53.0,54.5,53.0,54.5,1.5,181,397
2019-05-16,4560,471000,25599300,54.5,54.7,53.8,54.5,0.0,194,317
2019-05-17,4560,390004,21235918,54.7,55.4,53.8,54.2,-0.3,249,352
2019-05-20,4560,242000,13157600,54.5,54.7,54.0,54.4,0.2,129,394
2019-05-21,4560,209000,11364700,54.7,54.8,53.9,54.7,0.3,116,417
2019-05-22,4560,283000,15503600,54.9,55.0,54.5,54.9,0.2,153,351
2019-05-23,4560,179000,9773100,55.0,55.0,54.3,54.7,-0.2,85,430
2019-05-24,4560,234000,12780900,54.6,54.8,54.3,54.8,0.1,111,375
2019-05-27,4560,315000,17187800,54.8,54.9,54.3,54.7,-0.1,147,354
2019-05-28,4560,217000,11824500,54.7,54.7,54.3,54.6,-0.1,74,433
2019-05-29,4560,375000,20342000,54.4,54.5,54.0,54.5,-0.1,129,347
2019-05-30,4560,508030,27645932,54.5,54.7,54.2,54.4,-0.1,164,288
2019-05-31,4560,358888,19614506,54.4,55.6,54.2,55.6,1.2,143,341
2019-06-03,4560,213112,11710882,55.1,55.5,54.7,54.7,-0.9,96,392
2019-06-04,4560,205000,11157300,54.7,54.8,54.1,54.5,-0.2,105,376
2019-06-05,4560,284010,15417146,54.5,54.8,54.0,54.1,-0.4,132,341
2019-06-06,4560,225000,12032100,54.1,54.1,52.8,54.0,-0.1,142,371
2019-06-10,4560,273018,14711781,54.1,54.2,53.6,54.0,0.0,99,356
2019-06-11,4560,257000,13728200,54.0,54.0,53.1,53.2,-0.8,140,399
2019-06-12,4560,451000,23616000,53.6,53.6,51.9,52.3,-0.9,282,291
2019-06-13,4560,221000,11544900,52.3,53.8,51.7,53.8,1.5,162,374
2019-06-14,4560,470300,24891690,53.2,54.3,52.2,54.3,0.5,295,270
2019-06-17,4560,686000,36722000,53.6,54.4,53.0,54.4,0.1,372,238
2019-06-18,4560,482000,26041800,54.2,54.5,53.7,54.3,-0.1,205,276
2019-06-19,4560,335000,18149900,54.5,54.7,53.9,54.2,-0.1,180,373
2019-06-20,4560,337300,18129500,54.2,54.2,53.4,54.1,-0.1,176,370
2019-06-21,4560,544000,29409200,54.2,54.4,53.7,54.2,0.1,189,327
2019-06-24,4560,425000,22956500,54.1,54.2,53.8,54.2,0.0,147,323
2019-06-25,4560,501000,27232500,54.1,54.9,53.9,54.7,0.5,204,281
2019-06-26,4560,391000,21329500,54.6,54.8,54.3,54.6,-0.1,144,295
2019-06-27,4560,381470,20846868,54.8,54.9,54.4,54.8,0.2,153,337
2019-06-28,4560,459000,25035800,54.9,54.9,54.2,54.6,-0.2,138,287
2019-07-01,4560,487005,26895076,55.0,56.0,55.0,55.3,0.7,234,343
2019-07-02,4560,307000,16925200,55.3,55.5,54.8,55.3,0.0,134,400
2019-07-03,4560,535000,29487100,55.3,55.4,54.9,55.2,-0.1,200,314
2019-07-04,4560,271000,14911000,55.3,55.3,54.7,55.3,0.1,98,383
2019-07-05,4560,395280,21898884,55.4,55.7,55.1,55.5,0.2,166,333
2019-07-08,4560,583273,32450696,55.6,56.2,55.4,55.6,0.1,244,294
2019-07-09,4560,524000,27433600,52.3,52.9,51.9,52.4,0.0,264,336
2019-07-10,4560,541019,28185688,52.7,52.7,51.7,52.0,-0.4,265,326
2019-07-11,4560,235000,12237400,52.3,52.3,51.7,52.3,0.3,115,460
2019-07-12,4560,747000,38942500,52.3,53.0,51.3,53.0,0.7,297,281
2019-07-15,4560,423000,22024400,52.8,52.8,51.9,51.9,-1.1,215,370
2019-07-16,4560,330378,17122256,51.9,52.0,51.6,52.0,0.1,142,413
2019-07-17,4560,404622,20961983,51.9,52.1,51.4,51.4,-0.6,142,358
2019-07-18,4560,271000,13938100,51.5,51.7,51.1,51.5,0.1,121,402
2019-07-19,4560,228000,11724600,51.5,51.6,51.2,51.6,0.1,94,462
2019-07-22,4560,204000,10491800,51.6,51.6,51.3,51.5,-0.1,68,466
2019-07-23,4560,536995,27224450,51.5,51.5,49.9,49.9,-1.6,293,347
2019-07-24,4560,486390,23757771,49.75,49.85,48.3,48.45,-1.45,366,384
2019-07-25,4560,549041,26246503,48.25,48.7,47.15,47.35,-1.1,394,355
2019-07-26,4560,498021,23865800,47.6,49.0,47.3,49.0,1.65,227,337
2019-07-29,4560,434010,21056090,48.9,48.9,48.3,48.75,-0.25,228,370
2019-07-30,4560,467000,22822400,48.75,50.0,48.4,49.0,0.25,288,380
2019-07-31,4560,348170,16941933,48.9,49.2,48.35,49.2,0.2,195,385
2019-08-01,4560,338000,16471250,49.0,49.2,48.5,48.75,-0.45,185,378
2019-08-02,4560,306000,14773050,48.4,48.5,48.1,48.4,-0.35,150,438
2019-08-05,4560,307000,14813750,48.4,48.6,47.9,48.4,0.0,166,412
2019-08-06,4560,447000,21370100,47.7,48.5,47.3,48.5,0.1,246,366
2019-08-07,4560,652000,31492000,48.4,49.0,47.85,49.0,0.5,287,287
2019-08-08,4560,421711,20629295,49.0,49.3,48.5,49.1,0.1,204,324
2019-08-12,4560,313130,15339283,49.4,49.4,48.7,49.1,0.0,148,381
2019-08-13,4560,323000,15693850,48.9,48.95,48.25,48.95,-0.15,160,381
2019-08-14,4560,424024,20741720,49.15,49.4,48.7,48.75,-0.2,199,361
2019-08-15,4560,285000,13708900,48.4,48.4,47.6,48.4,-0.35,141,424
2019-08-16,4560,420100,20252350,48.3,48.9,47.9,48.7,0.3,178,348
2019-08-19,4560,382000,18671000,48.65,49.2,48.45,49.2,0.5,202,378
2019-08-20,4560,597107,29623543,49.3,50.0,49.1,49.95,0.75,300,312
2019-08-21,4560,438000,21821100,50.4,50.5,49.5,49.7,-0.25,245,329
2019-08-22,4560,275250,13668175,49.7,50.0,49.4,50.0,0.3,151,408
2019-08-23,4560,193000,9616900,49.9,50.1,49.65,49.95,-0.05,86,437
2019-08-26,4560,168000,8312750,49.7,49.7,49.25,49.65,-0.3,80,468
2019-08-27,4560,221000,10999100,49.8,50.0,49.6,49.9,0.25,99,417
2019-08-28,4560,331000,16562900,49.9,50.3,49.85,50.3,0.4,175,358
2019-08-29,4560,311000,15581200,50.4,50.5,49.85,49.85,-0.45,148,352
2019-08-30,4560,364000,18230750,50.2,50.4,49.8,50.4,0.55,167,370
2019-09-02,4560,337000,17161500,50.5,51.5,50.2,51.5,1.1,193,375
2019-09-03,4560,214500,11069249,52.1,52.2,51.1,51.5,0.0,116,427
2019-09-04,4560,345050,17862795,51.6,52.1,51.4,51.9,0.4,181,371
2019-09-05,4560,207000,10751500,52.0,52.3,51.6,52.1,0.2,71,459
2019-09-06,4560,293280,15277016,52.2,52.8,51.7,52.6,0.5,136,392
2019-09-09,4560,265000,13835800,52.7,52.7,52.0,52.2,-0.4,116,405
2019-09-10,4560,356642,18938930,52.0,55.6,51.7,55.6,3.4,198,371
2019-09-11,4560,844769,44838788,53.7,54.9,52.0,52.0,-3.6,415,267
2019-09-12,4560,288190,15076694,52.5,52.7,52.1,52.5,0.5,100,391
2019-09-16,4560,417200,21756000,52.5,52.6,52.0,52.0,-0.5,133,339
2019-09-17,4560,237000,12390300,51.9,52.8,51.9,52.3,0.3,98,391
2019-09-18,4560,248207,12983664,52.4,52.5,52.1,52.3,0.0,84,431
2019-09-19,4560,219207,11435822,52.3,52.5,51.9,52.3,0.0,95,411
2019-09-20,4560,205019,10672384,52.3,52.4,51.8,52.0,-0.3,81,440
2019-09-23,4560,216459,11270513,52.1,52.3,51.8,52.1,0.1,85,422
2019-09-24,4560,244000,12649400,52.2,52.3,51.5,51.7,-0.4,115,414
2019-09-25,4560,199000,10234900,51.7,51.7,51.2,51.7,0.0,53,446
2019-09-26,4560,163045,8441331,51.9,52.0,51.6,51.7,0.0,111,454
2019-09-27,4560,407037,21165935,52.2,52.5,51.5,52.0,0.3,178,369
2019-10-01,4560,265055,13720046,52.0,52.1,51.5,51.8,-0.2,112,379
2019-10-02,4560,171055,8843937,51.6,52.0,51.3,52.0,0.2,99,413
2019-10-03,4560,222003,11438155,51.9,51.9,51.2,51.8,-0.2,93,375
2019-10-04,4560,271000,14048000,51.7,52.3,51.5,51.6,-0.2,110,358
2019-10-07,4560,168045,8640517,51.6,51.7,51.2,51.5,-0.1,56,438
2019-10-08,4560,214000,10998600,51.5,51.6,51.2,51.5,0.0,76,420
2019-10-09,4560,242000,12344200,51.4,51.4,50.8,50.8,-0.7,97,407
2019-10-14,4560,239383,12189685,50.8,51.5,50.4,51.3,0.5,87,468
2019-10-15,4560,172000,8786800,51.3,51.4,50.8,51.4,0.1,54,487
2019-10-16,4560,208415,10652747,51.3,51.3,50.9,51.1,-0.3,80,470
2019-10-17,4560,248000,12604600,51.2,51.2,50.5,50.9,-0.2,117,415
2019-10-18,4560,146000,7360700,50.8,50.8,50.3,50.4,-0.5,90,511
2019-10-21,4560,232000,11613650,50.3,50.4,49.8,50.0,-0.4,91,440
2019-10-22,4560,336000,16711950,49.95,50.7,49.3,50.7,0.7,196,390
2019-10-23,4560,593000,29393250,50.5,50.5,49.25,49.25,-1.45,357,319
2019-10-24,4560,416000,20472400,49.5,49.75,48.9,49.75,0.5,215,343
2019-10-25,4560,386000,18987350,49.6,49.7,48.9,49.1,-0.65,177,340
2019-10-28,4560,395000,19258900,49.0,49.05,48.55,48.6,-0.5,162,354
2019-10-29,4560,353000,17107400,48.6,49.0,47.9,47.95,-0.65,189,390
2019-10-30,4560,350000,16965650,47.9,49.0,47.85,48.6,0.65,178,360
2019-10-31,4560,187100,9063554,48.6,48.65,48.2,48.5,-0.1,88,454
2019-11-01,4560,337000,16378350,48.5,49.25,48.2,49.25,0.75,118,358
2019-11-04,4560,351000,17149300,49.0,49.1,48.6,49.1,-0.15,140,409
2019-11-05,4560,252000,12330000,49.15,49.15,48.75,49.0,-0.1,102,434
2019-11-06,4560,501000,24202150,49.05,49.05,47.95,48.1,-0.9,246,350
2019-11-07,4560,403000,19276250,47.9,48.2,47.6,48.0,-0.1,144,357
2019-11-08,4560,213250,10200600,47.95,48.0,47.7,48.0,0.0,70,452
2019-11-11,4560,222000,10605250,48.2,48.2,47.5,47.7,-0.3,103,503
2019-11-12,4560,232000,11025550,47.65,47.65,47.4,47.6,-0.1,91,439
2019-11-13,4560,431000,20501600,47.45,47.9,47.35,47.7,0.1,122,347
2019-11-14,4560,370020,17615508,47.75,47.8,47.5,47.8,0.1,142,389
2019-11-15,4560,90000,4280000,47.7,47.7,47.45,47.6,-0.2,48,593
2019-11-18,4560,251000,11977600,47.65,47.95,47.5,47.8,0.2,91,433
2019-11-19,4560,192000,9164450,47.85,47.95,47.6,47.95,0.15,61,456
2019-11-20,4560,180000,8607100,47.85,48.0,47.6,48.0,0.05,62,472
2019-11-21,4560,328000,15644900,48.0,48.05,47.4,48.05,0.05,109,386
2019-11-22,4560,221000,10666600,48.0,49.0,47.85,48.5,0.45,89,423
2019-11-25,4560,250000,12152750,48.9,48.9,48.35,48.6,0.1,82,430
2019-11-26,4560,328000,16095850,48.85,49.5,48.65,49.2,0.6,146,397
2019-11-27,4560,209001,10355249,49.2,49.9,49.2,49.8,0.6,121,454
2019-11-28,4560,222001,11061800,49.8,50.0,49.55,50.0,0.2,152,424
2019-11-29,4560,342000,17069100,50.1,50.1,49.65,49.9,-0.1,166,384
2019-12-02,4560,295000,14808300,49.9,51.0,49.65,50.3,0.4,135,390
2019-12-03,4560,90000,4496100,50.3,50.3,49.8,50.0,-0.3,57,521
2019-12-04,4560,103000,5133450,49.95,49.95,49.7,49.95,-0.05,57,529
2019-12-05,4560,206000,10272200,49.95,50.2,49.6,49.85,-0.1,55,428
2019-12-06,4560,125000,6224750,50.0,50.0,49.75,49.8,-0.05,36,499
2019-12-09,4560,184000,9173150,50.1,50.2,49.65,49.7,-0.1,57,459
2019-12-10,4560,122000,6070700,49.8,49.9,49.65,49.8,0.1,45,531
2019-12-11,4560,400000,20302400,50.0,53.0,49.75,51.5,1.7,146,377
2019-12-12,4560,304468,15629201,51.5,52.0,50.7,52.0,0.5,159,419
2019-12-13,4560,290280,15087628,51.9,52.5,51.7,51.9,-0.1,147,437
2019-12-16,4560,198052,10308986,51.9,52.4,51.7,52.2,0.3,129,478
2019-12-17,4560,397155,20750892,52.1,53.0,51.6,52.9,0.7,170,398
2019-12-18,4560,309000,16242000,52.9,53.0,52.3,52.3,-0.6,144,417
2019-12-19,4560,163444,8460009,52.0,52.2,51.5,51.8,-0.5,105,492
2019-12-20,4560,183253,9488157,51.9,52.0,51.5,51.9,0.1,59,473
2019-12-23,4560,50415,2609889,51.8,51.9,51.6,51.8,-0.1,43,666
2019-12-24,4560,240000,12489700,52.0,52.5,51.6,51.8,0.0,87,413
2019-12-25,4560,180000,9326900,51.9,52.0,51.6,51.8,0.0,53,459
2019-12-26,4560,171000,8857900,52.0,52.0,51.6,51.9,0.1,48,468
2019-12-27,4560,203415,10497588,51.9,51.9,51.3,51.8,-0.1,71,465
2019-12-30,4560,46123,2385096,51.7,51.8,51.6,51.8,0.0,39,705
2019-12-31,4560,245000,12695200,51.8,52.0,51.6,51.9,0.1,94,430
2020-01-02,4560,271000,14004100,51.9,51.9,51.4,51.7,-0.2,98,429
2020-01-03,4560,186415,9628289,51.9,51.9,51.4,51.7,0.0,61,522
2020-01-06,4560,307010,15744217,51.7,51.7,50.7,51.7,0.0,129,416
2020-01-07,4560,253405,13014976,51.7,51.7,51.1,51.3,-0.4,141,447
2020-01-08,4560,346040,17646744,51.1,51.3,50.6,51.1,-0.2,128,391
2020-01-09,4560,294067,15080637,51.2,51.8,51.0,51.3,0.2,118,374
2020-01-10,4560,198100,10105800,51.3,51.3,50.8,51.0,-0.3,85,433
2020-01-13,4560,212455,10836122,51.2,51.3,50.8,51.0,0.0,71,455
2020-01-14,4560,265300,13534669,51.3,51.4,50.8,50.9,-0.1,124,420
2020-01-15,4560,126000,6406600,50.9,51.0,50.7,50.9,0.0,44,499
2020-01-16,4560,330000,16675300,50.9,51.1,50.2,50.5,-0.4,233,364
2020-01-17,4560,78000,3926600,50.5,50.6,50.2,50.3,-0.2,60,590
2020-01-20,4560,203155,10230858,50.5,50.6,50.2,50.6,0.3,71,472
2020-01-30,4560,214000,10570900,50.2,50.3,48.7,49.2,-1.4,123,632
2020-01-31,4560,268000,13212600,49.3,50.0,48.85,50.0,0.8,141,493
2020-02-03,4560,238000,11747050,49.8,49.8,48.3,49.5,-0.5,138,555
2020-02-04,4560,163100,8066090,49.45,49.75,49.15,49.5,0.0,121,529
2020-02-05,4560,325107,15920939,49.7,49.7,48.4,48.45,-1.05,191,416
2020-02-06,4560,66161,3207840,48.5,48.8,48.05,48.75,0.3,54,653
2020-02-07,4560,219000,10467200,48.65,48.65,47.6,47.8,-0.95,127,485
2020-02-10,4560,400051,18600853,47.7,47.8,45.6,46.1,-1.7,232,386
2020-02-11,4560,241060,11063787,46.0,46.45,45.5,46.0,-0.1,157,431
2020-02-12,4560,156000,7202600,46.1,46.45,45.95,46.45,0.45,132,521
2020-02-13,4560,143297,6701111,46.5,49.0,46.2,47.4,0.95,114,529
2020-02-14,4560,88033,4132214,47.25,47.25,46.8,46.95,-0.45,68,562
2020-02-17,4560,125000,5783900,46.75,46.75,46.0,46.15,-0.8,95,534
2020-02-18,4560,128050,5886460,46.05,46.2,45.7,46.2,0.05,101,506
2020-02-19,4560,188000,8639900,46.25,46.3,45.7,46.0,-0.2,121,476
2020-02-20,4560,351061,16214664,46.25,47.45,45.75,46.1,0.1,216,374
2020-02-21,4560,102025,4689812,46.05,46.2,45.7,46.0,-0.1,76,560
2020-02-24,4560,61051,2807542,46.35,46.35,45.75,46.0,0.0,52,663
2020-02-25,4560,180000,8223700,45.75,45.85,45.4,45.85,-0.15,104,508
2020-02-26,4560,188000,8646050,45.75,46.9,45.4,46.0,0.15,96,457
2020-02-27,4560,102088,4707194,45.9,46.7,45.8,45.95,-0.05,62,652
2020-03-02,4560,128000,5842500,45.75,45.95,45.25,45.65,-0.3,100,629
2020-03-03,4560,137000,6257050,45.65,46.1,45.4,45.7,0.05,99,516
2020-03-04,4560,94000,4271550,45.65,45.75,45.3,45.5,-0.2,74,566
2020-03-05,4560,92000,4186250,45.8,45.8,45.3,45.5,0.0,54,587
2020-03-06,4560,80000,3618250,45.6,45.6,45.0,45.35,-0.15,58,614
2020-03-09,4560,122000,5384100,45.2,45.2,43.75,44.1,-1.25,103,678
2020-03-10,4560,372089,15759630,41.2,46.4,40.95,45.8,1.7,235,502
2020-03-11,4560,167000,7510550,45.5,45.5,44.65,44.95,-0.85,89,542
2020-03-12,4560,155000,6840400,44.3,45.0,43.15,44.0,-0.95,112,694
2020-03-13,4560,166000,7045650,42.35,44.95,40.65,44.2,0.2,126,715
2020-03-16,4560,54000,2359650,44.5,44.5,43.2,43.4,-0.8,49,758
2020-03-17,4560,134049,5694324,42.7,43.0,42.0,42.55,-0.85,117,672
2020-03-18,4560,144000,6030550,42.55,42.75,41.3,41.95,-0.6,104,645
2020-03-19,4560,190000,7542950,41.6,41.6,38.1,40.5,-1.45,151,694
2020-03-20,4560,220000,9425850,40.5,43.8,40.5,43.0,2.5,192,556
2020-03-23,4560,81000,3415600,42.6,42.85,41.6,42.05,-0.95,58,628
2020-03-24,4560,195000,8337750,42.6,43.9,42.0,42.8,0.75,134,521
2020-03-25,4560,316000,13696100,43.5,44.0,42.5,43.15,0.35,249,484
2020-03-26,4560,119000,5027900,43.4,43.4,41.35,42.2,-0.95,96,594
2020-03-27,4560,174012,7312805,42.7,42.75,41.65,42.55,0.35,102,571
2020-03-30,4560,58012,2450668,42.3,42.7,41.5,42.6,0.05,47,649
2020-03-31,4560,44027,1869923,42.6,42.65,42.2,42.55,-0.05,43,704
2020-04-01,4560,17000,720550,42.55,42.55,42.3,42.45,-0.1,17,798
2020-04-06,4560,76000,3217050,42.7,42.7,42.0,42.7,0.25,63,619
2020-04-07,4560,136000,5839150,43.2,44.2,42.5,43.0,0.3,118,588
2020-04-08,4560,218000,9679800,43.0,46.8,42.9,46.4,3.4,168,540
2020-04-09,4560,137000,6349550,47.0,47.1,46.0,46.0,-0.4,120,589
2020-04-10,4560,52000,2380900,46.35,46.4,45.3,45.85,-0.15,45,690
2020-04-13,4560,76000,3426900,46.0,46.0,44.6,44.8,-1.05,70,652
2020-04-14,4560,95010,4254753,45.1,45.1,44.5,44.95,0.15,91,641
2020-04-15,4560,167000,7491450,44.75,45.25,44.5,44.95,0.0,140,600
2020-04-16,4560,68000,3045150,44.9,44.95,44.5,44.95,0.0,59,676
2020-04-17,4560,290000,13110200,45.3,46.3,44.7,45.0,0.05,188,515
2020-04-20,4560,87000,3887750,45.0,45.0,44.5,44.7,-0.3,66,600
2020-04-21,4560,127000,5578200,44.7,44.7,43.45,43.8,-0.9,104,648
2020-04-22,4560,125000,5491650,44.0,44.6,43.5,44.6,0.8,58,554
2020-04-23,4560,122000,5398550,44.7,44.75,44.0,44.0,-0.6,63,548
2020-04-24,4560,1871826,89361977,47.05,48.4,46.2,48.4,4.4,957,196
2020-04-27,4560,874154,42754714,49.4,49.9,48.3,48.7,0.3,656,314
2020-04-28,4560,263000,12717450,49.0,49.0,48.0,48.5,-0.2,197,470
2020-04-29,4560,226000,10960500,48.4,48.9,48.35,48.5,0.0,147,557
2020-04-30,4560,409017,20084944,48.85,50.2,48.5,49.0,0.5,278,489
2020-05-04,4560,325000,15668850,48.2,48.85,47.95,48.4,-0.6,209,479
2020-05-05,4560,344000,16528550,48.8,48.8,47.65,48.0,-0.4,227,449
2020-05-06,4560,148727,7105455,48.1,48.1,47.55,47.95,-0.05,131,576
2020-05-07,4560,291387,13993964,48.0,48.3,47.8,48.0,0.05,186,493
2020-05-08,4560,241001,11551800,48.25,48.25,47.65,48.0,0.0,112,543
2020-05-11,4560,172000,8253200,47.8,48.2,47.8,48.0,0.0,59,588
2020-05-12,4560,219000,10482550,48.0,48.25,47.55,48.0,0.0,116,535
2020-05-13,4560,145000,6941350,48.1,48.1,47.7,47.9,-0.1,64,556
2020-05-14,4560,330297,15689483,47.95,47.95,47.2,47.6,-0.3,185,470
2020-05-15,4560,173000,8240800,47.75,47.85,47.3,47.8,0.2,85,565
2020-05-18,4560,177000,8457950,48.2,48.2,47.4,47.7,-0.1,96,519
2020-05-19,4560,283000,13602050,47.95,48.7,47.8,48.4,0.7,145,469
2020-05-20,4560,261000,12555900,48.5,48.5,47.85,48.2,-0.2,146,460
2020-05-21,4560,218000,10516850,48.3,48.55,48.1,48.3,0.1,97,504
2020-05-22,4560,242000,11604550,48.35,48.4,47.65,48.0,-0.3,162,493
2020-05-25,4560,287000,13772200,48.0,48.3,47.6,48.15,0.15,155,444
2020-05-26,4560,437000,21161200,48.2,49.0,48.0,49.0,0.85,219,424
2020-05-27,4560,406000,19815400,49.0,49.85,48.4,48.7,-0.3,255,433
2020-05-28,4560,210000,10153400,48.8,48.8,48.0,48.0,-0.7,129,557
2020-05-29,4560,205000,9812950,48.1,48.35,47.5,48.35,0.35,116,485
2020-06-01,4560,250000,12060800,48.45,48.45,48.0,48.4,0.05,135,488
2020-06-02,4560,180000,8716900,48.6,48.6,48.3,48.5,0.1,71,519
2020-06-03,4560,265000,12874900,48.95,48.95,48.3,48.5,0.0,136,535
2020-06-04,4560,293000,14242200,48.95,48.95,48.45,48.7,0.2,157,506
2020-06-05,4560,415000,20264900,48.9,49.15,48.65,49.05,0.35,207,468
2020-06-08,4560,268000,13158450,49.2,49.3,48.9,49.3,0.25,153,567
2020-06-09,4560,290000,14271600,49.45,49.5,49.0,49.5,0.2,161,529
2020-06-10,4560,367000,18136650,49.55,49.7,49.25,49.65,0.15,182,486
2020-06-11,4560,537000,26441100,49.5,49.55,48.95,49.3,-0.35,283,471
2020-06-12,4560,341530,16500123,48.9,48.9,47.95,48.45,-0.85,196,498
2020-06-15,4560,324178,15589794,48.45,48.55,47.75,48.1,-0.35,180,463
2020-06-16,4560,458000,22283200,48.4,49.9,48.35,49.35,1.25,226,423
2020-06-17,4560,228080,11238128,49.5,49.55,49.1,49.25,-0.1,128,522
2020-06-18,4560,208000,10230250,49.5,49.5,48.95,49.25,0.0,120,554
2020-06-19,4560,234207,11514043,49.3,49.35,49.0,49.35,0.1,132,566
2020-06-22,4560,329000,16198250,49.3,49.45,49.1,49.25,-0.1,168,499
2020-06-23,4560,253011,12443939,49.4,49.6,48.9,49.15,-0.1,126,518
2020-06-24,4560,279000,13702950,49.25,49.35,48.95,49.35,0.2,159,475
2020-06-29,4560,382120,18768912,49.35,49.6,48.8,49.1,-0.25,179,447
2020-06-30,4560,198050,9735717,49.3,49.5,48.95,49.45,0.35,108,521
2020-07-01,4560,395353,19391547,49.45,49.45,48.8,49.0,-0.45,221,450
2020-07-02,4560,665000,32449050,49.1,49.2,48.4,48.8,-0.2,385,399
2020-07-03,4560,409148,19858198,48.85,48.9,48.25,48.4,-0.4,237,477
2020-07-06,4560,410000,19832600,48.55,48.6,48.2,48.6,0.2,232,549
2020-07-07,4560,342100,16561309,48.6,48.65,48.2,48.6,0.0,174,558
2020-07-08,4560,188100,9106204,48.55,48.55,48.2,48.55,-0.05,93,641
2020-07-09,4560,446073,21546077,48.5,48.5,48.05,48.4,-0.15,230,539
2020-07-10,4560,320415,15394665,48.4,48.4,47.85,48.1,-0.3,180,586
2020-07-13,4560,428000,20462350,48.0,48.2,47.25,48.2,0.1,243,483
2020-07-14,4560,168000,8057850,48.1,48.1,47.85,48.05,-0.15,82,606
2020-07-15,4560,186314,8944253,48.2,48.2,47.85,48.05,0.0,86,610
2020-07-16,4560,228000,10939150,48.05,48.1,47.9,48.1,0.05,72,557
2020-07-17,4560,194000,9299450,48.1,48.2,47.5,48.05,-0.05,138,594
2020-07-20,4560,326021,15594875,48.1,48.35,47.5,47.95,-0.1,193,473
2020-07-21,4560,441100,21101404,47.95,48.05,47.65,47.95,0.0,304,470
2020-07-22,4560,837565,38452142,47.0,48.0,44.5,44.95,0.0,479,369
2020-07-23,4560,152000,6782950,45.0,45.15,44.4,44.75,-0.2,113,580
2020-07-24,4560,302445,13365380,44.85,44.9,43.6,43.95,-0.8,178,538
2020-07-27,4560,853096,36410224,43.8,44.05,41.6,43.95,0.0,467,391
2020-07-28,4560,331021,14346759,43.95,43.95,43.0,43.3,-0.65,189,541
2020-07-29,4560,187000,8091650,43.45,43.5,43.0,43.5,0.2,93,542
2020-07-30,4560,169000,7330650,43.45,43.6,43.2,43.6,0.1,63,545
2020-07-31,4560,227074,9849120,43.5,44.0,43.0,44.0,0.4,122,491
2020-08-03,4560,218150,9463825,43.9,43.9,43.0,43.25,-0.75,112,534
2020-08-04,4560,203000,8763750,43.3,43.3,43.0,43.2,-0.05,85,523
2020-08-05,4560,242000,10403800,43.15,43.2,42.7,43.2,0.0,117,528
2020-08-06,4560,188000,8047250,43.05,43.2,42.2,43.2,0.0,89,568
2020-08-07,4560,211000,9040550,43.05,43.05,42.65,42.9,-0.3,110,532
2020-08-10,4560,451000,19160050,42.9,42.9,42.2,42.45,-0.45,263,480
2020-08-11,4560,267826,11233352,42.3,42.3,41.65,41.9,-0.55,173,538
2020-08-12,4560,700415,28527647,41.7,41.7,40.0,41.2,-0.7,364,391
2020-08-13,4560,237018,9755497,41.2,41.7,40.9,41.2,0.0,143,534
2020-08-14,4560,257018,10342047,40.4,40.9,39.9,40.1,-1.1,166,545
2020-08-17,4560,288000,11437950,40.1,40.35,39.4,39.55,-0.55,176,573
2020-08-18,4560,264000,10424900,39.8,39.8,39.25,39.6,0.05,160,568
2020-08-19,4560,179000,7031500,39.55,39.6,39.0,39.6,0.0,146,647
2020-08-20,4560,324000,12646500,39.4,39.5,38.7,39.0,-0.6,179,623
2020-08-21,4560,229000,8944800,39.4,39.4,38.75,39.0,0.0,78,566
2020-08-24,4560,147000,5723250,38.8,39.3,38.6,39.1,0.1,67,608
2020-08-25,4560,197000,7718950,39.1,39.8,38.8,39.5,0.4,96,583
2020-08-26,4560,183500,7208949,39.45,39.6,39.0,39.4,-0.1,89,592
2020-08-27,4560,209000,8270700,39.3,40.0,39.25,39.5,0.1,79,581
2020-08-28,4560,203100,7979035,39.4,39.55,39.05,39.45,-0.05,80,578
2020-08-31,4560,192000,7575500,39.6,39.6,39.3,39.45,0.0,67,612
2020-09-01,4560,200000,7885950,39.35,39.85,39.15,39.4,-0.05,71,607
2020-09-02,4560,196000,7758300,39.5,40.0,39.3,39.6,0.2,81,616
2020-09-03,4560,206000,8172950,39.6,40.1,39.4,39.85,0.25,82,620
2020-09-04,4560,226000,8865500,38.6,40.0,38.6,40.0,0.15,113,605
2020-09-07,4560,185000,7362300,39.9,40.15,39.5,39.8,-0.2,74,656
2020-09-08,4560,168000,6673750,39.8,40.0,39.45,39.85,0.05,58,624
2020-09-09,4560,116000,4602800,39.8,39.85,39.55,39.85,0.0,38,665
2020-09-10,4560,161000,6418300,39.9,40.0,39.8,39.85,0.0,76,643
2020-09-11,4560,199000,7899500,39.85,39.9,39.55,39.7,-0.15,88,626
2020-09-14,4560,187000,7448100,39.8,40.0,39.7,39.85,0.15,58,601
2020-09-15,4560,158000,6271150,39.9,40.0,39.4,39.8,-0.05,42,600
2020-09-16,4560,148040,5893642,39.85,39.9,39.75,39.75,-0.05,42,629
2020-09-17,4560,177000,7012000,39.75,39.85,39.45,39.55,-0.2,68,601
2020-09-18,4560,159000,6299500,39.65,39.75,39.5,39.65,0.1,42,644
2020-09-21,4560,207074,8172050,39.65,39.8,39.15,39.5,-0.15,83,628
2020-09-22,4560,259174,10160973,39.5,39.65,38.9,39.05,-0.45,110,575
2020-09-23,4560,187000,7288950,39.2,39.2,38.8,39.0,-0.05,79,636
2020-09-24,4560,257000,9914850,39.0,39.15,38.25,38.5,-0.5,126,645
2020-09-25,4560,190000,7295250,38.35,38.75,38.2,38.5,0.0,79,650
2020-09-28,4560,164000,6314550,38.7,38.7,38.3,38.5,0.0,54,563
2020-09-29,4560,202100,7845144,38.65,39.35,38.4,39.25,0.75,77,510
2020-09-30,4560,160000,6253600,39.05,39.9,38.9,39.45,0.2,43,500
2020-10-05,4560,203000,8032000,39.6,39.8,39.35,39.5,0.05,84,516
2020-10-06,4560,162000,6410200,39.6,39.8,39.4,39.8,0.3,59,578
2020-10-07,4560,173000,6833700,39.6,39.6,39.4,39.5,-0.3,47,536
2020-10-08,4560,160000,6352600,39.6,39.95,39.55,39.8,0.3,52,580
2020-10-12,4560,145000,5781200,39.8,40.1,39.7,39.8,0.0,38,608
2020-10-13,4560,207000,8186950,39.85,39.85,39.4,39.6,-0.2,74,528
2020-10-14,4560,218000,8593250,39.6,39.75,39.15,39.55,-0.05,76,551
2020-10-15,4560,132286,5195239,39.5,39.5,39.1,39.2,-0.35,50,604
2020-10-16,4560,107000,4206900,39.35,39.7,39.1,39.5,0.3,33,644
2020-10-19,4560,190000,7540750,39.6,39.9,39.5,39.8,0.3,75,567
2020-10-20,4560,146000,5791950,39.7,39.8,39.5,39.75,-0.05,43,559
2020-10-21,4560,160000,6347300,39.75,39.8,39.5,39.8,0.05,54,575
2020-10-22,4560,154000,6111850,39.75,39.85,39.5,39.8,0.0,52,585
2020-10-23,4560,178000,7055250,39.8,39.8,39.45,39.8,0.0,73,547
2020-10-26,4560,164000,6516100,39.8,39.85,39.6,39.85,0.05,54,581
2020-10-27,4560,154000,6111450,39.75,39.95,39.5,39.95,0.1,51,574
2020-10-28,4560,176000,7010200,39.95,40.0,39.7,39.8,-0.15,69,573
2020-10-29,4560,129000,5116100,39.75,39.9,39.55,39.9,0.1,25,600
2020-10-30,4560,196000,7805000,39.95,39.95,39.7,39.8,-0.1,84,548
2020-11-02,4560,242000,9702250,39.8,41.05,39.7,39.9,0.1,99,507
2020-11-03,4560,154000,6146450,39.9,40.6,39.7,40.6,0.7,47,564
2020-11-04,4560,173000,7008150,40.7,40.8,40.3,40.5,-0.1,59,529
2020-11-05,4560,165000,6656250,40.6,40.6,40.2,40.3,-0.2,52,547
2020-11-06,4560,175000,7117700,40.55,41.1,40.3,40.55,0.25,86,546
2020-11-09,4560,165000,6721650,40.75,41.0,40.55,40.6,0.05,63,613
2020-11-10,4560,202000,8166550,40.8,40.8,40.2,40.5,-0.1,81,617
2020-11-11,4560,312075,13014740,40.7,43.1,40.65,43.1,2.6,171,559
2020-11-12,4560,282049,12037522,43.05,43.7,42.15,42.3,-0.8,149,547
2020-11-13,4560,155000,6440650,42.05,42.05,41.35,41.5,-0.8,117,585
2020-11-16,4560,235010,9771720,41.5,41.85,41.4,41.55,0.05,103,584
2020-11-17,4560,197000,8178600,41.55,41.8,41.35,41.5,-0.05,90,605
2020-11-18,4560,176000,7327350,41.6,41.8,41.45,41.7,0.2,60,619
2020-11-19,4560,246000,10272500,41.8,42.05,41.45,41.9,0.2,119,566
2020-11-20,4560,150000,6303950,41.9,42.3,41.85,42.0,0.1,46,625
2020-11-23,4560,203000,8558150,42.1,42.5,41.95,42.45,0.45,86,650
2020-11-24,4560,190000,8074750,42.55,42.75,42.2,42.35,-0.1,58,627
2020-11-25,4560,327463,14083235,42.55,43.9,42.55,43.1,0.75,122,560
2020-11-26,4560,227030,9804890,43.2,43.5,43.0,43.1,0.0,99,596
2020-11-27,4560,168000,7247850,43.4,43.4,42.95,43.15,0.05,56,653
2020-11-30,4560,172000,7427500,43.25,43.4,43.05,43.2,0.05,50,702
2020-12-01,4560,132000,5710200,43.35,43.45,43.1,43.3,0.1,33,703
2020-12-02,4560,166000,7183300,43.3,43.9,43.1,43.7,0.4,52,676
2020-12-03,4560,160712,6979672,43.6,43.7,43.25,43.4,-0.3,60,677
2020-12-04,4560,192000,8329300,43.4,43.5,43.3,43.4,0.0,64,657
2020-12-07,4560,175300,7590725,43.4,43.55,43.15,43.25,-0.15,58,673
2020-12-08,4560,239001,10376143,43.25,43.65,43.25,43.45,0.2,88,617
2020-12-09,4560,221500,9591474,43.5,43.5,43.15,43.25,-0.2,94,654
2020-12-10,4560,226000,9707300,43.2,43.25,42.75,43.25,0.0,108,638
2020-12-11,4560,258000,11161100,43.15,44.8,42.85,44.3,1.05,101,631
2020-12-14,4560,241000,10633250,44.6,44.6,43.9,44.05,-0.25,104,577
2020-12-15,4560,241000,10500850,44.3,44.3,43.0,43.05,-1.0,117,606
2020-12-16,4560,205000,8859850,43.15,44.2,43.0,43.65,0.6,89,634
2020-12-17,4560,201000,8752450,43.75,43.75,43.4,43.45,-0.2,79,592
2020-12-18,4560,187000,8112500,43.45,43.7,43.15,43.5,0.05,64,627
2020-12-21,4560,238090,10323938,43.55,43.55,43.15,43.35,-0.15,94,627
2020-12-22,4560,184038,7972291,43.45,43.45,43.15,43.3,-0.05,66,676
2020-12-23,4560,175000,7565250,43.4,43.4,43.05,43.25,-0.05,64,623
2020-12-24,4560,224420,9733340,43.4,43.55,43.25,43.3,0.05,93,599
2020-12-25,4560,201450,8710685,43.35,43.4,43.15,43.3,0.0,65,617
2020-12-28,4560,181000,7814250,43.3,43.4,42.95,43.3,0.0,60,681
2020-12-29,4560,138000,5963100,43.2,43.3,43.0,43.3,0.0,35,705
2020-12-30,4560,163000,7033650,43.1,43.3,43.05,43.3,0.0,52,684
2020-12-31,4560,468413,20652782,43.35,44.8,43.15,44.8,1.5,135,534
2021-01-04,4560,292000,12936550,44.8,44.9,43.95,44.0,-0.8,146,628
2021-01-05,4560,160000,6991300,43.9,44.0,43.55,43.9,-0.1,65,687
2021-01-06,4560,201193,8782574,43.9,43.9,43.4,43.6,-0.3,97,714
2021-01-07,4560,193000,8383600,43.7,43.7,43.25,43.4,-0.2,82,650
2021-01-08,4560,209403,9064449,43.4,43.55,43.0,43.5,0.1,97,654
2021-01-11,4560,182057,7866196,43.55,43.55,43.0,43.0,-0.5,80,689
2021-01-12,4560,177147,7578742,43.1,43.1,42.45,42.45,-0.55,77,708
2021-01-13,4560,217300,9188345,42.6,42.6,42.05,42.1,-0.35,103,648
2021-01-14,4560,139251,5818477,41.95,41.95,41.7,41.7,-0.4,51,679
2021-01-15,4560,183057,7552403,41.75,41.75,40.5,41.25,-0.45,85,701
2021-01-18,4560,201000,8199800,41.25,41.3,40.1,40.6,-0.65,63,649
2021-01-19,4560,117418,4713229,40.6,40.6,39.2,40.2,-0.4,97,693
2021-01-20,4560,225000,8963150,39.95,41.0,39.5,41.0,0.8,121,715
2021-01-21,4560,266000,10699300,40.55,40.75,39.95,40.75,-0.25,139,603
2021-01-22,4560,294000,11779100,40.7,40.7,39.85,40.0,-0.75,153,569
2021-01-25,4560,169100,6699820,39.8,40.8,39.2,40.0,0.0,103,637
2021-01-26,4560,88000,3471300,39.8,39.8,39.3,39.35,-0.65,69,711
2021-01-27,4560,194000,7689500,39.3,41.0,39.3,41.0,1.65,100,581
2021-01-28,4560,290000,11490200,40.15,40.15,39.2,39.7,-1.3,156,537
2021-01-29,4560,281000,11136000,39.6,40.7,39.3,39.4,-0.3,153,587
2021-02-01,4560,179000,7053300,39.35,40.0,39.1,39.85,0.45,75,603
2021-02-02,4560,182211,7218441,39.85,40.3,39.3,40.3,0.45,88,592
2021-02-03,4560,137013,5480473,40.15,40.7,39.8,40.7,0.4,29,595
2021-02-04,4560,169060,6815148,40.35,40.65,40.1,40.5,-0.2,56,574
2021-02-05,4560,218212,8806199,40.4,40.6,40.1,40.6,0.1,87,570
2021-02-17,4560,214030,8752032,40.7,41.9,40.45,41.85,1.25,96,641
2021-02-18,4560,196002,8152983,41.75,41.85,41.45,41.7,-0.15,70,658
2021-02-19,4560,131000,5427900,41.55,41.9,41.25,41.85,0.15,58,694
2021-02-22,4560,410028,17194321,41.85,42.8,41.65,41.9,0.05,128,592
2021-02-23,4560,289167,12091480,41.8,42.8,41.5,42.8,0.9,110,643
2021-02-24,4560,263150,11205570,42.85,43.1,42.35,42.6,-0.2,116,649
2021-02-25,4560,183000,7794850,42.7,42.75,42.5,42.6,0.0,62,674
2021-02-26,4560,311000,13117050,42.4,42.5,41.8,42.25,-0.35,137,602
2021-03-02,4560,218000,9221450,42.4,42.45,42.1,42.35,0.1,79,641
2021-03-03,4560,269000,11417400,42.35,43.0,42.1,43.0,0.65,132,615
2021-03-04,4560,221000,9423900,43.0,43.2,42.3,42.45,-0.55,107,635
2021-03-05,4560,187000,7931000,42.2,42.7,42.05,42.7,0.25,60,617
2021-03-08,4560,172000,7345850,42.65,42.95,42.6,42.95,0.25,56,672
2021-03-09,4560,181001,7758547,42.9,43.15,42.7,43.0,0.05,66,671
2021-03-10,4560,172000,7379650,43.0,43.1,42.7,42.7,-0.3,56,656
2021-03-11,4560,212000,9025150,42.75,42.8,42.3,42.55,-0.15,94,668
2021-03-12,4560,159000,6769350,42.7,42.7,42.45,42.6,0.05,56,682
2021-03-15,4560,186002,7933835,42.8,42.8,42.45,42.7,0.1,63,680
2021-03-16,4560,237000,10067100,42.7,42.75,42.2,42.4,-0.3,97,640
2021-03-17,4560,134002,5680884,42.5,42.55,42.3,42.45,0.05,43,741
2021-03-18,4560,156000,6612350,42.45,42.9,42.15,42.9,0.45,75,713
2021-03-19,4560,223000,9484400,42.65,42.7,42.35,42.5,-0.4,95,678
2021-03-22,4560,154000,6539000,42.6,42.7,42.25,42.7,0.2,43,741
2021-03-23,4560,160644,6832252,42.7,42.75,42.35,42.5,-0.2,60,735
2021-03-24,4560,213002,9031135,42.4,42.6,42.2,42.5,0.0,86,663
2021-03-25,4560,169000,7151850,42.5,42.5,42.2,42.25,-0.25,55,693
2021-03-26,4560,180000,7626550,42.35,42.7,42.2,42.7,0.45,80,709
2021-03-29,4560,227000,9660600,42.7,43.1,42.25,42.9,0.2,116,705
2021-03-30,4560,183000,7821800,42.9,42.95,42.6,42.8,-0.1,68,706
2021-03-31,4560,218000,9290550,42.7,42.8,42.5,42.7,-0.1,71,682
2021-04-01,4560,187000,7971400,42.7,43.0,42.45,43.0,0.3,71,711
2021-04-06,4560,295000,12727600,43.0,43.45,42.8,43.15,0.15,121,682
2021-04-07,4560,184000,7908550,43.1,43.2,42.8,43.2,0.05,59,728
2021-04-08,4560,214019,9181945,43.1,43.15,42.8,42.8,-0.4,84,746
2021-04-09,4560,148200,6338460,42.85,43.2,42.5,43.0,0.2,75,779
2021-04-12,4560,186000,7965050,42.95,43.0,42.6,43.0,0.0,72,780
2021-04-13,4560,168123,7246337,42.9,43.6,42.75,43.4,0.4,99,798
2021-04-14,4560,296001,12699292,43.4,43.4,42.6,42.95,-0.45,135,732
2021-04-15,4560,131050,5621140,43.0,43.1,42.75,43.0,0.05,65,774
2021-04-16,4560,177000,7583900,42.95,43.05,42.75,43.0,0.0,72,757
2021-04-19,4560,247010,10617067,43.0,43.3,42.8,43.0,0.0,91,783
2021-04-20,4560,216001,9247842,42.9,43.0,42.7,42.8,-0.2,97,762
2021-04-21,4560,317005,13435157,42.8,42.8,41.95,41.95,-0.85,187,731
2021-04-22,4560,255013,10689494,42.1,42.35,41.6,41.8,-0.15,118,803
2021-04-23,4560,342004,14522626,42.1,43.9,41.5,43.2,1.4,154,701
2021-04-26,4560,130000,5598900,43.3,43.3,42.9,43.0,-0.2,53,819
2021-04-27,4560,87000,3734600,43.1,43.1,42.75,43.0,0.0,46,850
2021-04-28,4560,223020,9581211,43.0,43.3,42.4,42.9,-0.1,111,759
2021-04-29,4560,218000,9492750,43.0,45.25,42.75,45.25,2.35,104,759
2021-05-03,4560,188260,8402921,44.9,45.1,44.1,44.3,-0.95,103,803
2021-05-04,4560,206011,8989629,44.3,44.4,42.75,43.45,-0.85,105,817
2021-05-05,4560,113085,4896382,43.3,43.75,43.05,43.75,0.3,53,800
2021-05-06,4560,170030,7418294,43.8,43.9,43.3,43.4,-0.35,82,737
2021-05-07,4560,202000,8784650,43.5,43.65,43.4,43.65,0.25,61,700
2021-05-10,4560,197000,8540850,43.65,43.7,43.1,43.25,-0.4,90,730
2021-05-11,4560,263000,11222600,43.25,43.35,41.8,42.15,-1.1,134,773
2021-05-12,4560,301000,12351350,42.2,42.3,39.6,40.85,-1.3,119,799
2021-05-13,4560,214001,8670444,40.55,41.5,40.0,40.8,-0.05,82,776
2021-05-14,4560,169060,6873317,40.85,40.9,40.4,40.9,0.1,58,775
2021-05-17,4560,256000,10161900,39.95,40.15,39.1,39.7,-1.2,127,756
2021-05-18,4560,295000,11814450,39.95,41.25,39.7,41.0,1.3,75,686
2021-05-19,4560,210000,8540250,40.7,41.05,40.4,40.55,-0.45,82,680
2021-05-20,4560,197000,7989300,40.55,40.75,40.35,40.5,-0.05,78,655
2021-05-21,4560,192050,7820722,40.65,41.45,40.5,41.45,0.95,70,655
2021-05-24,4560,218000,8898300,41.1,41.75,40.8,41.75,0.3,74,649
2021-05-25,4560,160000,6647250,41.65,41.7,41.4,41.45,-0.3,46,701
2021-05-26,4560,135158,5590393,41.5,41.55,41.1,41.35,-0.1,54,684
2021-05-27,4560,204000,8391300,41.35,41.5,40.9,41.1,-0.25,90,621
2021-05-28,4560,205050,8483155,41.3,42.3,41.1,42.1,1.0,88,673
2021-05-31,4560,196001,8188841,42.0,42.05,41.6,41.7,-0.4,73,668
2021-06-01,4560,132001,5500695,41.7,42.0,41.45,41.95,0.25,44,706
2021-06-02,4560,135001,5644095,41.85,41.95,41.65,41.95,0.0,53,728
2021-06-03,4560,155016,6459118,41.9,41.9,41.3,41.7,-0.25,77,692
2021-06-04,4560,170000,7075650,41.7,41.9,41.5,41.9,0.2,78,664
2021-06-07,4560,185000,7717050,41.85,42.45,41.3,42.2,0.3,72,675
2021-06-08,4560,231000,9745400,42.15,42.55,41.85,42.45,0.25,81,559
2021-06-09,4560,124000,5229750,42.4,42.4,41.9,42.0,-0.45,43,680
2021-06-10,4560,169000,7075750,41.95,42.25,41.75,42.25,0.25,77,647
2021-06-11,4560,342024,14670336,42.35,44.65,42.0,43.1,0.85,161,559
2021-06-15,4560,210113,9036170,43.1,43.2,42.85,43.05,-0.05,83,636
2021-06-16,4560,156000,6579750,43.3,43.3,42.75,42.9,-0.15,68,682
2021-06-17,4560,125001,5341742,42.9,42.9,42.6,42.7,-0.2,41,672
2021-06-18,4560,142000,6070550,42.75,43.15,42.5,43.0,0.3,65,708
2021-06-21,4560,194000,8207850,42.9,42.9,42.4,42.65,-0.35,72,696
2021-06-22,4560,241000,10326800,42.7,43.65,42.35,42.55,-0.1,101,616
2021-06-23,4560,139000,5912900,42.7,42.8,42.4,42.7,0.15,52,708
2021-06-24,4560,173000,7359300,42.6,42.8,42.3,42.7,0.0,101,686
2021-06-25,4560,118001,5032192,42.7,42.8,42.5,42.7,0.0,53,749
2021-06-28,4560,126049,5380130,42.7,42.8,42.55,42.65,-0.05,63,745
2021-06-29,4560,108055,4557362,42.75,42.75,42.5,42.6,-0.05,48,764
2021-06-30,4560,136010,5806480,42.7,43.1,42.45,43.0,0.4,72,736
2021-07-01,4560,97000,4159250,43.0,43.05,42.65,43.0,0.0,47,787
2021-07-02,4560,130000,5566450,43.0,43.0,42.7,42.8,-0.2,60,736
2021-07-05,4560,158000,6747750,42.9,42.9,42.6,42.6,-0.2,85,728
2021-07-06,4560,97000,4127050,42.7,42.7,42.45,42.45,-0.15,43,765
2021-07-07,4560,108000,4591950,42.65,42.75,42.45,42.5,0.05,50,768
2021-07-08,4560,104030,4421175,42.65,42.65,42.4,42.5,0.0,48,768
2021-07-09,4560,221000,9324300,42.6,42.6,41.5,41.8,-0.7,111,666
2021-07-12,4560,171000,7191100,42.15,42.5,41.9,42.3,0.5,125,734
2021-07-13,4560,129000,5439900,42.35,42.35,42.05,42.3,0.0,72,782
2021-07-14,4560,110000,4635800,42.3,43.0,41.8,43.0,0.7,76,758
2021-07-15,4560,269000,11371150,43.0,43.0,41.6,42.7,-0.3,163,610
2021-07-16,4560,234000,9909350,42.6,42.8,42.1,42.8,0.1,140,626
2021-07-19,4560,152095,6478547,42.7,42.8,42.5,42.8,0.0,70,702
2021-07-20,4560,127000,5409100,42.7,42.7,42.45,42.6,-0.2,71,730
2021-07-21,4560,152140,6480799,42.6,42.8,42.4,42.8,0.2,79,738
2021-07-22,4560,150200,6411620,42.8,42.85,42.55,42.8,0.0,87,720
2021-07-23,4560,208000,8898000,42.8,42.95,42.65,42.95,0.15,123,669
2021-07-26,4560,146000,6270850,43.0,43.2,42.8,43.2,0.25,64,719
2021-07-27,4560,172000,7431200,43.2,43.6,43.0,43.25,0.05,101,691
2021-07-28,4560,120000,5114550,43.25,43.25,42.2,42.2,-1.05,79,757
2021-07-29,4560,139000,5871500,42.4,42.4,42.05,42.3,0.1,71,672
2021-07-30,4560,105000,4431500,42.3,42.7,42.05,42.7,0.4,51,719
2021-08-02,4560,163000,6893400,42.7,42.9,40.85,42.85,0.15,100,656
2021-08-03,4560,93000,3966200,42.7,42.9,42.5,42.9,0.05,45,710
2021-08-04,4560,72001,3079542,42.9,42.9,42.7,42.8,-0.1,31,748
2021-08-05,4560,74000,3156650,42.8,42.8,42.5,42.7,-0.1,33,752
2021-08-06,4560,132000,5607350,42.7,42.75,42.2,42.6,-0.1,91,682
2021-08-09,4560,82000,3477700,42.6,42.65,42.1,42.55,-0.05,53,763
2021-08-10,4560,80000,3393250,42.55,42.55,42.3,42.4,-0.15,39,767
2021-08-11,4560,85000,3598200,42.4,42.45,42.25,42.35,-0.05,40,780
2021-08-12,4560,66029,2793629,42.45,42.45,42.2,42.35,0.0,28,750
2021-08-13,4560,86001,3625992,42.4,42.4,42.0,42.0,-0.35,39,751
2021-08-16,4560,74024,3109771,42.2,42.55,41.6,42.55,0.55,39,802
2021-08-17,4560,65000,2765350,42.6,42.65,42.45,42.55,0.0,23,776
2021-08-18,4560,77000,3257450,42.55,42.55,42.15,42.4,-0.15,31,764
2021-08-19,4560,54000,2269750,42.5,42.5,41.7,41.75,-0.65,46,803
2021-08-20,4560,72011,3006909,41.95,41.95,41.65,41.75,0.0,40,744
2021-08-23,4560,77150,3225910,42.0,42.4,41.25,42.4,0.0,57,727
2021-08-24,4560,61010,2577020,42.4,42.4,42.15,42.3,-0.1,21,737
2021-08-25,4560,81096,3421298,42.3,42.3,42.05,42.3,0.0,31,709
2021-08-26,4560,95194,4020210,42.1,42.35,42.05,42.3,0.0,34,673
2021-08-27,4560,141000,5965700,42.25,42.6,42.15,42.55,0.25,82,609
2021-08-30,4560,86001,3636092,42.5,42.6,42.0,42.45,-0.1,45,674
2021-08-31,4560,145000,6146800,42.4,42.65,42.2,42.5,0.05,71,619
2021-09-01,4560,96000,4072700,42.5,42.65,42.25,42.65,0.15,46,703
2021-09-02,4560,103000,4363850,42.6,42.6,42.1,42.4,-0.25,55,681
2021-09-03,4560,110000,4660500,42.5,42.5,42.2,42.4,0.0,51,670
2021-09-06,4560,75000,3168300,42.4,42.4,42.15,42.15,-0.25,44,719
2021-09-07,4560,101000,4238200,42.05,42.4,41.65,42.2,0.05,59,668
2021-09-08,4560,83000,3482050,42.15,42.15,41.8,42.0,-0.2,39,718
2021-09-09,4560,102000,4239150,41.6,41.85,41.4,41.5,-0.5,55,642
2021-09-10,4560,159000,6555100,41.5,41.5,41.0,41.2,-0.3,84,589
2021-09-13,4560,99000,4092200,41.2,41.7,41.2,41.7,0.5,44,671
2021-09-14,4560,79000,3282950,41.65,41.7,41.5,41.7,0.0,42,692
2021-09-15,4560,70000,2909750,41.7,41.7,41.5,41.6,-0.1,28,701
2021-09-16,4560,88000,3657900,41.8,41.8,41.45,41.6,0.0,39,674
2021-09-17,4560,84000,3488850,41.65,41.7,41.4,41.65,0.05,36,685
2021-09-22,4560,129000,5327450,41.1,41.55,41.0,41.5,-0.15,74,692
2021-09-23,4560,100000,4145500,41.6,41.8,41.2,41.8,0.3,52,647
2021-09-24,4560,83000,3466500,41.85,41.95,41.6,41.95,0.15,35,684
2021-09-27,4560,83000,3470000,41.95,42.1,41.6,42.1,0.15,42,724
2021-09-28,4560,85000,3551250,41.65,42.0,41.65,41.85,-0.25,42,690
2021-09-29,4560,68000,2842450,41.85,42.1,41.4,41.85,0.0,29,776
2021-09-30,4560,113300,4927930,41.8,45.0,41.6,45.0,3.15,45,662
2021-10-01,4560,99046,4263902,44.3,44.3,42.3,42.4,-2.6,58,760
2021-10-04,4560,130000,5461650,42.25,42.25,41.75,41.8,-0.6,62,703
2021-10-05,4560,76000,3171650,41.75,42.1,41.4,41.85,0.05,58,737
2021-10-06,4560,86000,3582050,41.8,41.85,41.5,41.5,-0.35,37,686
2021-10-07,4560,161000,6759550,41.4,42.7,41.4,41.95,0.45,88,624
2021-10-08,4560,80000,3337950,41.85,41.95,41.55,41.95,0.0,38,677
2021-10-12,4560,111000,4624000,41.9,41.95,41.45,41.95,0.0,54,669
2021-10-13,4560,70000,2922050,41.8,42.0,41.55,42.0,0.05,46,722
2021-10-14,4560,123000,5134700,41.75,41.85,41.6,41.8,-0.2,71,617
2021-10-15,4560,79000,3322700,42.1,42.5,41.7,42.5,0.7,55,696
2021-10-18,4560,89001,3751542,42.4,42.4,42.0,42.2,-0.3,48,667
2021-10-19,4560,111000,4674300,42.2,42.5,41.95,42.3,0.1,57,669
2021-10-20,4560,100000,4208100,42.3,42.3,41.9,42.1,-0.2,56,651
2021-10-21,4560,105000,4412600,42.1,42.15,41.95,42.15,0.05,51,673
2021-10-22,4560,95000,3986750,42.15,42.15,41.85,42.0,-0.15,51,660
2021-10-25,4560,83100,3486529,41.95,42.35,41.8,42.1,0.1,37,661
2021-10-26,4560,116015,4870777,42.1,42.1,41.9,42.05,-0.05,63,682
2021-10-27,4560,69594,2912853,42.0,42.0,41.7,41.9,-0.15,39,719
2021-10-28,4560,80175,3355862,41.85,42.15,41.75,42.0,0.1,67,705
2021-10-29,4560,149173,6329715,41.95,43.0,41.75,43.0,1.0,92,640
2021-11-01,4560,147002,6319185,43.15,43.25,42.8,42.9,-0.1,84,662
2021-11-02,4560,122000,5206100,42.9,42.95,42.35,42.5,-0.4,68,684
2021-11-03,4560,79000,3353700,42.5,42.55,42.35,42.5,0.0,34,714
2021-11-04,4560,147001,6258742,42.5,42.95,42.4,42.8,0.3,85,655
2021-11-05,4560,91000,3888800,42.8,42.9,42.6,42.9,0.1,41,716
2021-11-08,4560,160000,6851600,42.9,43.15,42.65,42.95,0.05,86,657
2021-11-09,4560,107000,4582700,42.95,42.95,42.7,42.8,-0.15,49,698
2021-11-10,4560,107101,4578317,42.8,42.95,42.65,42.8,0.0,57,717
2021-11-11,4560,103000,4384900,42.8,42.95,42.2,42.4,-0.4,69,724
2021-11-12,4560,127000,5372900,42.55,42.6,42.0,42.4,0.0,69,704
2021-11-15,4560,129000,5488750,42.5,42.9,42.3,42.7,0.3,68,718
2021-11-16,4560,124000,5288400,42.7,43.0,42.45,43.0,0.3,52,715
2021-11-17,4560,120000,5137200,42.9,43.0,42.65,42.9,-0.1,61,719
2021-11-18,4560,90000,3849700,42.9,42.9,42.7,42.75,-0.15,41,760
2021-11-19,4560,92000,3920750,42.75,42.8,42.35,42.6,-0.15,51,736
2021-11-22,4560,79000,3361050,42.7,42.7,42.4,42.6,0.0,37,751
2021-11-23,4560,119000,5054200,42.65,42.7,42.2,42.4,-0.2,69,700
2021-11-24,4560,116000,4923000,42.55,42.6,42.35,42.55,0.15,65,681
2021-11-25,4560,75000,3185700,42.6,42.6,42.35,42.5,-0.05,35,733
2021-11-26,4560,104000,4391600,42.55,42.55,42.0,42.1,-0.4,57,762
2021-11-29,4560,66000,2772500,42.1,42.15,41.9,42.1,0.0,17,788
2021-11-30,4560,94000,3955450,42.2,42.2,41.95,41.95,-0.15,47,714
2021-12-01,4560,126000,5265400,41.9,42.3,41.55,42.3,0.35,75,660
2021-12-02,4560,67000,2831500,42.3,42.55,42.05,42.2,-0.1,29,741
2021-12-03,4560,67000,2822900,42.25,42.25,42.0,42.2,0.0,23,733
2021-12-06,4560,82002,3452136,42.2,42.7,41.95,42.7,0.5,40,712
2021-12-07,4560,161000,6806900,42.7,42.7,42.0,42.15,-0.55,98,630
2021-12-08,4560,73000,3072150,42.2,42.25,41.95,42.2,0.05,55,757
2021-12-09,4560,87000,3657200,42.25,42.25,41.8,42.2,0.0,36,722
2021-12-10,4560,94000,3949800,42.2,42.2,41.85,42.1,-0.1,43,708
2021-12-13,4560,98068,4121518,42.2,42.25,41.85,42.15,0.05,59,740
2021-12-14,4560,93000,3874550,42.15,42.15,41.4,41.7,-0.45,69,745
2021-12-15,4560,56000,2330650,41.7,41.75,41.5,41.7,0.0,45,758
2021-12-16,4560,69000,2876200,41.8,41.8,41.6,41.75,0.05,22,748
2021-12-17,4560,84000,3503650,41.75,41.95,41.6,41.95,0.2,33,732
2021-12-20,4560,111000,4626800,41.9,42.0,41.3,41.5,-0.45,63,658
2021-12-21,4560,87000,3622200,41.5,41.9,41.45,41.9,0.4,50,692
2021-12-22,4560,68500,2855951,41.85,41.85,41.6,41.8,-0.1,27,738
2021-12-23,4560,69000,2884600,41.85,42.0,41.6,41.8,0.0,47,742
2021-12-24,4560,124000,5159050,41.8,41.8,41.3,41.75,-0.05,68,668
2021-12-27,4560,80000,3340800,41.75,41.85,41.6,41.85,0.1,41,762
2021-12-28,4560,72005,3007609,41.9,41.9,41.6,41.8,-0.05,34,767
2021-12-29,4560,68000,2834100,41.85,41.85,41.6,41.75,-0.05,32,788
2021-12-30,4560,81000,3411250,41.85,42.45,41.65,42.2,0.45,48,759
2022-01-03,4560,92051,3856452,42.15,42.15,41.7,41.95,-0.25,49,759
2022-01-04,4560,67000,2802900,41.95,41.95,41.75,41.95,0.0,21,781
2022-01-05,4560,79000,3293450,41.9,41.9,41.6,41.75,-0.2,32,766
2022-01-06,4560,58000,2415250,41.75,41.75,41.55,41.7,-0.05,37,793
2022-01-07,4560,83000,3435800,41.75,41.75,41.15,41.35,-0.35,74,778
2022-01-10,4560,80000,3312450,41.55,41.7,41.2,41.5,0.15,39,740
2022-01-11,4560,53707,2225142,41.7,41.7,41.3,41.5,0.0,48,813
2022-01-12,4560,97000,4014250,41.65,41.65,41.15,41.55,0.05,52,727
2022-01-13,4560,60000,2489600,41.75,41.75,41.45,41.55,0.0,17,762
2022-01-14,4560,74005,3064857,41.65,41.65,41.3,41.4,-0.15,31,774
2022-01-17,4560,61000,2518600,41.5,41.5,41.25,41.35,-0.05,13,751
2022-01-18,4560,63000,2603850,41.55,41.55,41.25,41.35,0.0,19,731
2022-01-19,4560,70011,2890806,41.55,41.55,41.15,41.55,0.2,33,728
2022-01-20,4560,70404,2913805,41.55,41.55,41.3,41.55,0.0,32,712
2022-01-21,4560,65001,2683341,41.55,41.55,41.15,41.35,-0.2,27,780
2022-01-24,4560,71000,2930150,41.55,41.65,41.0,41.55,0.2,39,773
2022-01-25,4560,65000,2692600,41.55,41.55,41.25,41.4,-0.15,38,784
2022-01-26,4560,70209,2901182,41.55,41.55,41.25,41.3,-0.1,222,730
2022-02-07,4560,176185,7241969,41.6,41.6,40.95,40.95,-0.35,195,607
2022-02-08,4560,96167,3954826,41.0,41.5,41.0,41.5,0.55,188,695
2022-02-09,4560,77079,3188160,41.5,41.55,41.25,41.55,0.05,92,744
2022-02-10,4560,82046,3407513,41.6,41.65,41.45,41.55,0.0,56,711
2022-02-11,4560,59125,2451296,41.5,41.6,41.35,41.55,0.0,124,758
2022-02-14,4560,56325,2337522,41.6,41.6,41.4,41.55,0.0,329,777
2022-02-15,4560,47105,1955019,41.6,41.6,41.45,41.5,-0.05,104,790
2022-02-16,4560,65308,2714547,41.75,41.75,41.5,41.6,0.1,238,752
2022-02-17,4560,119068,4954715,41.6,41.95,41.2,41.55,-0.05,152,669
2022-02-18,4560,53019,2200802,41.75,41.75,41.45,41.6,0.05,28,760
2022-02-21,4560,59032,2454962,41.75,41.75,41.5,41.7,0.1,46,758
2022-02-22,4560,70056,2917558,41.75,41.75,41.55,41.6,-0.1,33,776
2022-02-23,4560,54005,2249665,41.75,41.75,41.6,41.7,0.1,15,735
2022-02-24,4560,37011,1531901,41.5,41.7,41.2,41.4,-0.3,43,875
2022-02-25,4560,51007,2113042,41.75,41.75,41.3,41.6,0.2,18,789
2022-03-01,4560,60002,2495785,41.6,41.7,41.5,41.65,0.05,19,772
2022-03-02,4560,52001,2172892,42.0,42.0,41.65,41.75,0.1,15,754
2022-03-03,4560,50000,2083150,42.0,42.0,41.6,41.75,0.0,11,764
2022-03-04,4560,50113,2089792,41.95,41.95,41.6,41.75,0.0,18,777
2022-03-07,4560,68009,2826684,41.9,41.9,41.5,41.7,-0.05,36,826
2022-03-08,4560,76005,3143910,41.65,41.65,41.2,41.5,-0.2,42,801
2022-03-09,4560,47003,1954929,41.5,41.75,41.45,41.5,0.0,11,790
2022-03-10,4560,46078,1908102,41.6,41.6,41.35,41.45,-0.05,15,787
2022-03-11,4560,43001,1781691,41.7,41.7,41.35,41.5,0.05,14,770
2022-03-14,4560,47001,1948895,41.75,41.75,41.4,41.55,0.05,14,755
2022-03-15,4560,59001,2445245,41.65,41.65,41.2,41.4,-0.15,31,758
2022-03-16,4560,52002,2154586,42.0,42.0,41.3,41.45,0.05,17,786
2022-03-17,4560,52000,2156350,41.75,41.75,41.4,41.5,0.05,18,804
2022-03-18,4560,44005,1821405,41.7,41.7,41.3,41.5,0.0,15,766
2022-03-21,4560,54021,2243461,41.85,41.85,41.45,41.5,0.0,35,758
2022-03-22,4560,63000,2611300,41.65,41.65,41.35,41.55,0.05,22,725
2022-03-23,4560,50003,2079132,41.7,41.7,41.45,41.65,0.1,12,805
2022-03-24,4560,47065,1957025,41.65,41.7,41.5,41.55,-0.1,14,780
2022-03-25,4560,64001,2656895,41.7,41.7,41.4,41.4,-0.15,21,748
2022-03-28,4560,56006,2320946,41.4,41.5,41.4,41.45,0.05,17,774
2022-03-29,4560,40009,1656669,41.5,41.5,41.35,41.5,0.05,17,794
2022-03-30,4560,42120,1747940,41.5,41.65,41.35,41.5,0.0,12,814
2022-03-31,4560,75001,3129841,41.5,42.1,41.5,41.9,0.4,34,717
2022-04-01,4560,146035,6105868,41.9,42.0,41.7,41.9,0.0,73,635
2022-04-06,4560,130049,5465139,42.0,42.3,41.8,42.15,0.25,98,648
2022-04-07,4560,111000,4681200,42.25,42.3,42.0,42.2,0.05,67,725
2022-04-08,4560,47000,1985950,42.2,42.3,42.2,42.3,0.1,7,786
2022-04-11,4560,60002,2540941,42.5,42.5,42.25,42.3,0.0,19,814
2022-04-12,4560,70000,2966450,42.5,42.5,42.25,42.5,0.2,37,739
2022-04-13,4560,88001,3747146,42.65,42.8,42.4,42.8,0.3,41,734
2022-04-14,4560,146007,6233644,42.9,42.9,42.45,42.8,0.0,107,623
2022-04-15,4560,93004,3966369,42.8,42.8,42.4,42.7,-0.1,55,700
2022-04-18,4560,56031,2391763,42.7,42.8,42.45,42.7,0.0,49,767
2022-04-19,4560,50000,2131850,42.9,42.9,42.55,42.7,0.0,21,755
2022-04-20,4560,53000,2260450,42.85,42.85,42.55,42.7,0.0,19,764
2022-04-21,4560,52142,2221821,42.65,42.7,42.55,42.6,-0.1,19,755
2022-04-22,4560,45001,1917192,42.8,42.8,42.5,42.6,0.0,14,779
2022-04-25,4560,54362,2307152,42.7,42.7,42.15,42.15,-0.45,33,817
2022-04-26,4560,38000,1606600,42.7,42.75,42.0,42.7,0.55,26,792
2022-04-27,4560,52117,2206483,42.5,42.6,41.95,42.6,-0.1,40,833
2022-04-28,4560,47037,2000539,42.7,42.7,42.45,42.6,0.0,9,766
2022-04-29,4560,48000,2042650,42.6,42.6,42.45,42.6,0.0,10,746
2022-05-03,4560,46000,1945850,42.55,42.55,42.15,42.3,-0.3,29,754
2022-05-04,4560,102000,4284350,42.3,42.3,41.7,42.0,-0.3,74,621
2022-05-05,4560,47001,1977645,42.25,42.25,42.0,42.15,0.15,20,749
2022-05-06,4560,46000,1924850,41.75,42.0,41.75,42.0,-0.15,17,785
2022-05-09,4560,38000,1589550,42.0,42.0,41.75,41.95,-0.05,18,837
2022-05-10,4560,47000,1955950,41.9,41.9,41.55,41.7,-0.25,28,791
2022-05-11,4560,88000,3661900,41.9,41.9,41.4,41.6,-0.1,57,698
2022-05-12,4560,73000,3028700,41.6,41.6,41.3,41.45,-0.15,43,779
2022-05-13,4560,114000,4725350,41.65,41.65,41.25,41.45,0.0,57,666
2022-05-16,4560,48150,1999580,41.65,41.65,41.45,41.6,0.15,20,779
2022-05-17,4560,39000,1618900,41.7,41.7,41.4,41.55,-0.05,11,796
2022-05-18,4560,45000,1869800,41.55,41.6,41.5,41.6,0.05,17,805
2022-05-19,4560,39000,1618400,41.65,41.65,41.35,41.5,-0.1,11,775
2022-05-20,4560,49001,2032991,41.55,41.6,41.45,41.5,0.0,20,740
2022-05-23,4560,82023,3423431,42.5,42.5,41.5,41.75,0.25,42,660
2022-05-24,4560,45000,1883100,42.2,42.2,41.75,41.9,0.15,25,755
2022-05-25,4560,70000,2942950,42.8,42.8,41.9,41.95,0.05,62,685
2022-05-26,4560,180024,7460408,41.8,42.0,40.6,42.0,0.0,130,556
2022-05-27,4560,97072,4014023,41.75,41.75,41.25,41.4,-0.6,86,632
2022-05-30,4560,50024,2047804,41.4,41.4,40.8,40.85,-0.55,44,784
2022-05-31,4560,65000,2638350,40.8,40.85,40.45,40.75,-0.1,55,701
2022-06-01,4560,45000,1834950,40.9,40.9,40.7,40.85,0.1,37,805
2022-06-02,4560,52025,2126250,41.0,41.0,40.75,40.85,0.0,29,740
2022-06-06,4560,88172,3588040,41.0,41.0,40.45,40.7,-0.15,56,673
2022-06-07,4560,81001,3301640,40.7,40.95,40.55,40.95,0.25,50,688
2022-06-08,4560,85000,3486050,41.1,41.15,40.9,41.15,0.2,49,678
2022-06-09,4560,45003,1847473,41.2,41.2,40.95,41.15,0.0,17,763
2022-06-10,4560,49079,2014792,41.15,41.15,41.0,41.15,0.0,19,766
2022-06-13,4560,52000,2125150,41.15,41.15,40.7,40.8,-0.35,37,822
2022-06-14,4560,88000,3584000,40.85,41.0,40.5,40.75,-0.05,63,747
2022-06-15,4560,61175,2497589,40.85,40.9,40.7,40.8,0.05,32,786
2022-06-16,4560,49108,2006760,41.1,41.1,40.6,40.7,-0.1,39,804
2022-06-17,4560,44000,1781300,40.65,40.65,40.4,40.55,-0.15,22,822
2022-06-20,4560,47000,1901400,40.75,40.75,40.35,40.55,0.0,25,828
2022-06-21,4560,59000,2396300,40.75,40.9,40.45,40.9,0.35,28,788
2022-06-22,4560,27025,1104135,41.0,41.0,40.6,40.7,-0.2,20,850
2022-06-23,4560,50000,2034100,40.9,40.9,40.6,40.7,0.0,24,810
2022-06-24,4560,43000,1747500,40.8,40.8,40.6,40.7,0.0,15,817
2022-06-27,4560,72055,2946743,41.0,41.0,40.7,40.75,0.05,51,753
2022-06-28,4560,48174,1963971,40.95,40.95,40.65,40.85,0.1,17,727
2022-06-29,4560,39000,1591600,40.95,40.95,40.75,40.9,0.05,10,757
2022-06-30,4560,61000,2488500,41.0,41.0,40.6,40.8,-0.1,28,789
2022-07-01,4560,65000,2625050,40.8,40.8,40.0,40.3,-0.5,45,826
2022-07-04,4560,43000,1740050,40.8,40.8,40.4,40.5,0.2,14,809
2022-07-05,4560,47026,1895841,40.5,40.5,40.0,40.3,-0.2,47,785
2022-07-06,4560,92200,3692539,40.65,40.65,39.85,40.2,-0.1,44,706
2022-07-07,4560,42000,1685800,40.35,40.35,40.1,40.2,0.0,15,791
2022-07-08,4560,45025,1808005,40.2,40.2,40.1,40.15,-0.05,16,771
2022-07-11,4560,37000,1488150,40.15,40.4,40.05,40.2,0.05,11,783
2022-07-12,4560,57000,2286300,40.05,40.2,40.05,40.15,-0.05,23,780
2022-07-13,4560,49000,1969600,40.25,40.3,40.15,40.15,0.0,20,769
2022-07-14,4560,40088,1607682,40.2,40.2,40.0,40.1,-0.05,20,752
2022-07-15,4560,39001,1564141,40.25,40.25,40.05,40.15,0.05,16,773
2022-07-18,4560,47000,1883200,40.15,40.15,40.0,40.15,0.0,21,764
2022-07-19,4560,42000,1684650,40.2,40.2,40.1,40.15,0.0,8,755
2022-07-20,4560,58000,2327600,40.15,40.25,40.0,40.1,-0.05,35,784
2022-07-21,4560,43001,1724090,40.15,40.15,40.0,40.15,0.05,18,751
2022-07-22,4560,43002,1723480,40.25,40.25,39.95,40.1,-0.05,25,765
2022-07-25,4560,44005,1756295,40.35,40.35,39.75,39.95,-0.15,37,735
2022-07-26,4560,59001,2357739,39.95,40.3,39.7,40.3,0.35,27,714
2022-07-27,4560,50807,2034430,40.4,40.45,39.95,40.4,0.1,30,719
2022-07-28,4560,40001,1606539,40.4,40.4,40.05,40.4,0.0,24,774
2022-07-29,4560,34003,1370470,40.45,40.45,40.15,40.4,0.0,15,779
2022-08-01,4560,36001,1442291,40.45,40.45,39.9,40.1,-0.3,37,786
2022-08-02,4560,17003,681222,40.1,40.4,39.9,40.3,0.2,17,873
2022-08-03,4560,24000,959600,40.3,40.3,39.9,40.0,-0.3,24,850
2022-08-04,4560,48048,1913439,39.9,40.05,39.6,39.9,-0.1,38,784
2022-08-05,4560,71000,2836150,39.9,40.2,39.75,40.0,0.1,42,718
2022-08-08,4560,40000,1597400,39.95,40.0,39.8,40.0,0.0,26,776
2022-08-09,4560,37021,1480638,40.05,40.05,39.85,40.05,0.05,12,788
2022-08-10,4560,43000,1713500,40.0,40.0,39.8,39.85,-0.2,20,795
2022-08-11,4560,53001,2114089,39.95,39.95,39.85,39.9,0.05,20,811
2022-08-12,4560,51099,2044828,40.05,40.5,39.85,40.5,0.6,21,793
2022-08-15,4560,42050,1698274,40.5,40.5,40.25,40.4,-0.1,22,830
2022-08-16,4560,48170,1943918,40.5,40.5,40.25,40.4,0.0,18,801
2022-08-17,4560,42001,1693040,40.45,40.45,40.15,40.3,-0.1,32,848
2022-08-18,4560,43000,1731400,40.35,40.35,40.25,40.35,0.05,12,793
2022-08-19,4560,48000,1935200,40.5,40.5,40.25,40.4,0.05,27,809
2022-08-22,4560,50004,2017863,40.4,40.45,40.3,40.4,0.0,18,801
2022-08-23,4560,35001,1411490,40.45,40.45,40.3,40.35,-0.05,13,818
2022-08-24,4560,38000,1532600,40.4,40.4,40.3,40.35,0.0,10,821
2022-08-25,4560,161045,6581339,41.5,41.5,40.65,40.8,0.45,110,641
2022-08-26,4560,51001,2078790,40.9,40.9,40.65,40.85,0.05,24,819
2022-08-29,4560,44002,1789030,40.9,40.9,40.5,40.75,-0.1,29,840
2022-08-30,4560,27000,1096050,40.75,40.75,40.5,40.6,-0.15,16,870
2022-08-31,4560,55000,2242550,40.65,41.0,40.4,41.0,0.4,40,772
2022-09-01,4560,80000,3244800,40.8,40.8,40.35,40.6,-0.4,38,773
2022-09-02,4560,37000,1499100,40.8,40.8,40.45,40.55,-0.05,17,819
2022-09-05,4560,38364,1551591,40.6,40.6,40.25,40.55,0.0,18,825
2022-09-06,4560,23000,932300,40.6,40.7,40.4,40.5,-0.05,14,866
2022-09-07,4560,31001,1250890,40.45,40.55,40.15,40.5,0.0,24,855
2022-09-08,4560,47150,1910660,40.65,40.65,40.45,40.6,0.1,15,758
2022-09-12,4560,46670,1898067,40.75,40.75,40.55,40.7,0.1,26,794
2022-09-13,4560,34005,1382852,40.75,40.75,40.6,40.7,0.0,17,817
2022-09-14,4560,42001,1699290,40.5,40.6,40.35,40.6,-0.1,26,808
2022-09-15,4560,39080,1582997,40.6,40.65,40.35,40.55,-0.05,46,817
2022-09-16,4560,26010,1053471,40.55,40.6,40.4,40.55,0.0,13,842
2022-09-19,4560,34025,1373814,40.55,40.55,40.2,40.45,-0.1,33,826
2022-09-20,4560,42000,1699800,40.5,40.6,40.4,40.6,0.15,24,764
2022-09-21,4560,55000,2227450,40.6,40.6,40.3,40.55,-0.05,20,763
2022-09-22,4560,43499,1757184,40.5,40.5,40.1,40.4,-0.15,19,801
2022-09-23,4560,48000,1931300,40.4,40.4,40.0,40.25,-0.15,35,787
2022-09-26,4560,37000,1477300,40.25,40.25,39.75,39.9,-0.35,18,881
2022-09-27,4560,26000,1032450,39.9,39.9,39.6,39.7,-0.2,21,847
2022-09-28,4560,67001,2641089,39.75,39.8,39.2,39.5,-0.2,39,810
2022-09-29,4560,23046,913267,39.6,39.75,39.4,39.7,0.2,11,857
2022-09-30,4560,38000,1503050,39.55,39.7,39.45,39.7,0.0,33,803
2022-10-03,4560,37000,1461150,39.6,39.6,39.4,39.5,-0.2,28,773
2022-10-04,4560,43415,1719100,39.7,40.0,39.4,40.0,0.5,26,778
2022-10-05,4560,78000,3101950,40.0,40.0,39.5,39.9,-0.1,48,714
2022-10-06,4560,36006,1433338,39.95,39.95,39.75,39.85,-0.05,10,754
2022-10-07,4560,40000,1591900,39.95,39.95,39.65,39.85,0.0,20,751
2022-10-11,4560,45010,1782770,39.85,39.85,39.3,39.65,-0.2,21,812
2022-10-12,4560,43000,1694250,39.6,39.8,39.0,39.8,0.15,34,779
2022-10-13,4560,54002,2127579,39.8,39.8,39.0,39.5,-0.3,48,840
2022-10-14,4560,79004,3105757,39.7,39.75,39.15,39.35,-0.15,51,710
2022-10-17,4560,40000,1561550,39.35,39.4,38.9,39.0,-0.35,35,768
2022-10-18,4560,31000,1210050,39.1,39.4,38.8,39.3,0.3,24,798
2022-10-19,4560,19000,744050,39.3,39.35,39.05,39.2,-0.1,17,844
2022-10-20,4560,45001,1746689,39.3,39.3,38.6,38.9,-0.3,42,754
2022-10-21,4560,77002,2977926,39.25,39.25,38.4,38.8,-0.1,61,661
2022-10-24,4560,42001,1621138,38.8,38.8,38.4,38.7,-0.1,37,761
2022-10-25,4560,74000,2843400,38.85,38.85,38.25,38.4,-0.3,37,691
2022-10-26,4560,25088,961176,38.5,38.5,38.15,38.4,0.0,23,817
2022-10-27,4560,25001,960238,38.55,38.55,38.3,38.45,0.05,21,819
2022-10-28,4560,30000,1151300,38.5,38.5,38.2,38.45,0.0,17,756
2022-10-31,4560,18012,691208,38.5,38.55,38.3,38.45,0.0,16,822
2022-11-01,4560,89016,3414313,38.45,38.95,38.05,38.4,-0.05,63,627
2022-11-02,4560,28000,1072050,38.5,38.5,38.2,38.4,0.0,19,801
2022-11-03,4560,28000,1071600,38.45,38.45,38.25,38.4,0.0,5,780
2022-11-04,4560,31000,1187800,38.35,38.4,38.3,38.35,-0.05,10,789
2022-11-07,4560,34341,1316677,38.6,38.6,38.25,38.3,-0.05,64,809
2022-11-08,4560,90020,3420860,38.1,38.3,37.9,38.1,-0.2,48,692
2022-11-09,4560,66065,2525070,38.2,39.0,37.9,38.3,0.2,56,757
2022-11-10,4560,25000,958800,38.5,38.5,38.25,38.4,0.1,21,814
2022-11-11,4560,100000,3876550,38.7,39.45,38.4,38.7,0.3,60,733
2022-11-14,4560,63000,2442550,38.7,40.0,38.45,38.8,0.1,47,781
2022-11-15,4560,70000,2707050,38.9,39.4,38.45,39.0,0.2,43,759
2022-11-16,4560,105030,4040851,39.0,39.0,38.35,38.4,-0.6,69,714
2022-11-17,4560,46010,1764684,38.4,38.6,38.15,38.4,0.0,37,765
2022-11-18,4560,130000,4947600,38.5,38.5,37.85,38.1,-0.3,81,630
2022-11-21,4560,196000,7531400,38.2,38.7,38.1,38.5,0.4,26,525
2022-11-22,4560,30000,1149550,38.45,38.5,38.15,38.3,-0.2,25,798
2022-11-23,4560,25000,958900,38.5,38.5,38.25,38.5,0.2,19,846
2022-11-24,4560,23100,885975,38.4,38.45,38.25,38.4,-0.1,31,881
2022-11-25,4560,81000,3090900,38.4,38.4,38.0,38.4,0.0,61,711
2022-11-28,4560,23028,880471,38.35,38.4,38.15,38.4,0.0,26,845
2022-11-29,4560,26000,994700,38.35,38.35,38.2,38.3,-0.1,9,843
2022-11-30,4560,48000,1836550,38.5,38.5,38.15,38.4,0.1,30,816
2022-12-01,4560,35001,1338938,38.35,38.35,38.15,38.3,-0.1,32,851
2022-12-02,4560,68012,2601618,38.35,38.4,38.1,38.35,0.05,52,759
2022-12-05,4560,27000,1037100,38.35,38.75,38.3,38.75,0.4,12,874
2022-12-06,4560,28155,1085595,38.3,38.8,38.3,38.8,0.05,29,862
2022-12-07,4560,41001,1579238,38.85,38.85,38.35,38.5,-0.3,36,803
2022-12-08,4560,32025,1231812,38.55,38.6,38.25,38.5,0.0,30,805
2022-12-09,4560,32000,1232350,38.6,38.6,38.4,38.5,0.0,21,814
2022-12-12,4560,29000,1113350,38.5,38.5,38.25,38.4,-0.1,20,822
2022-12-13,4560,26000,995800,38.55,38.55,38.2,38.4,0.0,23,837
2022-12-14,4560,24001,924788,38.5,38.75,38.3,38.7,0.3,21,870
2022-12-15,4560,22000,846100,38.7,38.7,38.4,38.45,-0.25,18,862
2022-12-16,4560,34000,1302550,38.55,38.55,38.2,38.45,0.0,29,846
2022-12-19,4560,20001,770292,38.45,38.6,38.45,38.6,0.15,15,851
2022-12-20,4560,29000,1115550,38.6,38.65,38.3,38.45,-0.15,22,864
2022-12-21,4560,21000,804700,38.55,38.55,38.2,38.4,-0.05,13,848
2022-12-22,4560,31001,1186638,38.6,38.6,38.2,38.35,-0.05,25,792
2022-12-23,4560,42000,1602100,38.45,38.45,37.9,38.35,0.0,34,729
2022-12-26,4560,46000,1757450,38.45,38.45,38.1,38.35,0.0,31,710
2022-12-27,4560,25000,957600,38.4,38.4,38.2,38.35,0.0,14,815
2022-12-28,4560,25000,956850,38.4,38.4,38.2,38.3,-0.05,21,843
2022-12-29,4560,57027,2174683,38.35,38.35,38.0,38.25,-0.05,40,715
2022-12-30,4560,78000,2999400,38.35,38.8,38.2,38.7,0.45,38,637
2023-01-03,4560,21540,827265,38.7,38.7,38.2,38.45,-0.25,24,822
2023-01-04,4560,26002,994824,38.45,38.45,38.15,38.25,-0.2,24,794
2023-01-05,4560,55003,2108313,38.45,38.45,38.2,38.3,0.05,35,739
2023-01-06,4560,32001,1226838,38.35,38.55,38.25,38.55,0.25,20,788
2023-01-09,4560,48000,1850700,38.65,38.75,38.45,38.65,0.1,31,782
2023-01-10,4560,22003,846267,38.55,38.55,38.4,38.55,-0.1,14,836
2023-01-11,4560,38020,1461980,38.5,38.7,38.25,38.65,0.1,31,788
2023-01-12,4560,33002,1271076,38.65,38.65,38.4,38.65,0.0,20,791
2023-01-13,4560,46000,1769400,38.65,38.65,38.35,38.5,-0.15,30,760
2023-01-16,4560,29000,1116400,38.6,38.6,38.4,38.55,0.05,18,808
2023-01-17,4560,25013,962783,38.55,38.6,38.4,38.6,0.05,16,832
2023-01-30,4560,40004,1548454,38.6,39.0,38.6,38.7,0.1,34,831
2023-01-31,4560,23001,887988,38.7,38.7,38.5,38.65,-0.05,17,857
2023-02-01,4560,28101,1085538,38.7,38.7,38.55,38.7,0.05,18,858
2023-02-02,4560,36000,1399700,38.8,39.0,38.65,39.0,0.3,17,845
2023-02-03,4560,31000,1204950,38.9,39.05,38.75,38.95,-0.05,27,838
2023-02-06,4560,34001,1320588,38.95,38.95,38.7,38.9,-0.05,28,822
2023-02-07,4560,33000,1281350,38.9,38.95,38.7,38.9,0.0,27,805
2023-02-08,4560,42002,1633230,39.0,39.0,38.75,39.0,0.1,39,821
2023-02-09,4560,42011,1634985,38.95,39.05,38.8,39.0,0.0,33,801
2023-02-10,4560,81004,3134260,38.75,38.8,38.5,38.7,-0.3,43,746
2023-02-13,4560,38003,1465270,38.7,38.75,38.5,38.6,-0.1,30,829
2023-02-14,4560,23005,885893,38.6,38.6,38.4,38.6,0.0,21,869
2023-02-15,4560,30004,1153103,38.6,38.6,38.35,38.6,0.0,16,852
2023-02-16,4560,41001,1580438,38.6,38.7,38.4,38.7,0.1,28,819
2023-02-17,4560,32001,1235342,38.7,38.7,38.5,38.7,0.0,22,832
2023-02-20,4560,47120,1819740,38.75,38.75,38.55,38.65,-0.05,35,845
2023-02-21,4560,32001,1235288,38.65,38.7,38.45,38.65,0.0,24,871
2023-02-22,4560,27004,1038914,38.6,38.6,38.4,38.5,-0.15,28,880
2023-02-23,4560,65020,2516520,38.5,39.45,38.5,38.75,0.25,35,827
2023-02-24,4560,158125,6149450,38.85,39.4,38.55,39.0,0.25,44,693
2023-03-01,4560,41026,1590441,38.9,38.9,38.65,38.8,-0.2,34,857
2023-03-02,4560,38001,1469938,38.9,38.9,38.6,38.8,0.0,28,842
2023-03-03,4560,53001,2048038,38.85,38.85,38.6,38.7,-0.1,30,820
2023-03-06,4560,171050,6654887,38.95,39.25,38.65,38.85,0.15,70,733
2023-03-07,4560,177000,6891900,38.95,39.35,38.6,39.05,0.2,76,715
2023-03-08,4560,211000,8221750,39.1,39.3,38.7,39.1,0.05,88,672
2023-03-09,4560,136122,5319994,39.2,39.25,38.95,39.15,0.05,91,754
2023-03-10,4560,107028,4184505,39.2,39.2,38.95,39.2,0.05,60,813
2023-03-13,4560,117002,4565280,39.1,39.15,38.85,39.05,-0.15,84,776
2023-03-14,4560,77081,2998339,39.1,39.1,38.8,38.9,-0.15,53,780
2023-03-15,4560,54000,2099600,38.95,38.95,38.8,38.9,0.0,29,817
2023-03-16,4560,36000,1397750,39.0,39.0,38.7,38.9,0.0,20,874
2023-03-17,4560,26001,1012889,39.05,39.1,38.9,39.0,0.1,19,867
2023-03-20,4560,224096,8708567,38.9,39.25,38.6,38.9,-0.1,79,573
2023-03-21,4560,52000,2019750,38.9,39.0,38.7,39.0,0.1,31,815
2023-03-22,4560,33000,1282350,39.05,39.05,38.75,38.95,-0.05,20,867
2023-03-23,4560,128000,5032150,39.0,39.7,38.85,39.45,0.5,42,701
2023-03-24,4560,207541,8158219,39.5,39.6,39.0,39.35,-0.1,91,648
2023-03-27,4560,63002,2464578,39.35,39.35,39.0,39.25,-0.1,43,826
2023-03-28,4560,63001,2465492,39.3,39.3,39.0,39.15,-0.1,34,806
2023-03-29,4560,46077,1806577,39.2,39.35,39.1,39.25,0.1,36,817
2023-03-30,4560,40004,1571710,39.35,39.4,39.2,39.4,0.15,22,840
2023-03-31,4560,68313,2684329,39.45,39.5,39.2,39.3,-0.1,48,788
2023-04-06,4560,37002,1453933,39.45,39.45,39.2,39.35,0.05,28,860
2023-04-07,4560,111000,4366150,39.4,39.4,39.25,39.4,0.05,38,719
2023-04-10,4560,99000,3891050,39.4,39.4,39.15,39.4,0.0,47,755
2023-04-11,4560,62050,2444882,39.4,39.55,39.25,39.35,-0.05,36,835
2023-04-12,4560,162002,6371380,39.45,39.6,39.05,39.35,0.0,57,719
2023-04-13,4560,28529,1123534,39.45,39.5,39.2,39.35,0.0,20,901
2023-04-14,4560,78001,3065789,39.6,39.6,39.2,39.35,0.0,31,822
2023-04-17,4560,65001,2554689,39.45,39.45,39.2,39.4,0.05,38,852
2023-04-18,4560,32000,1257050,39.4,39.4,39.2,39.3,-0.1,19,894
2023-04-19,4560,75180,2948101,39.45,39.45,39.15,39.2,-0.1,50,827
2023-04-20,4560,42000,1649800,39.3,39.35,39.2,39.35,0.15,21,861
2023-04-21,4560,61000,2392550,39.35,39.35,39.1,39.3,-0.05,47,853
2023-04-24,4560,45021,1765811,39.4,39.4,39.15,39.25,-0.05,30,813
2023-04-25,4560,50550,1974802,39.35,39.35,38.8,39.1,-0.15,48,847
2023-04-26,4560,37367,1456564,39.2,39.2,38.8,39.1,0.0,34,836
2023-04-27,4560,34000,1327650,39.25,39.25,38.95,39.1,0.0,14,829
2023-04-28,4560,24010,940640,39.3,39.35,39.05,39.35,0.25,21,881
2023-05-02,4560,42003,1650517,39.4,39.4,39.2,39.35,0.0,21,834
2023-05-03,4560,29000,1138400,39.4,39.4,39.15,39.35,0.0,14,854
2023-05-04,4560,24000,941600,39.35,39.35,39.15,39.25,-0.1,13,878
2023-05-05,4560,39000,1527800,39.3,39.3,39.05,39.25,0.0,18,831
2023-05-08,4560,67000,2625550,39.4,39.4,39.1,39.15,-0.1,34,792
2023-05-09,4560,28181,1102489,39.2,39.3,39.05,39.05,-0.1,28,878
2023-05-10,4560,28000,1093600,39.2,39.2,39.0,39.15,0.1,19,862
2023-05-11,4560,35001,1368288,39.15,39.2,39.0,39.1,-0.05,20,886
2023-05-12,4560,32002,1255776,39.05,39.7,38.9,39.7,0.6,25,853
2023-05-15,4560,138100,5444043,39.6,40.0,39.15,39.7,0.0,47,677
2023-05-16,4560,46021,1822028,39.7,39.7,39.4,39.7,0.0,41,853
2023-05-17,4560,27047,1069449,39.6,39.6,39.45,39.55,-0.15,27,914
2023-05-18,4560,60000,2362000,39.4,39.55,39.15,39.55,0.0,30,830
2023-05-19,4560,41000,1618250,39.5,39.55,39.35,39.55,0.0,28,860
2023-05-22,4560,31027,1222756,39.55,39.55,39.3,39.45,-0.1,16,874
2023-05-23,4560,56001,2221489,39.45,40.0,39.4,39.7,0.25,39,823
2023-05-24,4560,103010,4066296,39.65,39.65,39.4,39.6,-0.1,56,746
2023-05-25,4560,62011,2448233,39.6,39.6,39.4,39.5,-0.1,41,796
2023-05-26,4560,77000,3037700,39.5,39.55,39.4,39.45,-0.05,35,789
2023-05-29,4560,32055,1264215,39.45,39.5,39.4,39.5,0.05,28,863
2023-05-30,4560,29000,1143050,39.45,39.5,39.35,39.45,-0.05,19,863
2023-05-31,4560,54000,2126000,39.45,39.45,39.35,39.4,-0.05,21,819
2023-06-01,4560,17011,669884,39.45,39.5,39.3,39.4,0.0,15,917
2023-06-02,4560,35000,1379000,39.4,39.4,39.4,39.4,0.0,11,893
2023-06-05,4560,26001,1024039,39.45,39.45,39.35,39.4,0.0,16,910
2023-06-06,4560,26000,1023200,39.4,39.45,39.3,39.4,0.0,16,895
2023-06-07,4560,24015,945928,39.5,39.5,39.3,39.45,0.05,17,913
2023-06-08,4560,74003,2913817,39.4,39.5,39.3,39.4,-0.05,42,793
2023-06-09,4560,21000,826350,39.45,39.45,39.3,39.4,0.0,12,929
2023-06-12,4560,33001,1298489,39.4,39.4,39.25,39.4,0.0,17,897
2023-06-13,4560,130000,5091200,39.4,39.4,39.0,39.25,-0.15,61,747
2023-06-14,4560,73010,2849788,39.25,39.25,38.95,39.0,-0.25,43,815
2023-06-15,4560,96000,3750200,39.0,39.4,38.8,39.25,0.25,43,785
2023-06-16,4560,75001,2932139,39.35,39.35,38.95,39.25,0.0,35,837
2023-06-19,4560,30001,1176139,39.35,39.35,39.05,39.3,0.05,19,887
2023-06-20,4560,33000,1295700,39.4,39.5,39.2,39.25,-0.05,19,872
2023-06-21,4560,112000,4389600,39.3,39.45,39.05,39.45,0.2,46,764
2023-06-26,4560,74000,2909500,39.45,39.45,39.2,39.45,0.0,24,809
2023-06-27,4560,40010,1570811,39.4,39.4,39.15,39.3,-0.15,33,877
2023-06-28,4560,30000,1177600,39.4,39.4,39.2,39.3,0.0,12,877
2023-06-29,4560,37000,1452800,39.35,39.35,39.2,39.35,0.05,18,860
2023-06-30,4560,40001,1571939,39.25,39.35,39.2,39.35,0.0,31,851
2023-07-03,4560,41006,1610335,39.35,39.4,39.2,39.3,-0.05,36,877
2023-07-04,4560,59000,2321900,39.35,39.4,39.2,39.35,0.05,28,838
2023-07-05,4560,79000,3083150,39.35,39.35,38.8,39.05,-0.3,69,801
2023-07-06,4560,22000,857400,39.15,39.15,38.8,39.1,0.05,20,927
2023-07-07,4560,58000,2271200,39.1,39.35,38.95,39.3,0.2,39,845
2023-07-10,4560,47009,1836253,39.25,39.25,38.95,39.1,-0.2,38,871
2023-07-11,4560,38001,1484641,39.15,39.15,39.0,39.15,0.05,24,876
2023-07-12,4560,43000,1678900,39.15,39.15,39.0,39.05,-0.1,26,870
2023-07-13,4560,44000,1716400,39.1,39.1,38.95,39.0,-0.05,22,863
2023-07-14,4560,22000,858050,39.1,39.1,38.9,39.0,0.0,8,-1
