date,stock_id,Trading_Volume,Trading_money,open,max,min,close,spread,Trading_turnover,Trading_money_rank
2019-09-17,4571,2753000,243281800,89.0,92.3,85.5,90.0,0.0,1655,91
2019-09-18,4571,1597000,146348800,90.7,97.0,89.4,94.3,4.3,956,147
2019-09-19,4571,806000,74570200,92.8,93.9,91.4,92.0,-2.3,591,190
2019-09-20,4571,617000,56557400,91.7,92.6,90.3,92.4,0.4,397,250
2019-09-23,4571,401000,36732400,92.7,92.8,90.9,91.0,-1.4,240,273
2019-09-24,4571,615000,54521096,91.6,92.1,86.9,87.2,-3.8,485,229
2019-09-25,4571,446259,38267822,87.0,87.3,85.0,85.0,-2.2,334,262
2019-09-26,4571,158000,13610000,85.0,87.1,85.0,85.9,0.9,123,391
2019-09-27,4571,257150,21538070,85.5,85.5,82.2,83.0,-2.9,165,366
2019-10-01,4571,212127,17105399,81.1,82.0,79.7,80.1,-2.9,158,343
2019-10-02,4571,204000,16483100,80.1,82.2,79.8,80.5,0.4,132,324
2019-10-03,4571,205100,16524609,80.0,81.3,80.0,80.2,-0.3,80,326
2019-10-04,4571,192000,15441300,80.7,81.0,80.2,80.3,0.1,84,341
2019-10-07,4571,203100,16294800,80.3,80.5,80.1,80.3,0.0,77,342
2019-10-08,4571,192000,15404700,80.3,80.5,80.0,80.3,0.0,63,371
2019-10-09,4571,215000,17239000,80.4,80.8,80.0,80.2,-0.1,66,370
2019-10-14,4571,160000,12850000,80.2,80.9,80.1,80.3,0.1,62,457
2019-10-15,4571,147000,11775900,80.4,80.4,80.0,80.2,-0.1,39,433
2019-10-16,4571,140000,11200600,80.3,80.3,79.9,80.0,-0.2,48,464
2019-10-17,4571,55000,4399200,80.0,80.1,79.9,80.0,0.0,31,546
2019-10-18,4571,30000,2401700,80.1,80.1,80.0,80.0,0.0,21,642
2019-10-21,4571,145380,12073500,80.2,84.9,80.2,83.5,3.5,111,436
2019-10-22,4571,114400,9552200,83.6,84.8,81.8,81.8,-1.7,94,467
2019-10-23,4571,46720,3779620,81.6,82.8,80.6,81.6,-0.2,44,593
2019-10-24,4571,25060,2027842,81.7,81.7,80.5,80.7,-0.9,22,657
2019-10-25,4571,8000,646200,80.7,81.0,80.7,81.0,0.3,8,794
2019-10-28,4571,22000,1774700,80.7,80.8,80.6,80.7,-0.3,18,680
2019-10-29,4571,58000,4662000,80.8,80.8,80.2,80.5,-0.2,32,569
2019-10-30,4571,42000,3370100,80.2,80.4,80.2,80.4,-0.1,29,578
2019-10-31,4571,67000,5345100,80.1,80.1,79.0,79.5,-0.9,45,530
2019-11-01,4571,18000,1418000,79.0,79.4,78.5,78.7,-0.8,16,685
2019-11-04,4571,60000,4622600,78.6,78.6,76.8,77.0,-1.7,48,582
2019-11-05,4571,28000,2148700,77.1,77.1,76.5,76.9,-0.1,22,678
2019-11-06,4571,134200,10009400,76.7,76.7,73.2,73.9,-3.0,104,458
2019-11-07,4571,159010,11422320,73.4,73.4,71.0,71.5,-2.4,96,435
2019-11-08,4571,76000,5431500,72.0,72.5,71.0,71.5,0.0,73,543
2019-11-11,4571,64000,4495200,71.5,71.5,69.9,70.0,-1.5,42,617
2019-11-12,4571,90275,6454606,70.5,73.5,70.5,72.0,2.0,77,506
2019-11-13,4571,38025,2721705,71.0,72.0,71.0,71.5,-0.5,28,648
2019-11-14,4571,102000,7467600,72.0,74.5,72.0,73.0,1.5,73,516
2019-11-15,4571,34001,2466472,73.2,73.2,72.0,72.3,-0.7,30,656
2019-11-18,4571,43010,3067515,71.4,71.7,71.1,71.3,-1.0,35,631
2019-11-19,4571,64000,4547000,70.8,71.6,70.8,70.9,-0.4,50,557
2019-11-20,4571,33000,2364600,71.3,72.0,71.0,71.9,1.0,21,661
2019-11-21,4571,11000,788800,71.9,71.9,71.3,71.3,-0.6,8,779
2019-11-22,4571,40000,2838300,71.3,71.7,70.1,70.5,-0.8,31,621
2019-11-25,4571,32000,2275000,70.3,71.9,70.0,71.9,1.4,28,669
2019-11-26,4571,20000,1424300,71.9,71.9,70.9,71.1,-0.8,20,734
2019-11-27,4571,14000,994800,71.4,71.4,70.6,71.0,-0.1,14,761
2019-11-28,4571,40000,2846300,71.0,71.6,70.8,70.8,-0.2,34,608
2019-11-29,4571,37100,2617440,70.7,71.3,70.1,70.1,-0.7,32,661
2019-12-02,4571,27000,1894600,70.3,70.7,70.0,70.1,0.0,19,679
2019-12-03,4571,64000,4517300,70.1,71.9,70.0,71.0,0.9,36,520
2019-12-04,4571,14000,985500,70.2,70.8,70.2,70.3,-0.7,14,734
2019-12-05,4571,9000,635400,70.9,70.9,70.4,70.4,0.1,9,793
2019-12-06,4571,23000,1615900,70.4,70.4,70.2,70.4,0.0,19,703
2019-12-09,4571,59099,4144960,70.4,70.4,70.0,70.0,-0.4,32,588
2019-12-10,4571,38049,2664949,70.3,70.3,69.8,69.8,-0.2,23,644
2019-12-11,4571,127000,8752900,69.8,69.8,68.0,68.8,-1.0,88,500
2019-12-12,4571,50000,3445900,68.8,69.6,68.5,68.6,-0.2,32,645
2019-12-13,4571,35000,2412600,68.4,69.7,68.4,68.9,0.3,26,692
2019-12-16,4571,16000,1100600,69.8,69.8,68.5,68.9,0.0,12,782
2019-12-17,4571,19000,1309400,69.0,69.0,68.8,68.8,-0.1,15,778
2019-12-18,4571,19000,1305500,68.7,68.8,68.7,68.8,0.0,17,789
2019-12-19,4571,63000,4311600,68.7,68.7,68.0,68.3,-0.5,26,596
2019-12-20,4571,47005,3210845,68.5,68.6,68.1,68.1,-0.2,29,633
2019-12-23,4571,19000,1294100,68.0,68.2,68.0,68.1,0.0,18,758
2019-12-24,4571,11000,756500,68.5,69.5,68.5,68.5,0.4,11,798
2019-12-25,4571,39000,2709300,69.0,70.0,69.0,69.2,0.7,29,653
2019-12-26,4571,25000,1738300,69.7,70.0,69.2,69.2,0.0,22,712
2019-12-27,4571,12000,826800,68.6,69.4,68.6,69.4,0.2,9,810
2019-12-30,4571,39002,2753352,69.8,71.1,69.8,71.0,1.6,33,681
2019-12-31,4571,29000,2049500,70.8,70.9,70.5,70.5,-0.5,21,714
2020-01-02,4571,28000,1960600,70.2,70.5,69.4,70.0,-0.5,22,742
2020-01-03,4571,22000,1530900,70.0,70.3,69.1,70.3,0.3,16,781
2020-01-06,4571,11000,767100,70.0,70.3,69.4,69.5,-0.8,8,820
2020-01-07,4571,59000,4040500,69.5,69.5,68.0,68.2,-1.3,40,618
2020-01-08,4571,7000,480400,69.0,69.0,68.2,69.0,0.8,6,858
2020-01-09,4571,10000,693000,69.0,69.4,69.0,69.4,0.4,8,812
2020-01-10,4571,19000,1312900,69.4,69.5,69.0,69.0,-0.4,11,752
2020-01-13,4571,12000,835000,69.6,69.7,69.5,69.5,0.5,10,819
2020-01-14,4571,10000,689700,69.0,69.2,68.8,69.1,-0.4,10,814
2020-01-15,4571,32000,2199000,68.9,69.5,68.5,68.6,-0.5,26,661
2020-01-16,4571,21200,1453660,68.5,69.0,68.4,69.0,0.4,19,737
2020-01-17,4571,124000,8439600,68.7,69.0,67.7,68.4,-0.6,80,471
2020-01-20,4571,59100,4078100,69.1,69.2,68.8,68.8,0.4,27,633
2020-01-30,4571,165300,11237050,68.0,68.8,66.9,67.3,-1.5,70,618
2020-01-31,4571,53000,3552900,67.0,67.7,66.7,67.7,0.4,25,682
2020-02-03,4571,55000,3577000,66.0,66.0,64.7,65.0,-2.7,32,716
2020-02-04,4571,13000,855500,64.5,66.8,64.4,66.5,1.5,13,806
2020-02-05,4571,19000,1237400,65.4,66.0,64.9,64.9,-1.6,13,767
2020-02-06,4571,24000,1549400,64.6,65.4,64.4,65.4,0.5,19,755
2020-02-07,4571,15000,965300,64.3,65.0,64.1,64.3,-1.1,15,812
2020-02-10,4571,33000,2109200,64.3,64.3,63.5,64.0,-0.3,21,709
2020-02-11,4571,16000,1025800,63.9,64.7,63.7,64.0,0.0,15,770
2020-02-12,4571,32000,2060300,63.8,64.7,63.8,64.6,0.6,20,694
2020-02-13,4571,30000,1922500,64.3,64.6,63.8,63.8,-0.8,22,709
2020-02-14,4571,7000,447700,63.8,64.4,63.8,63.9,0.1,7,835
2020-02-17,4571,4000,254900,63.5,64.0,63.5,64.0,0.1,4,866
2020-02-18,4571,9000,574800,63.6,64.0,63.6,64.0,0.0,8,813
2020-02-19,4571,20000,1280000,63.6,64.4,63.5,64.0,0.0,17,737
2020-02-20,4571,13000,828600,64.0,64.0,63.6,63.6,-0.4,12,786
2020-02-21,4571,42000,2660400,63.5,63.6,63.2,63.2,-0.4,27,649
2020-02-24,4571,86000,5358300,63.0,63.2,61.7,62.1,-1.1,42,578
2020-02-25,4571,44000,2689300,61.6,61.6,60.9,61.4,-0.7,32,665
2020-02-26,4571,29000,1764700,60.5,61.0,60.5,61.0,-0.4,20,711
2020-02-27,4571,109000,6510000,61.0,61.0,58.6,60.2,-0.8,57,603
2020-03-02,4571,67800,3934380,58.1,58.9,57.6,58.2,-2.0,40,683
2020-03-03,4571,31000,1809400,58.0,59.6,58.0,58.3,0.1,27,710
2020-03-04,4571,29000,1691000,58.1,58.5,58.0,58.3,0.0,21,695
2020-03-05,4571,19050,1109325,58.3,58.5,58.0,58.0,-0.3,15,767
2020-03-06,4571,65122,3699511,58.0,58.0,56.0,57.8,-0.2,58,609
2020-03-09,4571,41000,2333200,57.8,57.8,56.0,57.6,-0.2,31,778
2020-03-10,4571,12000,683200,57.0,57.4,55.1,57.4,-0.2,12,855
2020-03-11,4571,14000,801300,57.6,57.6,56.5,57.5,0.1,11,821
2020-03-12,4571,33000,1822800,55.3,56.6,52.6,56.0,-1.5,13,836
2020-03-13,4571,84000,4276200,52.2,54.3,50.4,54.3,-1.7,57,779
2020-03-16,4571,27000,1353650,54.0,54.0,48.95,48.95,-5.35,23,806
2020-03-17,4571,50050,2274952,44.6,47.4,44.5,46.6,-2.35,41,791
2020-03-18,4571,68155,2949472,45.05,46.3,42.3,42.65,-3.95,64,744
2020-03-19,4571,135020,5345647,42.4,42.4,39.0,39.5,-3.15,61,739
2020-03-20,4571,104000,4459650,41.0,43.45,40.1,43.45,3.95,50,679
2020-03-23,4571,78000,3389900,42.5,44.5,42.5,44.2,0.75,50,629
2020-03-24,4571,18050,841247,45.0,47.4,45.0,46.5,2.3,10,815
2020-03-25,4571,102000,5094600,47.5,51.1,47.5,50.4,3.9,54,637
2020-03-26,4571,66000,3380900,50.8,51.9,50.8,51.2,0.8,47,652
2020-03-27,4571,182200,9386300,51.5,52.0,51.4,51.5,0.3,40,531
2020-03-30,4571,98000,4969500,47.65,51.4,47.65,51.4,-0.1,41,550
2020-03-31,4571,8075,412615,51.0,51.7,51.0,51.7,0.3,5,851
2020-04-01,4571,1014,52430,51.7,51.7,51.7,51.7,0.0,2,908
2020-04-06,4571,6000,304500,51.0,51.0,50.1,51.0,-0.7,6,851
2020-04-07,4571,13000,662200,51.0,51.2,50.5,51.2,0.2,11,827
2020-04-08,4571,26000,1329800,51.5,51.5,51.0,51.2,0.0,14,777
2020-04-09,4571,31000,1581400,51.3,51.3,50.6,51.2,0.0,18,756
2020-04-10,4571,3000,152700,50.9,50.9,50.9,50.9,-0.3,3,894
2020-04-13,4571,59200,3100000,52.2,53.0,52.0,53.0,2.1,41,665
2020-04-14,4571,27000,1420100,53.4,53.4,52.1,52.6,-0.4,20,791
2020-04-15,4571,21000,1099900,52.1,52.8,52.0,52.8,0.2,21,831
2020-04-16,4571,20000,1055700,52.5,53.0,52.5,53.0,0.2,14,813
2020-04-17,4571,113000,5946800,53.1,53.3,52.2,52.8,-0.2,54,640
2020-04-20,4571,39000,2116400,52.8,56.5,52.8,55.8,3.0,33,689
2020-04-21,4571,52000,2815200,54.9,56.9,52.8,55.5,-0.3,44,717
2020-04-22,4571,12050,643510,53.6,53.7,53.0,53.7,-1.8,12,805
2020-04-23,4571,11000,588500,54.3,54.3,53.3,54.0,0.3,8,820
2020-04-24,4571,9000,487700,54.6,54.6,54.0,54.2,0.2,8,820
2020-04-27,4571,31000,1711700,55.0,55.8,54.8,55.7,1.5,29,766
2020-04-28,4571,13000,726000,56.0,56.0,55.6,56.0,0.3,11,813
2020-04-29,4571,61000,3495100,55.9,59.9,55.9,59.8,3.8,49,718
2020-04-30,4571,63014,3795438,60.4,62.2,59.5,59.9,0.1,57,727
2020-05-04,4571,6000,348700,58.0,58.7,57.1,58.5,-1.4,6,864
2020-05-05,4571,15000,866400,57.8,58.3,57.2,58.3,-0.2,15,807
2020-05-06,4571,6000,352800,59.8,59.8,58.4,58.4,0.1,6,867
2020-05-07,4571,16000,949400,60.5,60.5,58.4,59.5,1.1,14,819
2020-05-08,4571,6001,359860,59.5,60.7,59.0,60.2,0.7,7,874
2020-05-11,4571,16000,951600,59.9,60.2,58.7,59.5,-0.7,15,827
2020-05-12,4571,11000,665300,61.3,61.5,59.2,59.7,0.2,10,832
2020-05-13,4571,45000,2756700,59.7,62.9,59.2,62.9,3.2,39,680
2020-05-14,4571,20050,1228685,60.8,62.3,60.8,62.3,-0.6,20,791
2020-05-15,4571,11000,678400,62.4,62.7,60.6,60.6,-1.7,10,832
2020-05-18,4571,35000,2084100,60.6,60.6,58.2,60.6,0.0,27,720
2020-05-19,4571,37000,2209600,59.5,60.9,59.4,60.0,-0.6,30,707
2020-05-20,4571,15000,893700,59.5,60.7,59.2,60.4,0.4,12,808
2020-05-21,4571,11000,661100,60.5,60.5,59.6,60.3,-0.1,10,830
2020-05-22,4571,18000,1070800,60.2,60.2,59.0,59.5,-0.8,18,801
2020-05-25,4571,2000,120100,60.0,60.1,60.0,60.1,0.6,2,896
2020-05-26,4571,45000,2760500,61.0,64.2,58.8,61.2,1.1,38,710
2020-05-27,4571,16200,970940,60.0,60.1,59.7,59.7,-1.5,12,817
2020-05-28,4571,14000,833800,60.0,60.3,59.1,59.1,-0.6,14,826
2020-05-29,4571,10000,590000,58.4,59.9,58.2,58.6,-0.5,10,812
2020-06-01,4571,16000,941100,58.6,59.4,58.6,59.3,0.7,13,816
2020-06-02,4571,3000,178100,59.3,59.7,59.1,59.7,0.4,3,899
2020-06-03,4571,4000,240000,60.0,60.0,60.0,60.0,0.3,4,898
2020-06-04,4571,7000,420000,60.0,60.5,59.5,60.5,0.5,6,877
2020-06-05,4571,17000,1020400,60.0,60.4,60.0,60.4,-0.1,8,825
2020-06-08,4571,30000,1816900,60.8,61.1,60.0,61.1,0.7,23,802
2020-06-09,4571,45250,2708925,60.7,60.7,59.6,59.6,-1.5,37,754
2020-06-10,4571,13003,765278,58.6,59.3,58.6,58.8,-0.8,12,841
2020-06-11,4571,19000,1106900,58.8,58.8,58.0,58.0,-0.8,15,850
2020-06-12,4571,0,0,0.0,0.0,0.0,0.0,0.0,0,926
2020-06-15,4571,21000,1209000,57.7,57.8,57.2,57.2,0.0,12,802
2020-06-16,4571,13000,745700,56.9,58.7,56.8,58.0,0.8,11,847
2020-06-17,4571,12000,699500,58.0,58.7,58.0,58.4,0.4,11,847
2020-06-18,4571,11000,650200,59.5,59.5,58.9,59.4,1.0,11,854
2020-06-19,4571,13000,773300,59.6,59.9,59.1,59.9,0.5,13,855
2020-06-22,4571,16000,960300,59.6,60.4,59.6,60.3,0.4,15,854
2020-06-23,4571,14000,845700,61.0,61.0,60.0,60.4,0.1,14,836
2020-06-24,4571,14000,852800,61.2,61.2,60.7,61.0,0.6,14,828
2020-06-29,4571,15000,912400,61.0,61.0,60.6,61.0,0.0,12,833
2020-06-30,4571,16000,979700,61.4,61.5,61.1,61.5,0.5,15,807
2020-07-01,4571,38000,2330700,61.6,61.6,61.1,61.4,-0.1,18,739
2020-07-02,4571,38000,2334500,61.6,61.6,61.3,61.6,0.2,22,756
2020-07-03,4571,61000,3835800,61.6,65.1,61.6,64.4,2.8,45,720
2020-07-06,4571,143503,9663203,64.6,69.5,64.6,68.5,4.1,99,656
2020-07-07,4571,86100,5799980,68.5,69.5,66.3,68.2,-0.3,51,710
2020-07-08,4571,26000,1760500,68.1,68.3,67.1,67.5,-0.7,21,813
2020-07-09,4571,44300,2988540,67.6,68.7,67.0,67.3,-0.2,31,789
2020-07-10,4571,82060,5517426,67.8,67.8,66.9,67.6,0.3,55,722
2020-07-13,4571,23000,1479400,66.0,66.0,63.2,64.2,0.0,20,829
2020-07-14,4571,13060,828498,63.8,64.0,63.0,63.8,-0.4,13,853
2020-07-15,4571,7000,443000,63.5,63.8,63.0,63.0,-0.8,7,889
2020-07-16,4571,4010,251419,63.0,63.0,62.5,62.5,-0.5,5,906
2020-07-17,4571,12000,731800,62.0,62.0,60.1,60.1,-2.4,11,874
2020-07-20,4571,1000,60000,60.0,60.0,60.0,60.0,-0.1,1,913
2020-07-21,4571,14000,876300,62.9,62.9,62.1,62.3,2.3,14,853
2020-07-22,4571,3040,188756,62.3,62.3,62.0,62.0,-0.3,4,903
2020-07-23,4571,0,0,0.0,0.0,0.0,0.0,0.0,0,927
2020-07-24,4571,6000,362500,60.4,60.6,60.3,60.3,0.0,6,901
2020-07-27,4571,9000,538200,60.2,60.3,59.1,60.0,-0.3,9,876
2020-07-28,4571,25000,1456900,59.2,59.2,57.0,57.7,-2.3,18,822
2020-07-29,4571,4000,235200,59.4,59.5,58.1,58.2,0.5,4,889
2020-07-30,4571,7000,412000,58.6,59.5,58.5,59.4,1.2,7,864
2020-07-31,4571,9266,561266,60.0,60.8,60.0,60.8,1.4,11,838
2020-08-03,4571,9000,538500,60.0,60.7,59.1,60.6,-0.2,9,867
2020-08-04,4571,13000,789000,60.6,60.8,60.6,60.6,0.0,8,832
2020-08-05,4571,2000,120200,60.0,60.2,60.0,60.2,-0.4,2,908
2020-08-06,4571,3000,180600,60.2,60.2,60.2,60.2,0.0,3,902
2020-08-07,4571,10000,599400,60.2,60.2,59.6,60.0,-0.2,7,856
2020-08-10,4571,38388,2318722,60.1,61.0,60.0,60.8,0.8,19,747
2020-08-11,4571,141237,8976641,65.4,65.4,62.4,62.5,1.7,84,569
2020-08-12,4571,16000,993200,62.5,62.5,61.5,62.0,-0.5,7,810
2020-08-13,4571,11000,678900,61.6,62.0,61.0,61.5,-0.5,7,849
2020-08-14,4571,22000,1348300,61.2,61.4,61.2,61.4,-0.1,14,800
2020-08-17,4571,28000,1717300,61.3,62.0,61.0,61.0,-0.4,14,818
2020-08-18,4571,19063,1173043,61.5,61.6,61.5,61.6,0.6,14,818
2020-08-19,4571,16000,979200,61.2,61.5,61.0,61.2,-0.4,15,851
2020-08-20,4571,41000,2467700,60.2,61.5,59.6,61.5,0.3,29,812
2020-08-21,4571,18000,1092600,61.3,61.4,60.5,60.9,-0.6,13,833
2020-08-24,4571,27750,1685425,61.0,61.0,60.6,60.8,-0.1,20,769
2020-08-25,4571,20000,1220200,60.8,61.3,60.8,61.3,0.5,13,810
2020-08-26,4571,23000,1417900,61.1,62.0,61.1,61.8,0.5,14,791
2020-08-27,4571,70553,4461315,63.0,63.5,62.3,63.4,1.6,43,656
2020-08-28,4571,461000,31715100,64.0,69.7,64.0,69.7,6.3,254,392
2020-08-31,4571,768471,58022501,72.9,76.6,72.2,76.6,6.9,516,355
2020-09-01,4571,326196,24138508,77.0,77.0,72.3,73.2,-3.4,272,457
2020-09-02,4571,288000,21616400,73.9,77.2,73.2,73.2,0.0,204,473
2020-09-03,4571,203003,14413608,73.3,73.3,69.6,70.1,-3.1,141,539
2020-09-04,4571,137102,9594016,69.5,71.5,68.6,68.8,-1.3,104,588
2020-09-07,4571,72000,5012000,68.8,70.6,68.5,68.7,-0.1,50,706
2020-09-08,4571,89100,6346139,69.0,73.5,69.0,72.7,4.0,56,633
2020-09-09,4571,61000,4328800,72.7,72.7,70.5,71.0,-1.7,45,674
2020-09-10,4571,93088,6735862,71.1,73.6,71.1,71.6,0.6,59,636
2020-09-11,4571,307101,22713412,74.0,76.5,71.6,72.7,1.1,205,485
2020-09-14,4571,127155,9414470,73.4,75.5,73.0,73.3,0.6,98,566
2020-09-15,4571,68000,4941400,73.3,73.5,72.0,73.3,0.0,39,641
2020-09-16,4571,111000,8236600,73.8,75.5,73.3,73.3,0.0,75,586
2020-09-17,4571,28000,2048800,73.3,73.5,73.0,73.0,-0.3,23,749
2020-09-18,4571,73300,5379170,73.5,73.6,73.1,73.6,0.6,43,667
2020-09-21,4571,32000,2342300,73.6,73.6,72.8,73.1,-0.5,19,780
2020-09-22,4571,41000,2929900,72.5,73.1,70.8,71.0,-2.1,37,734
2020-09-23,4571,29000,2054400,71.2,71.2,70.0,70.0,-1.0,18,787
2020-09-24,4571,70000,4836400,68.4,70.0,67.5,68.6,-1.4,43,749
2020-09-25,4571,49000,3361700,68.6,69.0,68.1,68.1,-0.5,26,742
2020-09-28,4571,9015,614822,68.2,68.5,68.1,68.2,0.1,11,846
2020-09-29,4571,13000,887800,68.5,68.5,68.1,68.4,0.2,9,801
2020-09-30,4571,19000,1308200,69.7,69.7,68.5,69.0,0.6,10,744
2020-10-05,4571,15000,1047500,69.7,70.0,69.7,70.0,1.0,11,768
2020-10-06,4571,25000,1750300,70.0,70.5,69.8,70.0,0.0,16,765
2020-10-07,4571,30000,2126900,71.4,71.4,70.3,71.0,1.0,24,711
2020-10-08,4571,35000,2512900,71.0,72.4,71.0,72.4,1.4,29,714
2020-10-12,4571,31028,2242740,72.7,72.7,72.0,72.2,-0.2,23,731
2020-10-13,4571,44155,3146267,72.0,72.3,70.1,72.0,-0.2,41,671
2020-10-14,4571,40000,2894400,72.5,72.5,72.1,72.1,0.1,28,691
2020-10-15,4571,44150,3171955,72.2,72.2,71.6,71.6,-0.5,22,671
2020-10-16,4571,39000,2775400,71.5,71.6,70.5,70.5,-1.1,26,687
2020-10-19,4571,16000,1130100,70.5,71.6,70.3,70.3,-0.2,14,814
2020-10-20,4571,22000,1548800,70.4,70.4,70.4,70.4,0.1,6,722
2020-10-21,4571,29000,2041500,70.4,70.5,70.3,70.5,0.1,11,721
2020-10-22,4571,18000,1272100,70.5,71.8,70.5,70.6,0.1,11,760
2020-10-23,4571,28000,1984700,70.7,71.0,70.7,71.0,0.4,16,694
2020-10-26,4571,19000,1349700,71.1,71.1,71.0,71.1,0.1,10,781
2020-10-27,4571,12000,843700,70.0,70.7,70.0,70.3,-0.8,11,809
2020-10-28,4571,33000,2303000,70.9,70.9,69.3,69.5,-0.8,25,716
2020-10-29,4571,16000,1104900,69.0,69.8,68.1,69.8,0.3,13,790
2020-10-30,4571,25000,1726800,69.5,69.5,68.7,68.7,-1.1,14,737
2020-11-02,4571,3005,205847,68.0,69.5,68.0,69.5,0.8,4,891
2020-11-03,4571,4000,280600,69.6,70.4,69.6,70.4,0.9,4,891
2020-11-04,4571,9000,634900,70.4,70.8,70.0,70.0,-0.4,7,833
2020-11-05,4571,10000,702600,70.1,70.9,70.1,70.1,0.1,8,807
2020-11-06,4571,22400,1572240,70.2,70.2,70.2,70.2,0.1,14,751
2020-11-09,4571,50000,3551000,71.5,71.5,71.0,71.0,0.8,18,692
2020-11-10,4571,58000,4154100,71.5,71.8,71.2,71.2,0.2,31,699
2020-11-11,4571,142000,10219800,72.0,72.2,71.6,72.1,0.9,75,611
2020-11-12,4571,75000,5423100,72.5,72.6,72.0,72.0,-0.1,43,652
2020-11-13,4571,26000,1868900,72.6,72.6,71.3,71.9,-0.1,19,746
2020-11-16,4571,93000,6484400,71.7,71.7,69.2,70.0,-1.9,66,642
2020-11-17,4571,32000,2210300,69.2,69.5,68.8,69.5,-0.5,24,778
2020-11-18,4571,131000,9094500,69.7,69.8,69.1,69.5,0.0,33,589
2020-11-19,4571,62000,4312700,69.5,69.8,69.3,69.8,0.3,20,672
2020-11-20,4571,53001,3673969,69.4,69.4,69.2,69.3,-0.5,15,701
2020-11-23,4571,29000,2013700,69.4,69.9,69.2,69.8,0.5,23,817
2020-11-24,4571,19000,1325400,69.8,70.0,69.5,69.7,-0.1,16,820
2020-11-25,4571,72000,5076600,70.2,72.4,69.7,72.4,2.7,39,701
2020-11-26,4571,35000,2503100,72.3,72.4,70.9,71.0,-1.4,28,788
2020-11-27,4571,463050,34250300,71.0,75.4,71.0,74.0,3.0,293,442
2020-11-30,4571,89000,6595800,74.5,75.1,73.3,73.4,-0.6,71,718
2020-12-01,4571,75000,5477900,72.9,73.6,72.5,72.5,-0.9,54,714
2020-12-02,4571,84000,6069200,72.6,72.9,72.0,72.0,-0.5,42,702
2020-12-03,4571,25000,1801300,72.0,72.5,71.4,71.5,-0.5,21,822
2020-12-04,4571,30000,2154500,71.5,72.0,71.5,71.9,0.4,25,820
2020-12-07,4571,101000,7187500,72.0,72.4,70.1,70.8,-1.1,44,682
2020-12-08,4571,69000,4786500,71.5,71.7,69.0,69.4,-1.4,53,725
2020-12-09,4571,25000,1757800,69.9,70.9,69.8,70.8,1.4,21,838
2020-12-10,4571,180010,13241821,75.4,75.4,72.9,72.9,2.1,117,590
2020-12-11,4571,234050,17090250,74.4,74.4,71.7,72.3,-0.6,87,571
2020-12-14,4571,101000,7449100,73.0,74.5,72.9,73.5,1.2,65,617
2020-12-15,4571,49000,3590100,73.6,73.6,72.8,73.2,-0.3,39,747
2020-12-16,4571,187300,14105249,73.2,77.1,72.7,75.5,2.3,127,566
2020-12-17,4571,84000,6317200,75.5,75.6,74.4,75.6,0.1,56,646
2020-12-18,4571,35000,2625900,75.7,75.7,74.8,75.0,-0.6,31,768
2020-12-21,4571,45000,3341800,75.0,75.0,73.6,74.0,-1.0,34,762
2020-12-22,4571,61101,4460772,73.3,73.5,72.2,72.2,-1.8,49,738
2020-12-23,4571,12000,874000,73.2,73.2,72.6,72.6,0.4,11,866
2020-12-24,4571,22000,1588800,71.7,72.5,71.7,72.5,-0.1,19,814
2020-12-25,4571,41050,2965210,72.6,72.8,71.8,71.9,-0.6,28,762
2020-12-28,4571,29000,2074500,72.0,72.0,71.2,71.7,-0.2,22,848
2020-12-29,4571,28005,2007259,71.7,72.0,71.5,71.9,0.2,21,830
2020-12-30,4571,33000,2373700,71.9,72.1,71.8,71.8,-0.1,21,810
2020-12-31,4571,127000,9305200,72.0,74.7,71.9,72.9,1.1,116,648
2021-01-04,4571,77030,5725786,73.5,74.7,73.5,74.7,1.8,60,731
2021-01-05,4571,389811,31545681,75.9,82.1,75.8,82.1,7.4,274,490
2021-01-06,4571,578349,48047986,84.5,87.9,79.0,79.6,-2.5,458,484
2021-01-07,4571,182000,15118200,79.6,84.5,79.6,83.4,3.8,152,584
2021-01-08,4571,551500,49519775,90.0,91.7,85.5,91.7,8.3,385,420
2021-01-11,4571,406038,35913207,93.0,93.0,85.0,88.0,-3.7,312,459
2021-01-12,4571,686085,61846469,87.0,94.0,86.0,90.0,2.0,486,411
2021-01-13,4571,588155,54990902,90.1,95.6,90.0,92.4,2.4,446,396
2021-01-14,4571,467000,43749900,92.9,96.7,91.0,92.4,0.0,318,407
2021-01-15,4571,283100,25446540,93.0,94.3,86.2,88.2,-4.2,217,534
2021-01-18,4571,600283,56554990,88.2,97.0,87.0,96.0,7.8,411,379
2021-01-19,4571,323039,29678960,93.6,94.9,90.3,90.6,-5.4,247,435
2021-01-20,4571,279000,24019000,90.6,92.0,82.7,83.4,-7.2,186,560
2021-01-21,4571,159041,13572187,83.6,88.0,83.6,85.3,1.9,122,561
2021-01-22,4571,92000,7861900,86.1,87.1,84.3,86.4,1.1,79,630
2021-01-25,4571,80541,6919439,86.4,88.0,85.0,85.3,-1.1,73,634
2021-01-26,4571,65405,5540683,85.3,85.5,84.0,85.5,0.2,58,653
2021-01-27,4571,265135,23859970,86.0,91.7,86.0,90.9,5.4,208,431
2021-01-28,4571,83001,7416090,90.3,90.3,88.0,89.5,-1.4,78,598
2021-01-29,4571,54011,4823669,91.0,91.0,88.0,88.1,-1.4,50,718
2021-02-01,4571,259052,23926982,88.2,94.5,88.1,91.1,3.0,199,434
2021-02-02,4571,145000,13488400,92.4,95.6,90.6,91.1,0.0,128,500
2021-02-03,4571,86048,7920116,91.3,93.0,91.3,91.7,0.6,71,552
2021-02-04,4571,145095,13571720,91.7,94.5,91.7,93.5,1.8,125,471
2021-02-05,4571,55174,5102623,93.0,93.0,91.9,93.0,-0.5,52,649
2021-02-17,4571,458139,45331262,97.5,101.5,94.0,98.4,5.4,302,408
2021-02-18,4571,137145,13309086,97.4,98.2,96.2,97.0,-1.4,115,584
2021-02-19,4571,652759,68531176,97.6,106.5,97.6,102.5,5.5,408,358
2021-02-22,4571,267363,27047573,102.5,103.5,99.4,102.5,0.0,226,525
2021-02-23,4571,488824,52842703,103.0,112.5,101.0,112.5,10.0,337,429
2021-02-24,4571,1052006,129676182,123.0,123.5,119.0,123.5,11.0,544,299
2021-02-25,4571,3068591,403653578,123.5,135.5,119.0,135.5,12.0,1545,138
2021-02-26,4571,462360,68891640,149.0,149.0,149.0,149.0,13.5,225,368
2021-03-02,4571,481150,78668025,163.5,163.5,163.5,163.5,14.5,95,362
2021-03-03,4571,1853819,313235951,163.0,179.5,159.5,179.5,16.0,1272,160
2021-03-04,4571,1963584,365307863,181.0,195.0,179.0,188.0,8.5,1547,141
2021-03-05,4571,1453366,259812578,180.0,193.0,170.0,170.0,-18.0,1205,156
2021-03-08,4571,479979,81990269,176.0,176.0,165.5,165.5,-4.5,386,343
2021-03-09,4571,402278,67900384,170.0,173.0,165.5,171.5,6.0,298,365
2021-03-10,4571,262727,45579852,177.0,177.0,171.5,172.0,0.5,228,388
2021-03-11,4571,347927,59923549,171.0,173.5,171.0,173.0,1.0,290,390
2021-03-12,4571,736503,131911177,174.5,184.5,174.5,184.5,11.5,614,254
2021-03-15,4571,606144,115906278,184.5,196.0,184.5,187.0,2.5,428,283
2021-03-16,4571,447856,82728538,189.5,189.5,180.5,188.0,1.0,327,350
2021-03-17,4571,457384,88219348,193.0,196.0,188.0,196.0,8.0,350,347
2021-03-18,4571,386034,77028411,200.0,203.0,196.5,200.0,4.0,362,362
2021-03-19,4571,577559,112023129,198.0,200.0,190.0,195.0,-5.0,465,320
2021-03-22,4571,1886952,335618681,190.5,190.5,175.5,175.5,-19.5,1439,161
2021-03-23,4571,1277240,209335827,170.5,177.0,158.0,158.0,-17.5,996,243
2021-03-24,4571,1536795,234227658,156.0,162.5,145.5,152.5,-5.5,1338,188
2021-03-25,4571,774873,122586339,155.0,163.5,153.0,159.5,7.0,720,298
2021-03-26,4571,751732,120501889,159.5,164.0,154.5,163.0,3.5,658,283
2021-03-29,4571,612567,97392680,161.0,163.0,156.0,156.0,-7.0,568,342
2021-03-30,4571,884366,144695890,155.5,170.5,155.0,160.0,4.0,783,277
2021-03-31,4571,659529,105348557,162.5,164.5,156.0,159.0,-1.0,581,335
2021-04-01,4571,854186,133642433,162.5,162.5,153.5,155.0,-4.0,731,299
2021-04-06,4571,412972,64864441,155.5,160.5,154.0,154.0,-1.0,351,444
2021-04-07,4571,274388,42389443,156.0,157.0,153.5,154.5,0.5,229,511
2021-04-08,4571,373833,57558731,156.0,156.0,152.5,153.0,-1.5,319,497
2021-04-09,4571,1303968,211647881,154.5,168.0,154.5,168.0,15.0,954,293
2021-04-12,4571,1333183,212219188,171.0,171.0,153.0,153.0,-15.0,1073,311
2021-04-13,4571,429717,65088477,156.0,156.0,149.0,149.0,-4.0,385,505
2021-04-14,4571,420351,61287123,149.0,154.0,138.0,148.5,-0.5,369,506
2021-04-15,4571,198389,30164971,151.5,155.0,149.0,150.5,2.0,188,535
2021-04-16,4571,166060,24989555,150.5,152.0,149.0,149.0,-1.5,133,602
2021-04-19,4571,120572,18166698,149.5,152.0,149.5,152.0,3.0,116,722
2021-04-20,4571,249198,36788757,151.0,151.0,146.0,146.0,-6.0,170,589
2021-04-21,4571,216532,31052523,146.0,148.0,141.0,144.0,-2.0,198,593
2021-04-22,4571,213628,30146903,144.0,144.5,139.0,139.0,-5.0,170,691
2021-04-23,4571,315471,43128057,139.0,139.5,134.5,136.5,-2.5,287,519
2021-04-26,4571,187845,27166985,138.0,148.5,138.0,145.0,8.5,170,621
2021-04-27,4571,93150,13333313,147.5,147.5,141.0,142.5,-2.5,92,711
2021-04-28,4571,129031,18461417,143.0,145.0,141.0,143.5,1.0,85,678
2021-04-29,4571,129228,18478032,142.5,144.5,141.5,143.0,-0.5,80,676
2021-05-03,4571,175450,24313975,142.0,143.0,136.0,136.0,-7.0,136,677
2021-05-04,4571,368685,47317789,138.5,138.5,122.5,125.5,-10.5,268,601
2021-05-05,4571,207818,27680385,125.5,138.0,125.5,134.0,8.5,206,557
2021-05-06,4571,119103,16115616,136.0,140.0,131.0,131.0,-3.0,201,641
2021-05-07,4571,210764,29160157,131.0,143.5,131.0,138.0,7.0,150,525
2021-05-10,4571,126059,17483043,139.0,140.5,136.0,139.5,1.5,83,621
2021-05-11,4571,167812,22285604,138.0,138.0,130.0,133.0,-6.5,186,682
2021-05-12,4571,267132,32775313,127.5,132.0,120.0,120.0,-13.0,205,677
2021-05-13,4571,223944,27775881,120.0,128.0,117.0,124.0,4.0,173,609
2021-05-14,4571,257711,33390442,128.0,132.5,127.0,129.0,5.0,221,535
2021-05-17,4571,181160,21919882,117.0,125.5,117.0,120.0,-9.0,142,658
2021-05-18,4571,142753,18111253,124.5,129.5,122.0,126.5,6.5,122,626
2021-05-19,4571,126100,16117050,126.5,130.5,126.0,126.5,0.0,96,582
2021-05-20,4571,117000,14893500,126.0,128.5,125.5,128.0,1.5,70,562
2021-05-21,4571,109001,14206129,132.5,132.5,129.5,130.0,2.0,71,568
2021-05-24,4571,93001,12232632,130.0,134.5,130.0,131.0,1.0,78,586
2021-05-25,4571,95300,12635000,132.5,134.0,132.0,134.0,3.0,75,622
2021-05-26,4571,94115,12440002,133.0,134.0,130.5,133.5,-0.5,75,563
2021-05-27,4571,79101,10485179,131.5,133.5,131.0,133.5,0.0,49,587
2021-05-28,4571,297006,41632321,135.0,144.5,135.0,136.0,2.5,216,429
2021-05-31,4571,142208,20269970,141.0,145.5,139.5,142.0,6.0,124,546
2021-06-01,4571,84049,11879401,144.0,144.0,139.5,139.5,-2.5,80,612
2021-06-02,4571,90070,12482175,141.0,141.0,135.5,137.0,-2.5,71,622
2021-06-03,4571,82010,11253375,136.0,138.5,135.0,137.5,0.5,55,603
2021-06-04,4571,85000,11726500,136.5,138.5,136.5,138.0,0.5,63,600
2021-06-07,4571,80135,10929995,139.5,139.5,133.5,137.0,-1.0,59,620
2021-06-08,4571,81258,11141519,136.0,138.0,136.0,137.5,0.5,51,545
2021-06-09,4571,154351,21163920,137.5,140.5,135.0,137.5,0.0,133,483
2021-06-10,4571,76049,10212066,135.0,135.0,133.5,134.0,0.0,60,602
2021-06-11,4571,80000,10691000,134.0,134.0,133.0,133.0,-1.0,53,600
2021-06-15,4571,66100,8810949,133.5,134.0,132.5,133.5,0.5,49,639
2021-06-16,4571,49229,6453079,133.5,133.5,130.0,130.0,-3.5,54,687
2021-06-17,4571,56000,7191000,130.0,131.5,126.0,131.5,1.5,52,646
2021-06-18,4571,79358,10245959,129.0,131.0,128.0,128.5,-3.0,78,627
2021-06-21,4571,67210,8549034,128.5,128.5,126.5,126.5,-2.0,49,688
2021-06-22,4571,127487,16495244,127.5,133.0,127.0,128.5,2.0,82,552
2021-06-23,4571,81186,10498697,129.0,130.5,128.5,130.0,1.5,61,622
2021-06-24,4571,70206,9208281,131.0,131.5,130.0,131.5,1.5,51,662
2021-06-25,4571,56025,7381875,131.5,133.0,131.0,132.5,1.0,35,700
2021-06-28,4571,46031,5995092,130.0,131.0,130.0,131.0,-1.5,41,734
2021-06-29,4571,62151,7964427,130.0,130.0,126.5,128.5,-2.5,49,695
2021-06-30,4571,81394,10446592,128.5,129.5,126.5,126.5,-2.0,65,654
2021-07-01,4571,99638,12512830,129.5,129.5,123.0,125.0,-1.5,112,645
2021-07-02,4571,51025,6346100,124.5,125.0,123.5,125.0,0.0,43,715
2021-07-05,4571,80021,9906080,127.5,127.5,123.0,125.0,0.0,68,676
2021-07-06,4571,63820,7941089,124.5,125.5,123.0,125.5,0.5,61,687
2021-07-07,4571,51278,6470528,126.0,127.5,125.5,126.0,0.5,43,724
2021-07-08,4571,55600,7001000,126.5,126.5,125.5,126.0,0.0,40,700
2021-07-09,4571,201844,26725943,127.0,138.5,125.5,132.5,6.5,189,519
2021-07-12,4571,213404,29323870,132.5,139.5,132.5,138.5,6.0,204,525
2021-07-13,4571,121497,16419366,142.0,142.0,131.0,132.0,-6.5,116,648
2021-07-14,4571,53104,6981531,131.0,132.5,129.5,132.0,0.0,49,711
2021-07-15,4571,60300,7956375,132.0,132.5,131.5,132.0,0.0,47,662
2021-07-16,4571,60152,7959011,132.5,134.0,131.0,132.5,0.5,49,667
2021-07-19,4571,57012,7513567,132.5,133.0,131.0,132.0,-0.5,41,687
2021-07-20,4571,52000,6885000,131.5,134.5,131.0,132.0,0.0,37,701
2021-07-21,4571,64200,8460200,131.0,132.5,131.0,132.0,0.0,41,709
2021-07-22,4571,73061,9593021,132.0,132.0,129.5,130.5,-1.5,55,658
2021-07-23,4571,66308,8731794,130.5,133.0,130.5,131.5,1.0,44,671
2021-07-26,4571,132522,17061669,132.0,132.5,124.0,124.0,-7.5,110,576
2021-07-27,4571,67599,8484276,124.5,127.0,124.0,124.0,0.0,63,678
2021-07-28,4571,216010,27489305,124.0,134.5,114.0,130.5,6.5,188,519
2021-07-29,4571,151120,20230580,133.5,136.5,130.5,130.5,0.0,109,495
2021-07-30,4571,43118,5660840,130.5,133.0,130.5,131.0,0.5,34,687
2021-08-02,4571,206351,27900035,131.5,140.0,131.5,135.0,4.0,159,453
2021-08-03,4571,79128,10520160,137.0,137.0,131.5,132.0,-3.0,67,568
2021-08-04,4571,61001,8081135,132.0,134.0,132.0,132.5,0.5,43,626
2021-08-05,4571,62080,8236140,133.0,133.0,132.0,132.0,-0.5,37,626
2021-08-06,4571,48333,6392622,132.0,133.0,131.5,132.5,0.5,32,661
2021-08-09,4571,160258,21980492,140.0,140.0,134.0,134.5,2.0,143,502
2021-08-10,4571,65170,8694060,134.5,135.5,132.0,134.0,-0.5,55,646
2021-08-11,4571,89175,11865400,134.5,136.5,128.5,132.0,-2.0,73,630
2021-08-12,4571,47160,6253249,132.5,134.5,131.0,132.5,0.5,32,641
2021-08-13,4571,57000,7514500,130.5,133.0,130.5,131.5,-1.0,44,664
2021-08-16,4571,70200,9226000,129.0,133.0,129.0,131.5,0.0,47,660
2021-08-17,4571,72000,9395500,130.0,131.5,129.0,129.0,-2.5,53,607
2021-08-18,4571,47000,6081500,129.5,130.0,129.0,129.5,0.5,35,680
2021-08-19,4571,44012,5675036,129.5,129.5,128.0,128.5,-1.0,37,682
2021-08-20,4571,42000,5376000,128.0,128.5,127.0,128.0,-0.5,26,667
2021-08-23,4571,53003,6914396,128.5,132.0,128.5,130.5,2.5,34,616
2021-08-24,4571,38000,4951000,129.5,130.5,129.5,130.5,0.0,27,645
2021-08-25,4571,34000,4439500,129.5,131.0,129.5,130.0,-0.5,27,672
2021-08-26,4571,70000,9068000,131.0,131.0,127.5,130.5,0.5,50,572
2021-08-27,4571,65000,8481500,130.0,131.0,129.0,130.5,0.0,32,563
2021-08-30,4571,133070,17523300,131.5,136.0,129.0,129.0,-1.5,120,459
2021-08-31,4571,33000,4250500,130.0,130.0,128.0,128.5,-0.5,24,662
2021-09-01,4571,55200,6996500,128.0,128.5,126.0,126.0,-2.5,55,631
2021-09-02,4571,120411,14915354,124.0,126.0,122.0,122.0,-4.0,97,509
2021-09-03,4571,51350,6207665,122.0,122.5,119.0,120.0,-2.0,50,633
2021-09-06,4571,62000,7392500,118.5,120.0,118.5,118.5,-1.5,53,613
2021-09-07,4571,39100,4612300,117.5,119.0,117.0,118.0,-0.5,32,655
2021-09-08,4571,74003,8464354,117.0,117.0,112.0,114.0,-4.0,67,603
2021-09-09,4571,136002,16347742,118.5,125.0,117.0,117.0,3.0,120,438
2021-09-10,4571,34000,4004000,118.0,119.5,115.0,117.0,0.0,30,656
2021-09-13,4571,53015,6074255,116.0,117.0,113.0,114.5,-2.5,50,620
2021-09-14,4571,28000,3197000,114.5,115.0,113.5,113.5,-1.0,28,694
2021-09-15,4571,91020,10096765,113.0,113.0,110.0,111.0,-2.5,61,550
2021-09-16,4571,88123,9815776,112.0,112.5,110.5,110.5,-0.5,65,530
2021-09-17,4571,74020,8351760,110.5,115.0,110.5,114.0,3.5,58,578
2021-09-22,4571,19011,2110214,110.5,111.5,110.5,111.0,-3.0,21,807
2021-09-23,4571,50000,5540000,111.0,112.0,110.0,110.0,-1.0,42,605
2021-09-24,4571,35000,3848000,112.0,112.0,109.5,109.5,-0.5,28,671
2021-09-27,4571,31000,3392500,109.5,110.5,109.0,110.0,0.5,27,727
2021-09-28,4571,21000,2287500,109.5,109.5,108.5,108.5,-1.5,19,749
2021-09-29,4571,27018,2874953,107.0,107.0,106.0,106.5,-2.0,26,775
2021-09-30,4571,18000,1920500,106.0,107.0,106.0,107.0,0.5,14,786
2021-10-01,4571,61000,6443000,106.0,107.5,104.0,104.5,-2.5,58,697
2021-10-04,4571,75000,7663400,105.0,106.0,97.9,100.5,-4.0,63,650
2021-10-05,4571,22222,2253660,99.0,103.5,98.8,103.0,2.5,24,788
2021-10-06,4571,13000,1313000,101.5,101.5,100.5,100.5,-2.5,13,807
2021-10-07,4571,27000,2759000,100.5,103.0,100.5,102.0,1.5,25,745
2021-10-08,4571,16000,1629000,101.5,102.5,101.0,101.0,-1.0,15,773
2021-10-12,4571,68036,6654528,97.5,98.9,97.1,97.5,-3.5,59,621
2021-10-13,4571,33006,3216633,97.3,97.5,97.2,97.4,-0.1,26,707
2021-10-14,4571,22006,2141588,97.0,97.8,97.0,97.2,-0.2,20,742
2021-10-15,4571,61000,5928400,97.1,97.6,97.0,97.2,0.0,39,600
2021-10-18,4571,14000,1347600,97.2,97.2,96.0,96.0,-1.2,14,810
2021-10-19,4571,50000,4816500,96.2,96.5,96.0,96.3,0.3,44,661
2021-10-20,4571,40000,3783500,96.3,96.3,94.0,94.3,-2.0,39,663
2021-10-21,4571,48208,4486286,94.0,94.0,92.0,92.7,-1.6,48,671
2021-10-22,4571,88030,8088581,92.0,92.4,91.0,92.0,-0.7,65,580
2021-10-25,4571,83000,7689500,93.2,93.5,91.8,93.1,1.1,72,560
2021-10-26,4571,189000,18421900,94.3,101.5,94.0,96.9,3.8,171,499
2021-10-27,4571,97000,9276200,96.2,96.7,94.4,95.5,-1.4,90,569
2021-10-28,4571,67000,6343900,96.0,96.3,93.8,94.6,-0.9,53,625
2021-10-29,4571,100000,9419600,93.2,94.9,93.2,93.4,-1.2,70,575
2021-11-01,4571,46000,4342300,94.8,95.0,93.7,95.0,1.6,43,703
2021-11-02,4571,53000,5014200,95.0,96.0,93.6,93.8,0.0,41,690
2021-11-03,4571,15000,1420100,93.9,95.0,93.9,95.0,1.2,14,819
2021-11-04,4571,143058,14415295,97.6,103.5,97.2,101.5,6.5,126,531
2021-11-05,4571,73000,7356100,100.5,101.5,99.0,101.5,0.0,61,624
2021-11-08,4571,46095,4567457,98.2,100.0,97.2,100.0,-1.5,45,705
2021-11-09,4571,33102,3321800,101.5,101.5,99.5,99.5,-0.5,32,745
2021-11-10,4571,18000,1799800,99.8,101.0,99.5,99.7,0.2,15,819
2021-11-11,4571,16000,1593000,99.7,100.5,98.8,98.8,-0.9,16,841
2021-11-12,4571,46044,4490607,98.3,98.3,97.0,97.5,-1.3,40,720
2021-11-15,4571,54679,5380062,98.3,99.2,98.0,98.1,0.6,53,720
2021-11-16,4571,44218,4340814,99.0,99.0,97.6,98.5,0.4,41,742
2021-11-17,4571,57733,5683168,98.9,98.9,97.9,98.6,0.1,56,707
2021-11-18,4571,34627,3394775,98.6,98.6,97.7,97.9,-0.7,45,779
2021-11-19,4571,34198,3350884,97.7,98.2,97.7,98.0,0.1,33,761
2021-11-22,4571,32200,3140635,97.9,98.0,97.0,97.5,-0.5,34,757
2021-11-23,4571,35100,3416800,97.5,98.0,97.0,97.8,0.3,33,757
2021-11-24,4571,37006,3616388,97.7,97.9,97.3,97.8,0.0,34,716
2021-11-25,4571,66375,6456250,97.8,97.8,97.0,97.0,-0.8,54,644
2021-11-26,4571,77000,7385600,97.0,97.0,95.0,96.0,-1.0,65,688
2021-11-29,4571,395176,35755026,91.2,92.5,88.2,90.1,-5.9,367,426
2021-11-30,4571,153753,13834374,90.0,90.5,89.5,89.6,-0.5,152,544
2021-12-01,4571,561873,54126149,90.0,98.5,89.8,98.5,8.9,427,347
2021-12-02,4571,663489,69071147,97.3,107.5,97.3,103.0,4.5,567,332
2021-12-03,4571,268180,28122062,105.0,107.0,103.0,104.0,1.0,188,414
2021-12-06,4571,87636,9026405,105.0,105.5,101.5,103.0,-1.0,94,565
2021-12-07,4571,93536,9600792,103.0,103.5,102.0,103.0,0.0,66,590
2021-12-08,4571,71264,7381831,103.5,104.0,103.0,104.0,1.0,66,653
2021-12-09,4571,99617,10346706,104.0,104.5,103.0,103.5,-0.5,101,591
2021-12-10,4571,79646,8185510,103.5,104.0,101.0,101.0,-2.5,138,609
2021-12-13,4571,86672,8935240,102.5,104.5,102.0,103.0,2.0,85,633
2021-12-14,4571,130820,13160763,102.5,102.5,99.9,99.9,-3.1,105,580
2021-12-15,4571,67081,6736976,99.8,100.5,99.7,100.5,0.6,44,618
2021-12-16,4571,68570,6865489,100.5,101.0,99.6,99.9,-0.6,47,637
2021-12-17,4571,75168,7523160,99.9,100.5,99.8,100.0,0.1,54,624
2021-12-20,4571,54000,5397900,100.0,101.0,99.6,99.7,-0.3,38,639
2021-12-21,4571,71335,7156015,99.3,101.5,99.3,100.5,0.8,55,589
2021-12-22,4571,64985,6528721,100.0,101.0,100.0,100.0,-0.5,67,615
2021-12-23,4571,78125,7822207,100.0,100.5,99.6,100.5,0.5,47,605
2021-12-24,4571,68001,6802400,100.5,100.5,99.7,100.0,-0.5,39,625
2021-12-27,4571,65000,6494000,100.0,100.5,98.1,100.0,0.0,43,662
2021-12-28,4571,54159,5415900,100.0,100.0,100.0,100.0,0.0,38,689
2021-12-29,4571,27473,2746500,100.0,100.0,99.7,100.0,0.0,32,793
2021-12-30,4571,21492,2153200,100.5,101.0,99.7,99.7,-0.3,26,816
2022-01-03,4571,34364,3449400,100.0,101.0,100.0,100.5,0.8,31,772
2022-01-04,4571,30270,3028379,101.0,101.0,99.8,99.8,-0.7,30,771
2022-01-05,4571,28672,2847218,99.7,100.0,98.4,98.7,-1.1,28,782
2022-01-06,4571,21148,2099833,99.8,99.8,98.6,98.6,-0.1,15,808
2022-01-07,4571,46523,4518681,99.8,99.8,96.1,97.4,-1.2,47,748
2022-01-10,4571,19000,1859900,97.4,98.2,97.4,98.0,0.6,19,809
2022-01-11,4571,58448,5590998,98.0,98.0,93.0,95.1,-2.9,113,706
2022-01-12,4571,61325,5758497,95.2,95.2,93.0,93.4,-1.7,54,671
2022-01-13,4571,60849,5734994,93.5,95.2,93.5,93.8,0.4,50,649
2022-01-14,4571,23510,2166877,93.8,93.8,91.4,92.5,-1.3,38,806
2022-01-17,4571,37385,3461993,92.5,92.8,92.5,92.7,0.2,36,705
2022-01-18,4571,43002,4026385,93.0,94.0,92.7,93.8,1.1,37,687
2022-01-19,4571,33017,3092106,93.4,94.0,93.0,93.6,-0.2,22,720
2022-01-20,4571,38000,3554000,92.2,94.6,92.2,93.7,0.1,19,679
2022-01-21,4571,52788,4929268,93.0,93.7,92.9,92.9,-0.8,81,702
2022-01-24,4571,56173,5136720,91.2,92.7,90.2,91.9,-1.0,94,683
2022-01-25,4571,187000,16746300,91.3,92.3,88.0,89.8,-2.1,129,515
2022-01-26,4571,38168,3419368,90.0,90.0,88.5,90.0,0.2,34,703
2022-02-07,4571,34000,3101800,91.4,92.0,90.7,92.0,2.0,27,733
2022-02-08,4571,37000,3437700,91.5,93.5,91.5,93.5,1.5,28,712
2022-02-09,4571,25130,2366411,93.8,94.8,93.2,94.8,1.3,25,782
2022-02-10,4571,143720,14358499,95.0,104.0,95.0,99.6,4.8,117,509
2022-02-11,4571,67081,6698531,100.0,101.5,99.0,99.1,-0.5,65,620
2022-02-14,4571,34000,3331700,98.1,98.1,97.8,98.0,-1.1,23,735
2022-02-15,4571,26000,2558300,97.1,99.2,97.1,99.0,1.0,24,754
2022-02-16,4571,17020,1698896,100.0,100.0,99.2,99.5,0.5,21,814
2022-02-17,4571,33011,3272194,99.5,99.5,98.7,99.1,-0.4,28,726
2022-02-18,4571,54303,5298517,95.6,99.4,95.6,99.3,0.2,50,650
2022-02-21,4571,145413,14755600,99.7,103.5,99.7,101.5,2.2,93,514
2022-02-22,4571,54563,5323679,100.0,100.5,96.6,98.1,-3.4,42,698
2022-02-23,4571,22784,2237549,98.1,98.5,98.1,98.1,0.0,27,738
2022-02-24,4571,67278,6494834,98.4,98.4,95.0,95.0,-3.1,36,708
2022-02-25,4571,27118,2625965,96.9,98.0,96.5,96.5,1.5,23,764
2022-03-01,4571,72022,7160169,97.0,100.0,97.0,100.0,3.5,53,601
2022-03-02,4571,11005,1090098,99.0,99.5,99.0,99.0,-1.0,8,832
2022-03-03,4571,30000,2967200,99.0,100.0,98.5,98.7,-0.3,12,727
2022-03-04,4571,13105,1286300,99.5,99.5,97.5,97.9,-0.8,13,830
2022-03-07,4571,39000,3709200,97.0,97.0,94.0,94.3,-3.6,27,785
2022-03-08,4571,73914,6788557,94.3,94.3,90.0,91.4,-2.9,59,702
2022-03-09,4571,59490,5402379,90.0,91.8,90.0,90.5,-0.9,49,651
2022-03-10,4571,63152,5762161,91.8,92.3,90.1,91.3,0.8,53,647
2022-03-11,4571,48550,4396850,91.3,91.3,90.0,90.1,-1.2,93,643
2022-03-14,4571,9000,811000,90.2,90.2,90.1,90.1,0.0,8,851
2022-03-15,4571,45000,4016600,89.0,90.0,88.0,89.8,-0.3,34,699
2022-03-16,4571,37009,3305073,89.6,89.8,88.9,89.8,0.0,38,719
2022-03-17,4571,18250,1657400,91.2,91.3,90.2,91.2,1.4,18,832
2022-03-18,4571,24003,2192176,92.3,92.3,91.0,91.3,0.1,17,740
2022-03-21,4571,23070,2101170,91.3,91.3,90.8,91.2,-0.1,19,766
2022-03-22,4571,23080,2108860,92.5,92.5,90.7,91.2,0.0,22,752
2022-03-23,4571,74564,6764021,90.8,91.8,90.1,90.6,-0.6,67,644
2022-03-24,4571,23323,2118243,90.8,91.0,90.6,90.6,0.0,24,765
2022-03-25,4571,22072,1994072,90.6,90.6,90.1,90.6,0.0,20,792
2022-03-28,4571,23000,2077100,90.1,91.0,90.0,90.3,-0.3,14,789
2022-03-29,4571,20247,1831403,90.5,90.8,89.8,90.7,0.4,20,785
2022-03-30,4571,29168,2629636,90.7,90.7,89.6,90.4,-0.3,26,769
2022-03-31,4571,87543,7982081,90.5,92.0,90.2,91.5,1.1,77,579
2022-04-01,4571,19050,1719609,90.4,90.5,90.2,90.5,-1.0,12,794
2022-04-06,4571,22079,1991509,90.4,90.5,89.9,90.3,-0.2,24,789
2022-04-07,4571,38918,3496449,90.3,90.3,89.6,89.9,-0.4,36,767
2022-04-08,4571,21137,1900430,89.6,90.0,89.6,90.0,0.1,42,793
2022-04-11,4571,50440,4526080,90.0,90.2,89.0,89.8,-0.2,34,742
2022-04-12,4571,33504,3000772,89.6,89.9,89.0,89.4,-0.4,27,735
2022-04-13,4571,41020,3675982,89.9,90.2,87.6,90.0,0.6,35,738
2022-04-14,4571,23000,2061900,89.0,90.2,88.0,90.2,0.2,17,770
2022-04-15,4571,22000,1977900,90.0,90.1,89.1,90.0,-0.2,19,779
2022-04-18,4571,21200,1904600,90.0,90.0,88.6,90.0,0.0,19,800
2022-04-19,4571,24000,2159200,90.0,90.1,89.4,89.4,-0.6,15,753
2022-04-20,4571,22000,1968900,89.5,89.5,89.4,89.5,0.1,20,790
2022-04-21,4571,21224,1894706,88.8,89.6,88.5,89.6,0.1,19,774
2022-04-22,4571,20390,1814985,88.6,89.6,88.4,89.5,-0.1,24,785
2022-04-25,4571,27426,2423329,88.5,89.2,88.0,88.0,-1.5,36,807
2022-04-26,4571,28035,2477501,88.2,88.7,88.0,88.0,0.0,21,740
2022-04-27,4571,30564,2673585,87.6,88.0,86.8,87.1,-0.9,32,810
2022-04-28,4571,23723,2076025,87.1,88.0,87.1,87.5,0.4,19,760
2022-04-29,4571,29440,2574555,87.0,87.7,87.0,87.5,0.0,32,716
2022-05-03,4571,21122,1847575,87.5,87.8,87.1,87.6,0.1,19,761
2022-05-04,4571,5000,439600,88.0,88.0,87.8,87.8,0.2,5,879
2022-05-05,4571,20000,1757300,87.8,87.9,87.7,87.9,0.1,14,768
2022-05-06,4571,48112,4191066,87.0,87.9,86.8,86.8,-1.1,33,667
2022-05-09,4571,16506,1413979,86.8,86.8,84.7,84.8,-2.0,137,851
2022-05-10,4571,23201,1957044,84.8,84.8,83.5,84.4,-0.4,21,790
2022-05-11,4571,21043,1787355,85.4,85.4,84.5,84.9,0.5,16,784
2022-05-12,4571,19000,1610900,84.8,84.9,84.5,84.8,-0.1,13,855
2022-05-13,4571,18360,1559648,84.8,85.5,84.7,85.0,0.2,14,819
2022-05-16,4571,19000,1609000,84.6,85.0,84.4,85.0,0.0,12,803
2022-05-17,4571,18000,1534200,85.0,85.5,84.2,85.5,0.5,13,802
2022-05-18,4571,29405,2493450,85.5,85.5,84.4,84.4,-1.1,26,778
2022-05-19,4571,17000,1432100,84.3,84.5,83.5,84.0,-0.4,10,790
2022-05-20,4571,26000,2182000,84.0,84.1,83.1,84.1,0.1,24,734
2022-05-23,4571,44000,3678200,83.1,84.8,83.1,84.8,0.7,31,648
2022-05-24,4571,23000,1937000,84.8,84.8,84.0,84.5,-0.3,20,749
2022-05-25,4571,34000,2862600,84.6,84.6,83.8,83.9,-0.6,20,687
2022-05-26,4571,22040,1852560,83.5,84.4,83.5,83.9,0.0,15,757
2022-05-27,4571,39106,3263410,83.9,84.0,83.0,83.3,-0.6,39,664
2022-05-30,4571,20078,1680613,83.5,84.2,83.5,83.7,0.4,16,810
2022-05-31,4571,20000,1675700,83.7,83.8,83.7,83.8,0.1,9,760
2022-06-01,4571,31620,2645163,83.8,83.8,83.5,83.8,0.0,25,759
2022-06-02,4571,31002,2623276,83.8,85.0,83.8,84.6,0.8,24,714
2022-06-06,4571,21010,1787749,85.3,85.4,84.7,84.7,0.1,15,780
2022-06-07,4571,21064,1790679,85.0,85.1,85.0,85.0,0.3,17,781
2022-06-08,4571,56000,4758700,85.1,85.5,84.7,84.7,-0.3,31,638
2022-06-09,4571,28496,2307463,80.4,81.4,80.4,81.0,0.0,40,731
2022-06-10,4571,16000,1299500,81.0,81.5,80.9,81.4,0.4,12,815
2022-06-13,4571,32152,2552316,79.6,80.1,78.8,78.9,-2.5,27,802
2022-06-14,4571,26004,2049446,77.7,79.0,77.7,78.9,0.0,19,809
2022-06-15,4571,22086,1755978,78.9,80.0,78.9,80.0,1.1,20,834
2022-06-16,4571,19000,1531500,80.8,81.0,80.0,80.5,0.5,16,835
2022-06-17,4571,20050,1595024,80.4,80.4,78.9,80.0,-0.5,19,834
2022-06-20,4571,23010,1813405,80.0,80.0,78.0,78.0,-2.0,21,834
2022-06-21,4571,15252,1200732,78.0,79.3,78.0,79.3,1.3,14,871
2022-06-22,4571,34000,2675400,80.0,80.0,77.9,78.5,-0.8,17,759
2022-06-23,4571,16010,1247880,77.2,78.2,77.2,78.2,-0.3,14,868
2022-06-24,4571,16000,1261700,78.9,79.0,78.7,78.7,0.5,12,847
2022-06-27,4571,19210,1518122,78.5,79.5,78.3,79.1,0.4,17,844
2022-06-28,4571,12000,947300,79.4,79.4,77.3,79.1,0.0,8,818
2022-06-29,4571,12020,948680,79.1,79.1,78.0,79.0,-0.1,13,818
2022-06-30,4571,17101,1324278,78.5,78.5,77.2,77.2,-1.8,40,851
2022-07-01,4571,32000,2441100,77.1,77.1,75.5,75.5,-1.7,26,834
2022-07-04,4571,14084,1054397,72.3,76.9,72.3,73.9,-1.6,16,866
2022-07-05,4571,13001,966374,75.7,75.7,73.9,74.0,0.1,13,858
2022-07-06,4571,12000,887200,74.0,74.0,73.8,73.9,-0.1,9,868
2022-07-07,4571,12000,889300,73.9,74.3,73.9,74.3,0.4,10,853
2022-07-08,4571,12102,901099,74.3,75.0,74.0,74.4,0.1,9,850
2022-07-11,4571,13023,970719,74.0,74.8,74.0,74.6,0.2,17,828
2022-07-12,4571,15120,1124860,74.6,74.6,74.0,74.2,-0.4,19,865
2022-07-13,4571,23000,1723200,74.2,75.5,74.2,75.0,0.8,20,787
2022-07-14,4571,14504,1086792,75.0,75.0,75.0,75.0,0.0,13,799
2022-07-15,4571,16000,1204400,75.0,75.4,75.0,75.4,0.4,15,807
2022-07-18,4571,16000,1205100,75.8,75.8,74.6,75.4,0.0,12,823
2022-07-19,4571,12000,904700,75.4,75.4,75.3,75.4,0.0,12,822
2022-07-20,4571,20000,1510200,76.0,76.0,75.0,75.5,0.1,14,837
2022-07-21,4571,25084,1895984,75.5,75.8,75.5,75.6,0.1,21,740
2022-07-22,4571,21136,1599797,75.8,75.8,75.6,75.7,0.1,28,771
2022-07-25,4571,18000,1361900,75.7,75.7,75.6,75.7,0.0,13,769
2022-07-26,4571,26000,1956100,75.7,75.7,75.0,75.5,-0.2,15,744
2022-07-27,4571,12150,916710,75.5,75.5,75.2,75.5,0.0,12,802
2022-07-28,4571,21001,1585576,76.0,76.0,74.9,75.6,0.1,17,778
2022-07-29,4571,21023,1586631,75.6,75.6,75.1,75.6,0.0,14,762
2022-08-01,4571,20001,1525677,75.9,76.6,75.9,76.5,0.9,16,780
2022-08-02,4571,23000,1750200,75.1,76.6,75.1,76.6,0.1,20,785
2022-08-03,4571,17001,1304976,77.0,77.0,76.1,76.7,0.1,13,811
2022-08-04,4571,17000,1299700,76.7,76.7,76.3,76.3,-0.4,11,820
2022-08-05,4571,21000,1602800,76.3,76.5,76.2,76.5,0.2,18,802
2022-08-08,4571,19000,1454100,76.4,76.6,76.4,76.6,0.1,17,784
2022-08-09,4571,16000,1208000,75.3,75.9,75.3,75.4,-1.2,11,813
2022-08-10,4571,14167,1067891,75.4,75.6,75.0,75.6,0.2,13,853
2022-08-11,4571,16001,1210075,75.5,75.7,75.5,75.6,0.0,14,860
2022-08-12,4571,13000,988100,76.0,76.1,76.0,76.0,0.4,9,868
2022-08-15,4571,19478,1514966,76.0,78.0,76.0,77.9,1.9,16,843
2022-08-16,4571,17020,1326329,78.0,78.1,77.6,78.0,0.1,19,839
2022-08-17,4571,17040,1330120,78.0,79.9,77.2,77.8,-0.2,17,870
2022-08-18,4571,16128,1273756,79.3,79.3,78.9,79.0,1.2,14,819
2022-08-19,4571,20000,1581400,79.0,79.5,79.0,79.0,0.0,18,831
2022-08-22,4571,15000,1179700,77.6,79.0,77.6,78.6,-0.4,9,847
2022-08-23,4571,22000,1720900,78.6,78.6,77.8,78.0,-0.6,14,804
2022-08-24,4571,18000,1422800,79.4,79.4,78.9,78.9,0.9,12,831
2022-08-25,4571,18452,1458645,79.9,80.7,78.5,78.9,0.0,20,834
2022-08-26,4571,14013,1104533,79.6,79.6,77.8,78.9,0.0,13,880
2022-08-29,4571,19168,1472868,76.7,78.5,76.3,77.0,-1.9,17,860
2022-08-30,4571,27154,2107856,77.5,78.1,77.3,77.8,0.8,29,774
2022-08-31,4571,11101,861007,78.5,78.5,76.9,77.5,-0.3,11,874
2022-09-01,4571,26246,2000983,76.3,76.8,76.1,76.6,-0.9,40,834
2022-09-02,4571,16050,1227025,76.7,76.7,76.1,76.6,0.0,26,838
2022-09-05,4571,22018,1673777,76.8,76.8,75.7,76.1,-0.5,22,815
2022-09-06,4571,13018,990668,76.4,76.4,75.8,76.1,0.0,15,861
2022-09-07,4571,14539,1102404,76.2,76.2,75.0,75.7,-0.4,46,867
2022-09-08,4571,14000,1054600,74.6,76.0,74.6,75.8,0.1,13,818
2022-09-12,4571,16000,1200200,75.0,75.4,74.8,75.3,-0.5,13,848
2022-09-13,4571,10000,762300,76.5,76.5,76.0,76.2,0.9,7,878
2022-09-14,4571,13000,987400,76.0,76.0,75.9,76.0,-0.2,10,854
2022-09-15,4571,36000,2704400,75.2,75.3,75.1,75.2,-0.8,23,738
2022-09-16,4571,13000,970600,74.2,75.0,74.2,74.9,-0.3,10,853
2022-09-19,4571,15336,1140131,74.5,74.9,74.1,74.9,0.0,17,853
2022-09-20,4571,14000,1042500,74.4,74.8,74.3,74.8,-0.1,13,836
2022-09-21,4571,8082,600634,74.8,74.8,74.1,74.5,-0.3,9,900
2022-09-22,4571,26004,1914898,74.1,74.5,73.1,73.9,-0.6,27,792
2022-09-23,4571,10100,745779,74.7,74.7,73.2,74.2,0.3,12,879
2022-09-26,4571,14090,1028106,73.0,73.7,72.4,72.9,-1.3,15,902
2022-09-27,4571,11000,795200,71.8,72.8,71.8,72.4,-0.5,8,864
2022-09-28,4571,26100,1861839,72.4,72.4,70.3,72.0,-0.4,22,852
2022-09-29,4571,10004,727386,73.1,73.1,72.6,72.6,0.6,10,882
2022-09-30,4571,8000,576200,72.2,72.2,72.0,72.0,-0.6,4,881
2022-10-03,4571,2000,143700,72.0,72.0,71.7,71.7,-0.3,2,940
2022-10-04,4571,76241,5548168,73.2,73.2,72.1,72.9,1.2,19,595
2022-10-05,4571,20002,1458044,72.6,73.0,72.6,72.8,-0.1,17,820
2022-10-06,4571,7000,507600,72.8,72.8,72.0,72.6,-0.2,6,856
2022-10-07,4571,18001,1288872,70.9,72.6,70.9,71.8,-0.8,13,774
2022-10-11,4571,10000,704600,71.7,71.7,69.6,69.6,-2.2,7,890
2022-10-12,4571,15000,1046800,71.8,71.8,68.8,68.8,-0.8,14,827
2022-10-13,4571,38200,2572763,68.6,70.1,65.6,66.8,-2.0,38,813
2022-10-14,4571,32015,2147106,66.9,68.0,66.6,66.9,0.1,25,765
2022-10-17,4571,18104,1184164,66.8,66.8,65.0,65.5,-1.4,17,795
2022-10-18,4571,15000,994000,67.0,67.0,65.5,66.3,0.8,11,820
2022-10-19,4571,5000,334000,66.8,66.8,66.8,66.8,0.5,5,909
2022-10-20,4571,10100,664473,67.0,67.0,65.4,66.1,-0.7,37,859
2022-10-21,4571,12016,792360,65.0,66.2,65.0,66.1,0.0,12,809
2022-10-24,4571,10001,666266,66.1,67.0,65.7,66.6,0.5,9,860
2022-10-25,4571,17100,1147388,67.1,67.2,67.0,67.1,0.5,19,819
2022-10-26,4571,15000,992500,67.8,67.8,65.5,66.5,-0.6,14,814
2022-10-27,4571,21504,1415870,64.2,69.5,64.2,68.3,1.8,21,772
2022-10-28,4571,12000,819700,68.0,68.4,68.0,68.4,0.1,11,796
2022-10-31,4571,24756,1650781,68.5,68.5,65.5,68.4,0.0,24,704
2022-11-01,4571,9100,624450,68.0,69.0,68.0,68.4,0.0,9,850
2022-11-02,4571,8000,551800,68.9,69.0,68.9,69.0,0.6,6,862
2022-11-03,4571,8000,548800,68.8,68.8,68.0,68.8,-0.2,6,847
2022-11-04,4571,10000,688000,69.0,69.0,68.5,69.0,0.2,9,844
2022-11-07,4571,23003,1611410,69.8,70.4,69.8,70.3,1.3,23,787
2022-11-08,4571,23000,1634800,70.9,71.2,70.9,71.2,0.9,19,791
2022-11-09,4571,16050,1141675,71.2,71.4,70.9,71.4,0.2,16,845
2022-11-10,4571,32479,2263411,70.1,72.5,68.7,68.7,-2.7,27,724
2022-11-11,4571,31073,2150558,69.0,69.6,68.8,69.5,0.8,20,799
2022-11-14,4571,20050,1377965,69.9,69.9,68.1,69.5,0.0,20,842
2022-11-15,4571,32050,2202640,69.5,69.5,68.5,69.0,-0.5,22,790
2022-11-16,4571,37159,2540516,69.0,72.0,67.8,68.0,-1.0,34,779
2022-11-17,4571,32089,2248426,69.5,71.0,69.1,70.0,2.0,27,740
2022-11-18,4571,19049,1346041,70.9,71.9,70.2,70.7,0.7,22,809
2022-11-21,4571,13008,938065,71.5,75.2,71.3,71.3,0.6,14,812
2022-11-22,4571,18003,1295415,72.7,72.7,71.6,72.0,0.7,18,786
2022-11-23,4571,15000,1083300,72.3,72.3,72.0,72.3,0.3,13,832
2022-11-24,4571,17000,1250100,73.7,73.7,73.5,73.5,1.2,16,844
2022-11-25,4571,13000,954600,73.9,73.9,73.0,73.5,0.0,11,852
2022-11-28,4571,17000,1247400,74.0,74.0,73.0,73.5,0.0,12,813
2022-11-29,4571,14066,1035452,73.8,73.8,73.5,73.8,0.3,25,834
2022-11-30,4571,19000,1417100,74.7,74.8,74.4,74.8,1.0,18,844
2022-12-01,4571,13000,983000,74.9,77.0,74.9,76.0,1.2,12,878
2022-12-02,4571,17000,1283800,76.6,76.7,74.8,75.5,-0.5,17,844
2022-12-05,4571,17000,1294300,77.3,77.4,75.2,76.3,0.8,16,855
2022-12-06,4571,8005,604877,76.5,76.5,75.2,75.6,-0.7,9,905
2022-12-07,4571,11000,830800,76.0,76.0,75.1,75.6,0.0,11,870
2022-12-08,4571,11000,827300,75.5,75.7,74.8,75.2,-0.4,11,850
2022-12-09,4571,12001,903875,75.1,75.7,75.0,75.3,0.1,12,844
2022-12-12,4571,12002,906850,75.1,75.8,75.1,75.5,0.2,12,844
2022-12-13,4571,9000,678100,75.5,75.5,75.2,75.3,-0.2,8,874
2022-12-14,4571,11001,831075,75.6,76.1,75.1,75.4,0.1,10,880
2022-12-15,4571,10073,761011,75.8,75.8,75.4,75.5,0.1,26,871
2022-12-16,4571,9100,683400,75.4,75.4,74.8,75.0,-0.5,34,901
2022-12-19,4571,14030,1035120,74.1,74.5,73.2,74.0,-1.0,22,820
2022-12-20,4571,12000,884100,74.0,74.7,73.0,74.0,0.0,11,887
2022-12-21,4571,9000,666800,74.6,74.6,73.2,74.3,0.3,8,871
2022-12-22,4571,9000,664800,74.5,74.5,73.4,73.9,-0.4,9,840
2022-12-23,4571,9000,662400,72.3,73.9,72.3,73.8,-0.1,7,844
2022-12-26,4571,6000,442100,73.8,73.8,73.4,73.4,-0.4,5,879
2022-12-27,4571,7043,515547,73.0,73.4,73.0,73.1,-0.3,8,872
2022-12-28,4571,10063,728992,73.4,73.4,72.1,73.1,0.0,24,859
2022-12-29,4571,4100,295000,72.0,72.0,71.8,71.8,-1.3,29,905
2022-12-30,4571,34510,2424493,72.0,72.0,69.0,70.2,-1.6,161,669
2023-01-03,4571,7164,502358,70.1,70.4,69.5,70.4,0.2,11,868
2023-01-04,4571,6008,422263,70.2,70.3,70.2,70.3,-0.1,7,870
2023-01-05,4571,17479,1219686,69.7,70.0,69.5,69.8,-0.5,19,803
2023-01-06,4571,7028,491560,69.8,70.0,69.8,70.0,0.2,7,879
2023-01-09,4571,37375,2606536,70.4,70.4,69.1,69.4,-0.6,38,742
2023-01-10,4571,8118,566860,70.1,70.2,69.1,70.1,0.7,12,875
2023-01-11,4571,29381,2050253,70.9,72.3,69.1,70.0,-0.1,30,744
2023-01-12,4571,9050,629100,70.0,70.0,69.2,69.6,-0.4,12,861
2023-01-13,4571,11000,768100,70.1,70.1,69.3,69.7,0.1,7,856
2023-01-16,4571,6429,446316,69.5,69.5,69.4,69.4,-0.3,16,902
2023-01-17,4571,8007,565297,70.1,70.9,70.1,70.5,1.1,9,879
2023-01-30,4571,16000,1136400,70.6,71.8,70.6,71.4,0.9,13,866
2023-01-31,4571,12475,892256,70.7,72.0,70.7,71.5,0.1,16,856
2023-02-01,4571,7020,505240,72.2,72.2,71.5,72.0,0.5,7,920
2023-02-02,4571,18518,1362291,72.6,74.4,72.6,73.8,1.8,25,848
2023-02-03,4571,6010,443838,74.4,74.4,73.6,73.9,0.1,7,917
2023-02-06,4571,7000,511300,73.5,73.5,72.5,73.5,-0.4,7,902
2023-02-07,4571,5085,375271,73.9,73.9,73.6,73.6,0.1,8,909
2023-02-08,4571,10084,750712,74.5,74.6,74.0,74.4,0.8,12,889
2023-02-09,4571,15061,1137112,75.0,76.0,75.0,75.2,0.8,18,838
2023-02-10,4571,20059,1491589,75.0,75.0,73.3,74.4,-0.8,18,833
2023-02-13,4571,7010,521645,74.9,74.9,73.6,74.5,0.1,8,913
2023-02-14,4571,22000,1642400,74.9,75.0,74.0,74.3,-0.2,20,804
2023-02-15,4571,47070,3429396,74.6,74.6,72.6,72.8,-1.5,30,729
2023-02-16,4571,16550,1207204,73.0,73.2,72.8,73.2,0.4,24,850
2023-02-17,4571,5020,366370,73.2,73.2,72.8,72.8,-0.4,6,925
2023-02-20,4571,3001,220677,73.6,73.6,73.5,73.5,0.7,4,952
2023-02-21,4571,14019,1030496,73.5,73.6,73.4,73.5,0.0,15,879
2023-02-22,4571,9004,661592,73.5,73.5,73.3,73.3,-0.2,11,912
2023-02-23,4571,12050,885463,73.3,73.8,73.3,73.6,0.3,14,909
2023-02-24,4571,48100,3529200,74.4,74.4,72.1,72.6,-1.0,60,775
2023-03-01,4571,15202,1100745,72.6,72.6,72.0,72.5,-0.1,74,880
2023-03-02,4571,15040,1089000,72.6,72.6,72.3,72.6,0.1,21,860
2023-03-03,4571,12004,875788,73.1,73.2,72.6,73.2,0.6,14,890
2023-03-06,4571,15000,1100300,73.4,73.5,73.3,73.3,0.1,11,902
2023-03-07,4571,35000,2596100,73.7,74.6,73.7,74.4,1.1,30,839
2023-03-08,4571,8020,594605,72.8,75.4,72.8,74.0,-0.4,17,924
2023-03-09,4571,15002,1112150,74.4,74.5,74.0,74.0,0.0,15,898
2023-03-10,4571,20121,1473715,73.4,73.6,73.1,73.2,-0.8,26,895
2023-03-13,4571,9242,667702,72.2,73.2,71.8,72.7,-0.5,13,925
2023-03-14,4571,7025,512240,73.9,73.9,72.6,72.6,-0.1,7,923
2023-03-15,4571,32080,2357740,73.8,74.0,72.3,73.3,0.7,26,800
2023-03-16,4571,13000,941400,73.0,73.0,72.3,72.6,-0.7,13,899
2023-03-17,4571,5010,367632,73.7,73.7,73.3,73.3,0.7,6,937
2023-03-20,4571,5000,367600,73.6,73.6,73.4,73.4,0.1,5,929
2023-03-21,4571,15020,1101170,73.5,73.5,73.2,73.2,-0.2,16,876
2023-03-22,4571,16024,1177772,73.8,73.8,73.4,73.5,0.3,19,879
2023-03-23,4571,15000,1108200,73.9,74.1,73.8,73.9,0.4,13,878
2023-03-24,4571,64027,4788804,74.1,75.3,74.0,75.0,1.1,53,728
2023-03-27,4571,222323,17418469,76.5,81.5,75.9,79.8,4.8,274,519
2023-03-28,4571,120153,9593446,80.0,81.8,78.5,78.9,-0.9,269,624
2023-03-29,4571,56119,4372687,79.6,79.6,77.3,77.3,-1.6,51,695
2023-03-30,4571,20130,1574575,78.4,78.4,77.5,78.3,1.0,20,839
2023-03-31,4571,36020,2818759,79.6,79.6,77.8,78.4,0.1,26,776
2023-04-06,4571,19000,1489800,78.4,79.4,78.2,78.4,0.0,12,859
2023-04-07,4571,22000,1722500,78.6,78.6,77.8,78.5,0.1,19,838
2023-04-10,4571,23221,1819926,78.5,78.9,78.1,78.3,-0.2,32,847
2023-04-11,4571,19120,1503633,78.8,79.1,78.3,79.1,0.8,19,875
2023-04-12,4571,25000,1978100,79.0,79.3,78.9,79.2,0.1,18,865
2023-04-13,4571,29000,2303700,80.0,80.0,79.2,79.3,0.1,23,846
2023-04-14,4571,16285,1299009,80.0,80.0,79.5,79.8,0.5,21,897
2023-04-17,4571,60489,4874098,80.0,81.4,79.8,80.8,1.0,61,774
2023-04-18,4571,28000,2273500,81.4,81.5,80.9,81.2,0.4,20,841
2023-04-19,4571,28600,2331260,81.4,81.8,81.2,81.5,0.3,26,854
2023-04-20,4571,33000,2685300,81.6,81.7,81.2,81.2,-0.3,23,820
2023-04-21,4571,45000,3605800,81.7,81.7,76.5,78.5,-2.7,34,809
2023-04-24,4571,21075,1659799,79.6,79.6,78.3,79.0,0.5,26,822
2023-04-25,4571,17000,1342200,80.2,80.2,78.5,79.0,0.0,15,881
2023-04-26,4571,16000,1267700,79.3,79.3,78.8,79.3,0.3,14,847
2023-04-27,4571,12000,953700,79.8,79.8,79.0,79.6,0.3,12,858
2023-04-28,4571,14000,1123700,80.4,80.4,79.8,80.3,0.7,12,870
2023-05-02,4571,14000,1127300,80.9,80.9,80.4,80.4,0.1,10,870
2023-05-03,4571,15005,1207502,80.9,80.9,80.3,80.5,0.1,15,849
2023-05-04,4571,21000,1687200,80.7,80.7,80.2,80.6,0.1,14,824
2023-05-05,4571,29000,2344900,80.8,81.1,80.5,81.1,0.5,23,787
2023-05-08,4571,31110,2530070,81.1,81.5,81.1,81.4,0.3,26,798
2023-05-09,4571,30030,2440339,81.6,81.7,81.0,81.4,0.0,33,808
2023-05-10,4571,15096,1231053,82.1,82.1,81.4,81.4,0.0,16,850
2023-05-11,4571,27052,2196458,81.6,81.6,81.0,81.0,-0.4,16,851
2023-05-12,4571,18000,1451100,81.2,81.2,80.4,80.5,-0.5,16,836
2023-05-15,4571,28084,2242720,80.1,80.5,79.5,79.5,-1.0,21,811
2023-05-16,4571,52050,4148280,80.8,80.8,78.8,79.6,0.1,34,730
2023-05-17,4571,18100,1439950,79.8,79.8,79.2,79.7,0.1,17,890
2023-05-18,4571,31020,2465686,80.2,80.2,79.2,79.6,-0.1,20,825
2023-05-19,4571,63000,4945700,79.5,79.7,77.7,78.4,-1.2,47,703
2023-05-22,4571,18000,1412600,78.8,78.8,78.3,78.6,0.2,16,858
2023-05-23,4571,32000,2536800,78.9,79.6,78.8,79.4,0.8,30,813
2023-05-24,4571,14132,1121320,79.4,79.5,79.0,79.5,0.1,20,885
2023-05-25,4571,29050,2290500,79.5,79.5,78.5,79.0,-0.5,23,806
2023-05-26,4571,45000,3510600,79.0,79.0,77.7,78.1,-0.9,32,767
2023-05-29,4571,7006,548171,78.5,78.5,78.1,78.2,0.1,8,931
2023-05-30,4571,13015,1016373,78.2,78.2,78.0,78.1,-0.1,6,872
2023-05-31,4571,9271,723977,78.7,78.8,77.6,78.8,0.7,17,906
2023-06-01,4571,10039,789981,78.7,78.8,78.5,78.5,-0.3,12,899
2023-06-02,4571,8000,632700,79.3,79.3,79.0,79.1,0.6,7,936
2023-06-05,4571,9151,725531,79.4,79.4,79.1,79.2,0.1,12,926
2023-06-06,4571,16201,1281995,79.4,79.4,78.7,79.2,0.0,20,879
2023-06-07,4571,12375,977198,79.1,79.4,78.8,79.2,0.0,37,912
2023-06-08,4571,17930,1420781,79.2,79.6,79.1,79.1,-0.1,33,869
2023-06-09,4571,69062,5458024,78.3,79.7,78.1,79.7,0.6,52,741
2023-06-12,4571,18322,1418370,79.2,79.2,76.8,77.1,0.0,38,892
2023-06-13,4571,19056,1470719,77.9,77.9,77.0,77.1,0.0,19,888
2023-06-14,4571,13100,1014300,77.6,77.6,77.3,77.3,0.2,11,910
2023-06-15,4571,16316,1260417,76.3,77.5,76.1,77.4,0.1,22,908
2023-06-16,4571,12217,944414,77.4,77.5,76.9,77.3,-0.1,24,918
2023-06-19,4571,24900,1892158,75.8,76.7,75.8,75.8,-1.5,51,852
2023-06-20,4571,19008,1442503,75.5,76.4,75.5,76.4,0.6,19,862
2023-06-21,4571,23002,1762951,76.8,76.9,76.1,76.9,0.5,24,891
2023-06-26,4571,18100,1388489,76.9,76.9,76.0,76.9,0.0,20,885
2023-06-27,4571,14001,1079477,77.6,77.6,76.9,76.9,0.0,9,903
2023-06-28,4571,15002,1156352,77.7,77.7,76.9,77.0,0.1,12,879
2023-06-29,4571,14060,1068977,77.1,77.1,74.5,76.6,-0.4,13,885
2023-06-30,4571,21460,1617585,75.2,75.7,75.2,75.3,-1.3,109,846
2023-07-03,4571,14000,1058798,75.7,75.8,75.4,75.4,0.1,55,913
2023-07-04,4571,18000,1371300,75.8,77.0,75.5,76.8,1.4,14,890
2023-07-05,4571,24015,1812330,76.7,76.9,74.8,74.9,-1.9,25,862
2023-07-06,4571,11312,845791,74.7,75.0,74.5,75.0,0.1,15,929
2023-07-07,4571,10032,749900,75.5,75.5,74.1,74.7,-0.3,15,926
