date,stock_id,Trading_Volume,Trading_money,open,max,min,close,spread,Trading_turnover,Trading_money_rank
2020-03-09,4581,1050000,46815000,42.15,46.0,42.15,45.3,0.0,755,337
2020-03-10,4581,385000,16341450,43.75,43.75,40.8,42.25,-3.05,289,498
2020-03-11,4581,195000,8327100,42.65,43.75,41.1,41.3,-0.95,156,528
2020-03-12,4581,314000,12066800,40.9,40.9,37.0,38.9,-2.4,198,605
2020-03-13,4581,196000,7092650,37.0,37.3,35.3,37.0,-1.9,97,713
2020-03-16,4581,128000,4621000,37.5,37.5,35.2,35.2,-1.8,87,675
2020-03-17,4581,159000,5182650,34.85,34.85,31.7,32.0,-3.2,100,685
2020-03-18,4581,117000,3851850,32.5,33.2,32.5,32.5,0.5,61,714
2020-03-19,4581,226000,6698450,31.5,31.5,29.25,29.5,-3.0,100,717
2020-03-20,4581,85000,2700750,29.8,32.45,29.8,32.45,2.95,59,746
2020-03-23,4581,53000,1696550,32.35,32.35,31.85,32.05,-0.4,41,734
2020-03-24,4581,35000,1170400,35.0,35.0,32.6,32.95,0.9,33,790
2020-03-25,4581,52000,1761750,33.9,34.6,33.05,33.05,0.1,39,766
2020-03-26,4581,30000,1008100,33.95,33.95,33.5,33.6,0.55,23,784
2020-03-27,4581,47010,1579769,33.55,33.85,33.0,33.8,0.2,36,768
2020-03-30,4581,116000,4022200,34.0,35.5,33.8,35.45,1.65,69,589
2020-03-31,4581,49000,1784650,36.5,37.0,35.55,36.4,0.95,29,710
2020-04-01,4581,213000,8409950,37.5,40.0,37.0,39.5,3.1,143,444
2020-04-06,4581,200000,7979250,38.15,41.0,37.1,40.2,0.7,148,501
2020-04-07,4581,76000,3039900,40.2,40.6,39.2,39.85,-0.35,60,671
2020-04-08,4581,84000,3318300,39.85,40.0,39.05,39.15,-0.7,70,665
2020-04-09,4581,89000,3407850,39.25,39.25,38.0,38.2,-0.95,78,670
2020-04-10,4581,11010,422755,38.2,38.55,38.2,38.55,0.35,12,844
2020-04-13,4581,29000,1111000,38.55,38.55,37.65,37.85,-0.7,24,795
2020-04-14,4581,51000,1974850,38.4,39.2,38.1,38.85,1.0,47,748
2020-04-15,4581,88000,3410950,38.85,38.95,38.4,38.5,-0.35,71,706
2020-04-16,4581,28000,1065800,38.35,38.5,37.75,38.3,-0.2,27,811
2020-04-17,4581,72000,2747000,38.45,38.6,38.0,38.1,-0.2,59,744
2020-04-20,4581,14000,528100,37.65,37.95,37.5,37.95,-0.15,13,826
2020-04-21,4581,44000,1657550,37.5,38.0,37.5,37.7,-0.25,35,783
2020-04-22,4581,34000,1280450,37.7,37.9,37.5,37.85,0.15,29,743
2020-04-23,4581,23000,870350,37.75,38.15,37.5,38.15,0.3,23,784
2020-04-24,4581,14000,529350,37.7,38.1,37.7,37.85,-0.3,13,814
2020-04-27,4581,84000,3270850,38.05,39.5,38.0,39.05,1.2,65,683
2020-04-28,4581,37000,1443600,39.05,39.25,38.65,39.25,0.2,31,752
2020-04-29,4581,18000,708400,39.3,39.5,39.2,39.4,0.15,18,855
2020-04-30,4581,37000,1463300,39.45,39.8,39.4,39.45,0.05,34,822
2020-05-04,4581,28000,1083500,39.3,39.3,38.3,38.55,-0.9,23,806
2020-05-05,4581,38000,1467150,39.0,39.0,38.5,38.8,0.25,32,766
2020-05-06,4581,23000,886700,38.8,38.8,38.3,38.8,0.0,17,819
2020-05-07,4581,20000,773550,38.85,39.0,38.3,38.85,0.05,18,829
2020-05-08,4581,13000,505250,38.85,39.2,38.65,38.8,-0.05,13,859
2020-05-11,4581,35000,1341250,38.5,38.5,38.0,38.3,-0.5,31,798
2020-05-12,4581,37000,1409900,38.6,38.6,38.0,38.0,-0.3,29,776
2020-05-13,4581,25000,963350,38.45,38.85,38.05,38.8,0.8,23,793
2020-05-14,4581,16000,616400,38.8,38.8,38.3,38.5,-0.3,15,840
2020-05-15,4581,16000,621250,38.6,38.95,38.5,38.85,0.35,15,838
2020-05-18,4581,37000,1415550,38.8,38.8,38.0,38.25,-0.6,28,758
2020-05-19,4581,12000,463900,38.75,38.8,38.5,38.8,0.55,10,852
2020-05-20,4581,55000,2150500,38.8,39.5,38.8,39.4,0.6,42,709
2020-05-21,4581,323000,13780500,39.6,43.3,39.6,43.3,3.9,166,475
2020-05-22,4581,625990,29487924,45.2,47.6,44.0,47.6,4.3,404,372
2020-05-25,4581,799000,38656800,49.4,50.0,46.0,46.2,-1.4,529,327
2020-05-26,4581,305000,13840000,46.85,47.45,44.3,44.6,-1.6,216,486
2020-05-27,4581,210000,9237950,43.5,45.45,42.85,42.85,-1.75,162,541
2020-05-28,4581,170000,7173000,43.4,43.4,41.5,41.5,-1.35,129,605
2020-05-29,4581,75300,3133424,42.35,42.35,40.8,41.8,0.3,67,636
2020-06-01,4581,123260,5474188,42.5,45.75,42.5,43.95,2.15,110,616
2020-06-02,4581,59130,2574618,44.5,44.5,43.05,43.8,-0.15,54,680
2020-06-03,4581,81000,3509250,43.8,44.2,43.0,43.8,0.0,66,696
2020-06-04,4581,41080,1781933,43.8,43.8,43.1,43.25,-0.55,36,771
2020-06-05,4581,59200,2599930,43.3,44.15,43.3,44.0,0.75,53,743
2020-06-08,4581,82140,3644388,44.2,45.1,44.0,44.6,0.6,54,724
2020-06-09,4581,64500,2843449,44.6,44.8,43.5,43.5,-1.1,58,745
2020-06-10,4581,61100,2618890,43.25,43.5,42.55,43.5,0.0,58,757
2020-06-11,4581,118000,4986400,43.05,43.1,40.8,41.5,-2.0,91,716
2020-06-12,4581,128000,5217400,39.6,41.85,39.6,41.6,0.1,79,666
2020-06-15,4581,84348,3440261,41.65,41.65,40.15,40.15,-1.45,72,677
2020-06-16,4581,65000,2650550,40.8,41.5,40.4,41.5,1.35,43,732
2020-06-17,4581,25000,1030800,41.7,41.7,40.45,41.35,-0.15,22,816
2020-06-18,4581,27700,1139290,41.4,41.4,40.9,41.1,-0.25,27,815
2020-06-19,4581,64000,2613600,41.15,41.2,40.65,40.9,-0.2,61,748
2020-06-22,4581,36000,1481050,40.9,41.9,40.85,40.95,0.05,31,816
2020-06-23,4581,21052,863052,41.0,41.0,40.95,41.0,0.05,18,833
2020-06-24,4581,28350,1167940,41.5,41.8,40.9,41.0,0.0,21,806
2020-06-29,4581,19248,787167,41.45,41.45,40.6,40.7,-0.3,16,843
2020-06-30,4581,28000,1142900,41.0,41.0,40.7,40.75,0.05,24,794
2020-07-01,4581,57000,2313300,40.75,40.85,40.5,40.5,-0.25,38,740
2020-07-02,4581,73000,2964050,40.6,40.75,40.55,40.6,0.1,56,732
2020-07-03,4581,103000,4254950,40.9,41.5,40.85,41.4,0.8,60,705
2020-07-06,4581,264147,11562006,41.9,45.15,41.9,45.1,3.7,174,638
2020-07-07,4581,124247,5538977,45.45,46.5,43.55,44.45,-0.65,97,716
2020-07-08,4581,56000,2481300,44.0,44.55,44.0,44.1,-0.35,45,785
2020-07-09,4581,53000,2304300,44.9,44.9,43.0,43.15,-0.95,47,814
2020-07-10,4581,55000,2343550,43.2,43.2,42.2,42.25,-0.9,51,813
2020-07-13,4581,34000,1454750,42.8,43.5,42.35,43.5,1.25,26,832
2020-07-14,4581,7100,305200,43.5,43.5,42.8,42.8,-0.7,8,893
2020-07-15,4581,31000,1336200,43.3,43.3,42.9,43.1,0.3,25,835
2020-07-16,4581,21000,911500,43.2,44.45,43.05,43.15,0.05,21,836
2020-07-17,4581,45000,1906200,43.2,43.2,42.0,42.75,-0.4,37,790
2020-07-20,4581,29000,1222250,42.75,42.75,42.0,42.25,-0.5,23,799
2020-07-21,4581,61000,2589300,42.2,42.7,42.2,42.45,0.2,40,760
2020-07-22,4581,137000,5773500,42.45,42.6,41.8,41.95,-0.5,105,623
2020-07-23,4581,74000,2914150,40.0,40.0,39.0,39.55,0.0,60,715
2020-07-24,4581,37011,1436210,39.5,39.5,38.7,38.7,-0.85,32,826
2020-07-27,4581,36000,1351300,38.5,38.5,37.25,37.6,-1.1,27,817
2020-07-28,4581,64000,2340150,37.6,37.6,36.2,36.45,-1.15,35,779
2020-07-29,4581,17000,621900,36.3,37.0,36.2,37.0,0.55,16,839
2020-07-30,4581,7000,257850,37.0,37.1,36.55,36.7,-0.3,7,892
2020-07-31,4581,13000,481150,37.1,37.25,36.8,37.25,0.55,10,847
2020-08-03,4581,44000,1610300,37.0,37.0,36.5,36.9,-0.35,24,771
2020-08-04,4581,24100,887550,37.0,37.0,36.6,36.65,-0.25,20,819
2020-08-05,4581,31000,1135950,36.8,36.8,36.5,36.7,0.05,17,810
2020-08-06,4581,62000,2254100,36.35,36.7,36.0,36.7,0.0,44,748
2020-08-07,4581,20000,729500,36.35,36.8,36.35,36.65,-0.05,13,835
2020-08-10,4581,17000,621800,36.0,36.85,36.0,36.7,0.05,13,856
2020-08-11,4581,12000,435450,36.7,36.7,36.1,36.3,-0.4,11,871
2020-08-12,4581,21001,763488,36.05,36.65,36.0,36.45,0.15,19,829
2020-08-13,4581,45000,1654550,36.5,37.15,36.05,36.7,0.25,31,763
2020-08-14,4581,12000,436650,36.7,36.7,36.2,36.7,0.0,12,883
2020-08-17,4581,12000,444300,36.8,37.4,36.8,37.4,0.7,12,893
2020-08-18,4581,27000,1011100,37.45,37.5,37.2,37.45,0.05,20,836
2020-08-19,4581,22005,821349,37.5,37.5,37.1,37.25,-0.2,21,858
2020-08-20,4581,26000,944250,37.25,37.45,35.7,36.4,-0.85,20,870
2020-08-21,4581,25000,910650,36.6,36.7,36.2,36.7,0.3,17,844
2020-08-24,4581,27010,983142,36.2,36.8,36.2,36.35,-0.35,18,825
2020-08-25,4581,9000,327350,36.25,36.75,36.25,36.5,0.15,8,891
2020-08-26,4581,13000,475150,36.5,36.7,36.3,36.5,0.0,11,862
2020-08-27,4581,24000,894100,36.85,37.4,36.85,37.0,0.5,18,838
2020-08-28,4581,20000,743500,37.0,37.3,37.0,37.05,0.05,13,836
2020-08-31,4581,22000,815100,37.45,37.45,36.85,37.0,-0.05,15,847
2020-09-01,4581,23000,857700,37.0,37.5,37.0,37.15,0.15,17,833
2020-09-02,4581,13000,489550,37.5,37.9,37.2,37.2,0.05,11,877
2020-09-03,4581,10000,374200,37.1,37.65,37.1,37.35,0.15,8,896
2020-09-04,4581,16000,592450,37.2,37.25,37.0,37.0,-0.35,11,873
2020-09-07,4581,9000,334400,37.15,37.25,37.0,37.25,0.25,8,905
2020-09-08,4581,11000,407500,37.3,37.35,36.75,37.3,0.05,10,887
2020-09-09,4581,12000,444900,37.0,37.4,37.0,37.05,-0.25,9,875
2020-09-10,4581,35000,1298350,37.05,37.6,37.0,37.0,-0.05,12,825
2020-09-11,4581,18000,664550,36.9,37.0,36.85,36.9,-0.1,11,869
2020-09-14,4581,5000,186250,36.85,37.55,36.85,37.5,0.6,4,909
2020-09-15,4581,42000,1590500,37.9,37.95,37.6,37.85,0.35,33,791
2020-09-16,4581,9000,338000,37.65,37.85,37.4,37.85,0.0,9,905
2020-09-17,4581,37000,1400000,38.0,38.05,37.5,37.9,0.05,19,794
2020-09-18,4581,6000,227800,38.0,38.0,37.95,37.95,0.05,5,909
2020-09-21,4581,11000,417400,37.95,38.0,37.9,37.9,-0.05,8,899
2020-09-22,4581,4100,153920,37.5,37.6,37.5,37.55,-0.35,5,910
2020-09-23,4581,28092,1047744,37.6,37.6,37.05,37.1,-0.45,19,845
2020-09-24,4581,15000,553250,37.1,37.1,36.7,36.8,-0.3,13,900
2020-09-25,4581,12000,439450,37.5,37.5,36.2,36.75,-0.05,10,897
2020-09-28,4581,33008,1203697,36.25,36.85,36.2,36.85,0.1,17,781
2020-09-29,4581,3000,112400,37.5,37.5,37.45,37.45,0.6,3,912
2020-09-30,4581,8000,299600,37.4,37.5,37.4,37.5,0.05,8,867
2020-10-05,4581,4000,148350,37.3,37.3,36.8,37.25,-0.25,4,903
2020-10-06,4581,4000,148850,37.3,37.3,37.0,37.25,0.0,3,918
2020-10-07,4581,5000,186150,37.2,37.25,37.2,37.25,0.0,3,909
2020-10-08,4581,23000,847450,36.7,37.4,36.4,37.4,0.15,20,839
2020-10-12,4581,4010,148098,36.9,37.15,36.8,37.15,-0.25,5,910
2020-10-13,4581,1000,37150,37.15,37.15,37.15,37.15,0.0,1,922
2020-10-14,4581,9000,331300,37.0,37.0,36.65,36.9,-0.25,8,878
2020-10-15,4581,3000,111150,37.05,37.05,37.05,37.05,0.15,2,910
2020-10-16,4581,4000,148000,37.0,37.0,37.0,37.0,-0.05,4,903
2020-10-19,4581,50000,1872900,37.0,38.0,36.65,37.65,0.65,29,769
2020-10-20,4581,13000,488900,37.0,37.9,37.0,37.5,-0.15,8,839
2020-10-21,4581,4000,148600,37.1,37.35,37.05,37.35,-0.15,3,906
2020-10-22,4581,2000,74350,37.35,37.35,37.0,37.0,-0.35,2,917
2020-10-23,4581,5000,186400,37.5,37.5,37.0,37.05,0.05,5,896
2020-10-26,4581,10000,369450,37.05,37.05,36.7,36.95,-0.1,9,879
2020-10-27,4581,2000,73950,36.95,37.0,36.95,37.0,0.05,2,918
2020-10-28,4581,15000,550700,36.6,37.0,36.6,36.6,-0.4,14,846
2020-10-29,4581,14000,508600,36.5,36.5,36.2,36.25,-0.35,12,850
2020-10-30,4581,9000,331350,36.9,36.9,36.7,36.7,0.45,8,888
2020-11-02,4581,1000,36700,36.7,36.7,36.7,36.7,0.0,1,925
2020-11-03,4581,8000,290950,36.3,36.8,36.0,36.8,0.1,8,889
2020-11-04,4581,8000,290250,36.2,36.6,36.2,36.6,-0.2,8,874
2020-11-05,4581,15000,547900,36.3,36.8,36.3,36.6,0.0,10,833
2020-11-06,4581,13000,479700,36.7,37.0,36.3,37.0,0.4,12,856
2020-11-09,4581,14000,518650,37.0,37.25,37.0,37.0,0.0,12,877
2020-11-10,4581,23000,843550,36.95,37.0,36.3,36.35,-0.65,17,848
2020-11-11,4581,10000,368200,36.15,37.0,36.15,37.0,0.65,9,896
2020-11-12,4581,14000,511950,36.7,36.7,36.4,36.4,-0.6,12,867
2020-11-13,4581,7000,256850,36.45,36.9,36.45,36.9,0.5,6,886
2020-11-16,4581,5000,184350,36.9,36.9,36.85,36.85,-0.05,4,917
2020-11-17,4581,17000,626850,37.0,37.0,36.85,36.85,0.0,10,867
2020-11-18,4581,20000,734800,36.85,36.95,36.6,36.9,0.05,16,863
2020-11-19,4581,11108,407254,36.9,36.9,36.6,36.65,-0.25,7,880
2020-11-20,4581,16000,587300,36.65,36.95,36.6,36.95,0.3,11,869
2020-11-23,4581,20000,737800,37.0,37.0,36.75,37.0,0.05,16,875
2020-11-24,4581,3000,110700,37.0,37.0,36.85,36.85,-0.15,3,916
2020-11-25,4581,8000,295100,36.85,36.95,36.8,36.95,0.1,7,904
2020-11-26,4581,8000,294100,36.75,36.9,36.65,36.9,-0.05,6,912
2020-11-27,4581,50000,1862000,36.95,38.5,36.95,37.1,0.2,39,817
2020-11-30,4581,50000,1859200,37.1,37.3,37.1,37.3,0.2,30,853
2020-12-01,4581,12000,447150,37.35,37.35,37.2,37.2,-0.1,11,904
2020-12-02,4581,31000,1148600,37.25,37.4,36.75,37.0,-0.2,25,865
2020-12-03,4581,17000,633150,37.25,37.35,37.05,37.05,0.05,13,883
2020-12-04,4581,14000,519450,37.1,37.2,37.0,37.0,-0.05,10,904
2020-12-07,4581,12000,446400,37.35,37.35,37.0,37.0,0.0,9,905
2020-12-08,4581,13000,479000,37.0,37.05,36.5,36.7,-0.3,11,895
2020-12-09,4581,17000,622300,36.5,37.0,36.5,36.7,0.0,15,892
2020-12-10,4581,27000,987050,36.65,36.95,36.4,36.55,-0.15,22,862
2020-12-11,4581,26000,952250,36.55,36.9,36.45,36.9,0.35,21,868
2020-12-14,4581,9000,330200,36.7,36.7,36.6,36.6,-0.3,6,905
2020-12-15,4581,17000,623650,36.6,36.9,36.6,36.85,0.25,11,881
2020-12-16,4581,25000,922250,37.0,37.0,36.7,36.9,0.05,18,883
2020-12-17,4581,18000,662400,36.9,37.0,36.7,37.0,0.1,10,897
2020-12-18,4581,39000,1445200,37.05,37.3,37.0,37.3,0.3,24,828
2020-12-21,4581,44000,1643350,37.1,37.5,37.05,37.4,0.1,24,833
2020-12-22,4581,17000,630300,37.4,37.4,36.7,36.95,-0.45,15,895
2020-12-23,4581,8000,296200,37.0,37.2,37.0,37.0,0.05,7,914
2020-12-24,4581,11000,407900,37.1,37.1,37.05,37.1,0.1,11,901
2020-12-25,4581,53000,1956550,37.1,37.1,36.6,36.75,-0.35,28,802
2020-12-28,4581,21000,772700,36.75,37.0,36.6,37.0,0.25,18,904
2020-12-29,4581,95495,3574862,37.05,37.95,37.05,37.65,0.65,62,767
2020-12-30,4581,36040,1355010,37.7,37.75,37.4,37.4,-0.25,24,856
2020-12-31,4581,37000,1380400,37.5,37.5,37.2,37.2,-0.2,25,856
2021-01-04,4581,55000,2066550,37.3,38.25,37.05,37.25,0.05,43,840
2021-01-05,4581,151000,5656150,37.5,37.7,37.3,37.65,0.4,59,708
2021-01-06,4581,294000,11553200,38.15,40.6,38.15,39.0,1.35,239,674
2021-01-07,4581,396000,15847350,39.0,40.7,38.6,39.7,0.7,251,577
2021-01-08,4581,84000,3307600,39.9,39.9,38.7,38.7,-1.0,57,784
2021-01-11,4581,59000,2223700,38.15,38.15,37.3,37.65,-1.05,50,822
2021-01-12,4581,66000,2473350,37.75,37.75,37.1,37.25,-0.4,45,808
2021-01-13,4581,162000,6055700,37.25,37.6,36.9,37.35,0.1,87,709
2021-01-14,4581,101000,3808600,37.4,38.0,37.4,37.75,0.4,69,731
2021-01-15,4581,42000,1577350,38.2,38.2,37.2,37.35,-0.4,31,848
2021-01-18,4581,11000,414250,37.5,37.7,37.5,37.7,0.35,10,895
2021-01-19,4581,26000,966400,37.7,37.7,37.0,37.15,-0.55,26,844
2021-01-20,4581,41000,1502450,37.15,37.15,36.4,36.4,-0.75,31,862
2021-01-21,4581,21104,770291,36.2,36.95,36.2,36.6,0.2,19,880
2021-01-22,4581,16000,584500,36.3,37.0,36.25,36.8,0.2,12,876
2021-01-25,4581,11000,403850,36.8,36.85,36.5,36.8,0.0,10,886
2021-01-26,4581,15000,547800,36.5,36.75,36.45,36.65,-0.15,11,880
2021-01-27,4581,26000,957250,36.9,37.0,36.65,36.9,0.25,18,828
2021-01-28,4581,6030,221466,36.7,36.85,36.35,36.85,-0.05,7,899
2021-01-29,4581,12000,443450,36.95,37.0,36.85,37.0,0.15,8,901
2021-02-01,4581,33000,1187500,35.8,36.95,35.0,35.75,-1.25,27,818
2021-02-02,4581,16000,577050,36.7,36.7,35.9,35.9,0.15,12,868
2021-02-03,4581,8000,287800,35.8,36.1,35.8,36.1,0.2,6,895
2021-02-04,4581,6100,220285,35.95,36.75,35.95,36.0,-0.1,6,899
2021-02-05,4581,9000,327150,36.15,36.9,36.15,36.15,0.15,9,900
2021-02-17,4581,18000,661450,36.25,36.8,36.25,36.8,0.65,14,880
2021-02-18,4581,12000,441800,36.95,36.95,36.8,36.8,0.0,8,892
2021-02-19,4581,16015,587708,36.8,36.85,36.5,36.85,0.05,11,891
2021-02-22,4581,57000,2147200,36.85,38.5,36.8,37.7,0.85,41,841
2021-02-23,4581,24000,903850,37.7,37.7,37.25,37.55,-0.15,16,893
2021-02-24,4581,8000,299900,37.6,37.6,37.3,37.3,-0.25,5,918
2021-02-25,4581,33067,1231346,37.35,37.4,37.15,37.2,-0.1,23,864
2021-02-26,4581,36000,1338750,37.3,37.3,37.1,37.2,0.0,18,858
2021-03-02,4581,61040,2285380,37.5,37.5,37.25,37.25,0.05,38,818
2021-03-03,4581,1036151,41392765,39.0,40.95,37.6,39.95,2.7,602,427
2021-03-04,4581,772601,31940859,40.25,43.0,39.05,41.0,1.05,534,447
2021-03-05,4581,272959,11259647,40.2,42.4,40.2,41.0,0.0,207,565
2021-03-08,4581,221003,8855512,41.55,41.8,39.0,39.1,-1.9,180,639
2021-03-09,4581,68025,2655927,39.0,39.8,38.8,38.8,-0.3,59,790
2021-03-10,4581,54000,2123500,39.0,39.9,38.5,39.15,0.35,47,811
2021-03-11,4581,34075,1336831,39.15,39.8,39.0,39.1,-0.05,31,864
2021-03-12,4581,51008,1985508,39.15,39.4,38.65,38.95,-0.15,43,822
2021-03-15,4581,79006,3119202,39.1,39.9,39.05,39.8,0.85,62,783
2021-03-16,4581,1251023,53801039,40.5,43.75,40.5,41.15,1.35,738,414
2021-03-17,4581,214131,8626513,40.7,41.2,39.95,39.95,-1.2,176,680
2021-03-18,4581,73014,2927360,40.4,40.5,39.95,40.0,0.05,64,801
2021-03-19,4581,61000,2422050,39.5,40.05,39.35,39.7,-0.3,53,839
2021-03-22,4581,54000,2183550,39.75,41.65,39.5,40.8,1.1,48,851
2021-03-23,4581,53108,2133578,41.0,41.0,39.85,39.85,-0.95,45,846
2021-03-24,4581,33016,1312956,39.8,39.85,39.7,39.7,-0.15,26,856
2021-03-25,4581,68016,2708106,39.75,40.4,39.7,40.1,0.4,39,795
2021-03-26,4581,35000,1395800,40.3,40.3,39.75,39.75,-0.35,31,870
2021-03-29,4581,45000,1794100,39.75,40.0,39.75,39.75,0.0,29,867
2021-03-30,4581,40001,1601241,39.75,40.8,39.6,40.35,0.6,34,862
2021-03-31,4581,33000,1299500,40.35,40.35,38.95,39.65,-0.7,28,874
2021-04-01,4581,51000,2026550,39.65,40.4,39.4,39.55,-0.1,37,850
2021-04-06,4581,92444,3637944,39.55,39.55,39.2,39.25,-0.3,58,816
2021-04-07,4581,80000,3187600,39.6,41.3,39.6,39.85,0.6,57,825
2021-04-08,4581,56198,2230418,39.85,39.85,39.4,39.5,-0.35,41,871
2021-04-09,4581,31030,1216130,39.2,39.25,39.1,39.2,-0.3,25,894
2021-04-12,4581,49000,1915350,39.2,39.35,39.0,39.0,-0.2,36,889
2021-04-13,4581,40000,1561550,39.05,39.35,39.0,39.0,0.0,31,902
2021-04-14,4581,97000,3733150,39.1,39.1,38.35,38.4,-0.6,61,846
2021-04-15,4581,55000,2139050,39.3,39.45,38.45,39.1,0.7,35,857
2021-04-16,4581,20000,775950,39.0,39.0,38.65,38.8,-0.3,11,912
2021-04-19,4581,26010,1009280,38.85,39.0,38.7,38.9,0.1,19,920
2021-04-20,4581,31000,1218400,38.9,39.6,38.9,39.45,0.55,26,912
2021-04-21,4581,124020,4953700,39.7,40.55,39.7,39.7,0.25,102,836
2021-04-22,4581,67000,2678950,40.5,40.5,39.45,39.6,-0.1,41,892
2021-04-23,4581,56002,2235230,39.65,40.35,39.4,39.75,0.15,50,882
2021-04-26,4581,50000,1966750,39.85,40.0,39.2,39.25,-0.5,34,893
2021-04-27,4581,54000,2111450,39.25,39.25,38.95,38.95,-0.3,31,887
2021-04-28,4581,35000,1358150,39.05,39.5,38.5,39.0,0.05,27,909
2021-04-29,4581,17000,660350,38.8,39.05,38.8,39.05,0.05,14,929
2021-05-03,4581,52111,2008837,39.1,39.15,38.25,38.25,-0.8,42,896
2021-05-04,4581,186102,6818673,38.3,38.3,36.2,36.25,-2.0,83,838
2021-05-05,4581,38021,1412898,36.35,38.0,36.35,37.8,1.55,28,887
2021-05-06,4581,17000,632550,37.8,37.8,36.7,37.0,-0.8,14,914
2021-05-07,4581,8000,294800,37.0,37.45,36.55,37.45,0.45,8,926
2021-05-10,4581,6000,225800,37.5,37.8,37.5,37.8,0.35,5,927
2021-05-11,4581,59000,2146050,37.0,37.0,34.75,36.75,-1.05,45,889
2021-05-12,4581,46000,1651150,35.1,37.4,35.1,35.7,-1.05,31,911
2021-05-13,4581,36000,1282650,35.0,36.05,34.75,35.9,0.2,26,905
2021-05-14,4581,7000,259600,36.8,37.5,36.8,36.9,1.0,7,929
2021-05-17,4581,44028,1561584,35.65,36.9,35.3,35.4,-1.5,27,900
2021-05-18,4581,8000,287450,35.5,36.9,35.4,36.9,1.5,8,921
2021-05-19,4581,14100,518574,36.6,37.1,36.2,36.4,-0.5,15,904
2021-05-20,4581,4000,145600,36.4,36.4,36.4,36.4,0.0,3,929
2021-05-21,4581,13000,479100,36.5,37.4,36.5,37.3,0.9,11,893
2021-05-24,4581,4080,153536,37.65,37.65,37.6,37.6,0.3,5,926
2021-05-25,4581,4000,147200,37.7,37.7,36.45,36.6,-1.0,4,926
2021-05-26,4581,24000,876800,36.5,36.95,36.1,36.95,0.35,14,854
2021-05-27,4581,3000,109250,36.2,36.55,36.2,36.55,-0.4,3,932
2021-05-28,4581,36000,1312150,36.6,36.7,36.3,36.3,-0.25,20,859
2021-05-31,4581,21008,762286,36.3,36.55,36.25,36.25,-0.05,17,886
2021-06-01,4581,16000,590450,36.5,37.9,36.5,37.9,1.65,13,894
2021-06-02,4581,13000,479650,37.5,37.5,36.4,36.8,-1.1,13,912
2021-06-03,4581,13006,477270,36.65,36.95,36.6,36.7,-0.1,9,905
2021-06-04,4581,5000,183400,36.75,36.75,36.6,36.6,-0.1,4,924
2021-06-07,4581,9000,331200,36.6,37.5,36.6,36.65,0.05,9,904
2021-06-08,4581,750000,27264300,36.7,36.7,36.3,36.35,-0.3,13,429
2021-06-09,4581,104567,3742567,36.1,36.1,35.6,35.85,-0.5,70,734
2021-06-10,4581,331000,11884850,36.3,36.5,35.85,35.9,0.05,12,582
2021-06-11,4581,28028,1039050,36.7,37.5,36.7,37.25,1.35,27,856
2021-06-15,4581,13048,492613,37.8,37.8,37.5,37.5,0.25,13,897
2021-06-16,4581,6073,222975,36.5,36.85,36.5,36.85,-0.65,7,919
2021-06-17,4581,47002,1723924,36.55,36.9,36.4,36.8,-0.05,19,802
2021-06-18,4581,7000,256200,36.55,36.7,36.55,36.7,-0.1,5,923
2021-06-21,4581,80014,2865713,35.85,36.45,35.7,36.45,-0.25,41,814
2021-06-22,4581,15050,541792,36.45,36.45,35.8,36.05,-0.4,13,902
2021-06-23,4581,4000,144650,36.1,36.25,36.1,36.25,0.2,4,924
2021-06-24,4581,3000,109900,36.45,37.0,36.45,37.0,0.75,3,931
2021-06-25,4581,18001,669587,37.0,37.4,37.0,37.25,0.25,12,897
2021-06-28,4581,23001,857487,37.25,37.45,37.15,37.45,0.2,12,889
2021-06-29,4581,18000,673200,37.7,37.75,37.25,37.5,0.05,8,895
2021-06-30,4581,35000,1319300,37.75,37.9,37.5,37.5,0.0,18,862
2021-07-01,4581,5043,188563,37.35,37.4,37.35,37.4,-0.1,7,927
2021-07-02,4581,5000,188100,37.8,37.8,37.5,37.5,0.1,5,928
2021-07-05,4581,29010,1092074,37.9,37.9,37.3,37.8,0.3,28,884
2021-07-06,4581,21003,788962,37.8,37.9,37.4,37.4,-0.4,17,895
2021-07-07,4581,26439,998405,37.75,38.1,37.45,37.5,0.1,28,892
2021-07-08,4581,22373,839532,37.5,37.6,37.45,37.5,0.0,24,898
2021-07-09,4581,17000,631050,37.15,37.6,36.95,37.6,0.1,17,907
2021-07-12,4581,134025,5353434,38.5,41.35,38.5,39.2,1.6,98,772
2021-07-13,4581,59227,2362980,39.95,40.7,39.2,39.2,0.0,46,843
2021-07-14,4581,69001,2643738,39.5,39.5,37.85,38.3,-0.9,65,818
2021-07-15,4581,40000,1532750,38.3,38.6,38.15,38.25,-0.05,26,837
2021-07-16,4581,61000,2310050,38.2,38.95,37.45,38.15,-0.1,48,806
2021-07-19,4581,43226,1680991,38.15,39.5,38.15,39.35,1.2,41,842
2021-07-20,4581,155054,6188320,39.3,40.5,39.3,40.0,0.65,124,715
2021-07-21,4581,62152,2482358,40.9,40.9,39.55,39.7,-0.3,51,821
2021-07-22,4581,100219,4045548,39.75,40.9,39.75,39.95,0.25,78,772
2021-07-23,4581,44011,1773742,40.05,40.55,40.0,40.1,0.15,36,835
2021-07-26,4581,102370,4117049,40.85,40.85,39.6,40.0,-0.1,48,756
2021-07-27,4581,15049,598052,39.8,39.95,39.6,39.65,-0.35,14,889
2021-07-28,4581,22001,857339,38.65,39.45,38.6,38.8,-0.85,13,889
2021-07-29,4581,18060,702280,38.5,39.55,38.4,39.1,0.3,16,875
2021-07-30,4581,21000,820050,39.7,39.7,38.8,38.8,-0.3,18,857
2021-08-02,4581,6000,234000,38.8,39.8,38.8,38.9,0.1,5,912
2021-08-03,4581,11000,428900,38.9,39.05,38.9,38.9,0.0,10,883
2021-08-04,4581,10000,390000,38.95,39.05,38.95,39.0,0.1,8,896
2021-08-05,4581,12000,466350,39.5,39.5,38.7,38.85,-0.15,12,890
2021-08-06,4581,6025,234316,39.5,39.5,38.45,38.6,-0.25,7,914
2021-08-09,4581,17188,668254,38.8,39.0,38.8,38.8,0.2,20,885
2021-08-10,4581,8025,311821,38.95,38.95,38.8,38.8,0.0,8,907
2021-08-11,4581,127552,4737422,38.2,38.2,36.7,37.15,-1.65,92,746
2021-08-12,4581,3171,118452,37.15,37.5,37.15,37.5,0.35,8,925
2021-08-13,4581,13000,486050,37.5,37.5,37.25,37.25,-0.25,9,895
2021-08-16,4581,39066,1425870,37.1,37.2,36.0,37.2,-0.05,33,854
2021-08-17,4581,149289,5366615,37.2,37.2,35.6,35.9,-1.3,85,704
2021-08-18,4581,6010,216507,35.9,36.2,35.9,36.05,0.15,7,918
2021-08-19,4581,161370,5620867,35.9,35.9,34.45,34.5,-1.55,118,684
2021-08-20,4581,21300,744959,35.0,35.15,34.8,35.0,0.5,16,863
2021-08-23,4581,20000,708750,35.2,35.85,35.2,35.85,0.85,17,866
2021-08-24,4581,37000,1319050,35.85,36.35,35.4,36.35,0.5,20,803
2021-08-25,4581,12160,446615,36.8,36.8,36.35,36.7,0.35,12,888
2021-08-26,4581,42000,1558200,36.0,38.8,36.0,36.8,0.1,29,805
2021-08-27,4581,15010,563618,37.9,38.0,37.15,37.3,0.5,16,885
2021-08-30,4581,35000,1317550,37.9,37.9,37.45,37.6,0.3,29,809
2021-08-31,4581,28000,1011150,37.15,37.15,35.6,36.0,0.0,22,833
2021-09-01,4581,7000,253800,36.6,36.6,36.0,36.4,0.4,7,913
2021-09-02,4581,9000,327600,36.4,36.4,36.4,36.4,0.0,8,898
2021-09-03,4581,7000,257750,37.0,37.0,36.5,36.85,0.45,6,923
2021-09-06,4581,8000,291550,36.45,36.5,36.3,36.3,-0.55,7,904
2021-09-07,4581,2000,72600,36.3,36.3,36.3,36.3,0.0,2,927
2021-09-08,4581,28000,1016450,36.4,36.4,36.25,36.3,0.0,8,841
2021-09-09,4581,17000,605450,35.2,36.3,35.05,36.3,0.0,14,865
2021-09-10,4581,34354,1219244,36.4,36.4,35.2,35.5,-0.8,36,795
2021-09-13,4581,54000,1896900,35.5,35.7,35.0,35.7,0.2,48,773
2021-09-14,4581,5038,180918,35.5,36.3,35.5,36.3,0.6,7,922
2021-09-15,4581,11658,420972,36.6,36.6,35.8,36.3,0.0,9,886
2021-09-16,4581,13028,469216,36.5,36.5,35.85,35.85,-0.45,8,873
2021-09-17,4581,35000,1241400,35.35,35.6,35.25,35.4,-0.45,15,813
2021-09-22,4581,27000,952750,35.4,35.4,35.2,35.25,-0.15,11,870
2021-09-23,4581,9000,317200,35.25,35.5,35.2,35.5,0.25,6,897
2021-09-24,4581,2000,70850,35.35,35.5,35.35,35.5,0.0,2,933
2021-09-27,4581,27000,964300,35.5,36.9,35.5,35.5,0.0,24,864
2021-09-28,4581,25000,890750,36.0,36.0,35.6,35.7,0.2,14,846
2021-09-29,4581,27100,949569,35.1,35.9,34.55,35.0,-0.7,20,864
2021-09-30,4581,5000,176750,35.0,35.5,35.0,35.5,0.5,5,908
2021-10-01,4581,23000,811500,35.5,35.75,35.0,35.2,-0.3,20,899
2021-10-04,4581,25000,869950,35.1,35.3,34.5,34.8,-0.4,18,877
2021-10-05,4581,33000,1158550,35.0,35.45,35.0,35.45,0.65,20,848
2021-10-06,4581,16000,561250,35.0,35.2,35.0,35.2,-0.25,10,880
2021-10-07,4581,26000,915900,35.0,35.3,35.0,35.3,0.1,16,852
2021-10-08,4581,31000,1085100,35.05,35.1,34.85,34.85,-0.45,16,817
2021-10-12,4581,8000,280650,35.1,35.1,35.05,35.05,0.2,7,910
2021-10-13,4581,46000,1602050,34.95,35.2,34.45,35.0,-0.05,25,801
2021-10-14,4581,13000,458100,35.3,35.3,35.0,35.0,0.0,10,884
2021-10-15,4581,46000,1589700,34.65,35.1,34.45,34.5,-0.5,28,801
2021-10-18,4581,29001,1000235,34.5,34.85,33.95,34.7,0.2,17,843
2021-10-19,4581,10000,346250,34.6,34.95,34.4,34.95,0.25,10,905
2021-10-20,4581,3000,104800,34.9,34.95,34.9,34.95,0.0,3,934
2021-10-21,4581,4000,140850,35.25,35.25,35.2,35.2,0.25,4,922
2021-10-22,4581,3000,104900,34.8,35.05,34.8,35.05,-0.15,3,920
2021-10-25,4581,17002,596570,35.1,35.1,35.0,35.0,-0.05,7,878
2021-10-26,4581,22031,776235,35.25,35.55,35.0,35.55,0.55,14,888
2021-10-27,4581,2000,70150,35.1,35.1,35.05,35.05,-0.5,2,938
2021-10-28,4581,1000,34950,34.95,34.95,34.95,34.95,-0.1,1,931
2021-10-29,4581,6000,209950,34.65,35.3,34.65,35.3,0.35,5,918
2021-11-01,4581,7000,247450,35.3,35.6,35.05,35.6,0.3,5,919
2021-11-02,4581,10000,350200,35.1,35.1,35.0,35.05,-0.55,8,902
2021-11-03,4581,2000,70350,35.0,35.35,35.0,35.35,0.3,2,937
2021-11-04,4581,10000,351550,35.4,35.4,35.05,35.2,-0.15,6,908
2021-11-05,4581,9000,315400,35.2,35.2,34.9,34.9,-0.3,7,904
2021-11-08,4581,30046,1050370,34.85,35.4,34.75,34.95,0.05,15,854
2021-11-09,4581,27033,945955,35.0,35.0,34.9,34.9,-0.05,8,871
2021-11-10,4581,4163,145712,35.0,35.1,35.0,35.1,0.2,10,932
2021-11-11,4581,36055,1282030,35.1,36.0,35.0,36.0,0.9,22,853
2021-11-12,4581,56,2043,0.0,0.0,0.0,0.0,0.0,3,942
2021-11-15,4581,6004,211391,35.15,35.5,35.15,35.5,0.0,7,933
2021-11-16,4581,5000,177950,35.6,35.6,35.55,35.6,0.1,5,932
2021-11-17,4581,2000,71200,35.6,35.6,35.6,35.6,0.0,2,942
2021-11-18,4581,20000,717500,35.6,36.0,35.5,35.75,0.15,15,898
2021-11-19,4581,6001,214585,35.75,35.8,35.75,35.8,0.05,7,926
2021-11-22,4581,6010,214302,36.1,36.1,35.15,35.7,-0.1,8,924
2021-11-23,4581,10000,357600,35.7,35.9,35.7,35.9,0.2,6,910
2021-11-24,4581,11098,393908,35.45,35.5,35.45,35.5,-0.4,4,897
2021-11-25,4581,2000,71150,35.5,35.65,35.5,35.65,0.15,2,935
2021-11-26,4581,5011,178891,35.95,35.95,35.5,35.5,-0.15,6,926
2021-11-29,4581,2000,70600,35.3,35.3,35.3,35.3,-0.2,2,934
2021-11-30,4581,8100,287630,35.3,36.0,35.3,36.0,0.7,6,906
2021-12-01,4581,7090,253726,35.9,36.0,35.2,35.2,-0.8,7,911
2021-12-02,4581,5000,176000,35.2,35.2,35.2,35.2,0.0,4,917
2021-12-03,4581,15000,534900,35.8,35.8,35.5,35.6,0.4,6,881
2021-12-06,4581,3000,107100,35.8,35.8,35.6,35.6,0.0,3,931
2021-12-07,4581,5000,178100,35.6,35.65,35.6,35.6,0.0,5,927
2021-12-08,4581,14150,505470,35.6,35.8,35.5,35.5,-0.1,12,909
2021-12-09,4581,16000,568300,35.55,35.55,35.5,35.5,0.0,5,893
2021-12-10,4581,2000,71000,35.5,35.5,35.5,35.5,0.0,2,939
2021-12-13,4581,4000,141700,35.45,35.45,35.4,35.4,-0.1,4,934
2021-12-14,4581,6000,212400,35.4,35.4,35.4,35.4,0.0,3,925
2021-12-15,4581,1000,35300,35.3,35.3,35.3,35.3,-0.1,1,942
2021-12-16,4581,7000,249350,35.35,35.95,35.35,35.95,0.65,5,920
2021-12-17,4581,3000,105950,34.85,35.75,34.85,35.35,-0.6,3,938
2021-12-20,4581,1000,35500,35.5,35.5,35.5,35.5,0.15,1,941
2021-12-21,4581,2000,70900,35.5,35.5,35.4,35.4,-0.1,2,943
2021-12-22,4581,4000,140700,35.4,35.4,35.1,35.1,-0.3,3,933
2021-12-23,4581,2000,70250,35.15,35.15,35.1,35.1,0.0,2,937
2021-12-24,4581,4000,141350,35.15,35.55,35.15,35.55,0.45,4,932
2021-12-27,4581,8000,284150,35.55,35.55,35.45,35.5,-0.05,7,935
2021-12-28,4581,4000,140500,35.1,35.15,35.1,35.1,-0.4,4,938
2021-12-29,4581,13038,459927,35.25,35.3,35.25,35.25,0.15,11,911
2021-12-30,4581,7100,250075,35.25,35.3,35.2,35.3,0.05,8,930
2022-01-03,4581,7031,247286,35.3,35.3,35.05,35.05,-0.25,9,930
2022-01-04,4581,8099,284500,35.1,35.2,35.1,35.1,0.05,12,930
2022-01-05,4581,7000,245650,35.2,35.2,35.05,35.05,-0.05,4,935
2022-01-06,4581,9000,315250,35.05,35.1,34.8,35.05,0.0,8,924
2022-01-07,4581,9034,313990,34.75,35.0,34.65,35.0,-0.05,10,925
2022-01-10,4581,2000,70200,35.1,35.1,35.1,35.1,0.1,2,940
2022-01-11,4581,17412,599052,34.8,34.8,34.05,34.45,-0.65,17,908
2022-01-12,4581,2018,69834,34.6,34.6,34.6,34.6,0.15,3,946
2022-01-13,4581,6050,208537,34.5,34.5,34.45,34.45,-0.15,7,930
2022-01-14,4581,43050,1468965,34.5,34.5,33.85,34.0,-0.45,30,841
2022-01-17,4581,23019,785196,34.0,34.4,34.0,34.1,0.1,20,868
2022-01-18,4581,25000,853700,34.15,34.2,34.05,34.1,0.0,19,868
2022-01-19,4581,24000,818500,34.1,34.7,34.0,34.7,0.6,15,862
2022-01-20,4581,9000,311600,34.7,34.85,34.5,34.5,-0.2,6,917
2022-01-21,4581,29034,1001457,34.6,34.6,34.4,34.45,-0.05,20,881
2022-01-24,4581,3000,103050,34.35,34.35,34.35,34.35,-0.1,1,939
2022-01-25,4581,13000,447950,34.35,34.5,34.35,34.5,0.15,12,924
2022-01-26,4581,5000,173300,34.85,34.85,34.6,34.65,0.15,4,934
2022-02-07,4581,9000,312150,34.6,34.9,34.6,34.7,0.05,8,923
2022-02-08,4581,21000,740550,34.8,35.45,34.8,35.45,0.75,9,878
2022-02-09,4581,45000,1603100,35.7,36.2,35.2,35.25,-0.2,28,827
2022-02-10,4581,8070,286126,35.5,35.9,35.2,35.9,0.65,11,928
2022-02-11,4581,34150,1223641,35.9,36.2,35.65,36.0,0.1,15,842
2022-02-14,4581,11054,387950,35.05,35.1,35.05,35.1,-0.9,4,921
2022-02-15,4581,17056,613034,35.1,36.1,35.1,36.0,0.9,11,900
2022-02-16,4581,37044,1334661,36.0,36.4,35.2,36.0,0.0,12,835
2022-02-17,4581,7032,252580,36.0,36.1,35.65,35.65,-0.35,8,932
2022-02-18,4581,2000,71950,35.95,36.0,35.95,36.0,0.35,2,941
2022-02-21,4581,2000,71900,35.95,35.95,35.95,35.95,-0.05,2,945
2022-02-22,4581,1006,35272,35.05,35.05,35.05,35.05,-0.9,3,949
2022-02-23,4581,1000,36400,36.4,36.4,36.4,36.4,1.35,1,948
2022-02-24,4581,1000,36250,36.25,36.25,36.25,36.25,-0.15,1,953
2022-02-25,4581,0,0,0.0,0.0,0.0,0.0,0.0,0,953
2022-03-01,4581,10000,357800,35.05,36.2,35.05,36.2,0.0,9,923
2022-03-02,4581,1000,36300,36.3,36.3,36.3,36.3,0.1,1,950
2022-03-03,4581,2030,71488,35.2,35.2,35.2,35.2,-1.1,4,944
2022-03-04,4581,3022,106774,35.2,35.55,35.2,35.55,0.35,4,946
2022-03-07,4581,1104,39191,35.5,35.5,35.5,35.5,-0.05,4,952
2022-03-08,4581,14000,490100,35.1,35.6,34.55,35.0,-0.5,9,920
2022-03-09,4581,6000,209550,35.0,35.0,34.55,34.55,-0.45,6,938
2022-03-10,4581,5000,174650,34.9,35.0,34.9,35.0,0.45,5,936
2022-03-11,4581,3000,105200,35.0,35.1,35.0,35.1,0.1,3,938
2022-03-14,4581,1000,35200,35.2,35.2,35.2,35.2,0.1,1,948
2022-03-15,4581,0,0,0.0,0.0,0.0,0.0,0.0,0,955
2022-03-16,4581,4000,140100,35.15,35.15,34.8,35.1,0.0,4,940
2022-03-17,4581,1000,35150,35.15,35.15,35.15,35.15,0.05,1,952
2022-03-18,4581,1000,35200,35.2,35.2,35.2,35.2,0.05,1,947
2022-03-21,4581,2000,70000,35.0,35.0,35.0,35.0,-0.2,2,939
2022-03-22,4581,10000,350050,35.05,35.05,35.0,35.0,0.0,8,907
2022-03-23,4581,6000,210500,35.05,35.2,35.05,35.2,0.2,6,938
2022-03-24,4581,1000,35850,35.85,35.85,35.85,35.85,0.65,1,951
2022-03-25,4581,8000,283700,35.5,35.5,35.4,35.4,-0.45,8,924
2022-03-28,4581,11002,384820,35.3,35.3,34.9,34.95,-0.45,11,911
2022-03-29,4581,5021,174787,34.85,34.85,34.8,34.8,-0.15,7,934
2022-03-30,4581,8000,283200,35.5,35.5,35.15,35.4,0.6,7,937
2022-03-31,4581,3008,105580,35.1,35.1,35.1,35.1,-0.3,6,937
2022-04-01,4581,6037,215448,35.85,36.0,35.2,35.2,0.1,7,936
2022-04-06,4581,2000,70400,35.0,35.4,35.0,35.4,0.2,2,948
2022-04-07,4581,21000,744150,35.4,35.55,35.05,35.05,-0.35,10,906
2022-04-08,4581,8000,280500,35.0,35.3,35.0,35.0,-0.05,6,930
2022-04-11,4581,4000,139950,35.0,35.0,34.95,34.95,-0.05,4,944
2022-04-12,4581,3000,104700,34.9,34.9,34.9,34.9,-0.05,3,945
2022-04-13,4581,10000,349850,34.9,35.15,34.85,35.15,0.25,9,931
2022-04-14,4581,2000,70200,35.0,35.2,35.0,35.2,0.05,2,943
2022-04-15,4581,1000,35250,35.25,35.25,35.25,35.25,0.05,1,954
2022-04-18,4581,19000,664900,35.25,35.25,34.5,35.2,-0.05,18,886
2022-04-19,4581,2000,70500,35.25,35.25,35.25,35.25,0.05,2,952
2022-04-20,4581,3000,105250,35.0,35.25,35.0,35.25,0.0,3,948
2022-04-21,4581,4000,139900,35.0,35.0,34.9,35.0,-0.25,4,934
2022-04-22,4581,2002,69770,34.9,34.9,34.8,34.8,-0.2,3,942
2022-04-25,4581,3001,104435,34.8,34.8,34.8,34.8,0.0,4,947
2022-04-26,4581,4000,139100,34.8,34.8,34.7,34.7,-0.1,4,942
2022-04-27,4581,2001,70135,34.5,35.6,34.5,35.6,0.9,3,948
2022-04-28,4581,7000,242350,35.0,35.0,34.5,34.5,-1.1,7,921
2022-04-29,4581,3000,103250,34.5,34.5,34.35,34.35,-0.15,3,944
2022-05-03,4581,2000,69350,33.9,35.45,33.9,35.45,1.1,2,948
2022-05-04,4581,2000,68350,34.2,34.2,34.15,34.15,-1.3,2,944
2022-05-05,4581,0,0,0.0,0.0,0.0,0.0,0.0,0,955
2022-05-06,4581,2000,68750,33.9,34.85,33.9,34.85,0.0,2,949
2022-05-09,4581,24050,809250,33.9,33.9,33.5,33.5,-1.35,14,886
2022-05-10,4581,4000,132950,33.3,33.3,33.2,33.2,-0.3,3,938
2022-05-11,4581,10002,331565,33.3,34.2,32.5,32.5,-0.7,11,920
2022-05-12,4581,47122,1440490,31.4,32.2,30.0,30.7,-1.8,36,865
2022-05-13,4581,58074,1757850,31.0,31.1,29.9,30.0,-0.7,59,805
2022-05-16,4581,13080,393411,30.0,30.4,30.0,30.35,0.35,13,907
2022-05-17,4581,9000,271150,29.75,30.3,29.75,30.0,-0.35,9,918
2022-05-18,4581,10120,306080,30.05,30.95,30.0,30.55,0.55,10,938
2022-05-19,4581,16000,494500,30.9,31.0,30.9,31.0,0.45,6,903
2022-05-20,4581,7030,222430,31.85,31.9,31.05,31.05,0.05,9,934
2022-05-23,4581,7000,221550,31.85,31.85,31.5,31.5,0.45,7,924
2022-05-24,4581,6000,189750,31.8,31.8,31.5,31.5,0.0,6,930
2022-05-25,4581,3020,95230,31.55,31.55,31.5,31.5,0.0,4,943
2022-05-26,4581,10000,311100,31.2,32.35,30.85,32.35,0.85,7,914
2022-05-27,4581,3004,97379,32.45,32.45,32.4,32.4,0.05,4,943
2022-05-30,4581,11000,351850,32.85,32.9,31.55,31.55,-0.85,9,922
2022-05-31,4581,1000,31700,31.7,31.7,31.7,31.7,0.15,1,953
2022-06-01,4581,7024,221156,31.7,31.7,31.2,31.2,-0.5,8,930
2022-06-02,4581,1000,32100,32.1,32.1,32.1,32.1,0.9,1,952
2022-06-06,4581,6000,187300,31.25,31.25,31.2,31.2,-0.9,6,941
2022-06-07,4581,4000,124400,31.1,31.1,31.1,31.1,-0.1,4,947
2022-06-08,4581,6000,186950,31.2,31.2,31.05,31.05,-0.05,5,940
2022-06-09,4581,31000,942600,31.05,31.05,30.1,30.35,-0.7,25,845
2022-06-10,4581,14013,427045,30.15,30.95,30.15,30.95,0.6,13,904
2022-06-13,4581,4000,121800,30.95,30.95,30.25,30.25,-0.7,4,950
2022-06-14,4581,8033,244290,30.25,31.1,30.1,31.1,0.85,9,948
2022-06-15,4581,9324,290385,30.95,31.55,30.95,31.55,0.45,11,948
2022-06-16,4581,13,410,0.0,0.0,0.0,0.0,0.0,1,961
2022-06-17,4581,1002,31518,31.45,31.45,31.45,31.45,0.0,3,954
2022-06-20,4581,15000,458050,31.45,31.45,30.1,30.1,-1.35,12,923
2022-06-21,4581,2000,60200,30.1,30.1,30.1,30.1,0.0,2,956
2022-06-22,4581,1000,30250,30.25,30.25,30.25,30.25,0.15,1,952
2022-06-23,4581,1000,30300,30.3,30.3,30.3,30.3,0.05,1,959
2022-06-24,4581,10000,303300,30.4,30.85,30.15,30.85,0.55,8,937
2022-06-27,4581,11226,346528,31.6,31.6,30.25,30.25,-0.6,11,941
2022-06-28,4581,2000,60600,30.3,30.3,30.3,30.3,0.05,1,952
2022-06-29,4581,9000,277950,32.35,32.35,30.3,30.7,0.4,8,915
2022-06-30,4581,9001,272430,30.05,30.65,30.05,30.3,-0.4,7,937
2022-07-01,4581,12226,381957,31.35,31.35,31.1,31.1,0.8,13,943
2022-07-04,4581,5000,155550,31.05,31.35,31.05,31.35,0.25,4,948
2022-07-05,4581,4000,124850,31.5,31.5,30.4,30.4,-0.95,4,946
2022-07-06,4581,3008,90892,30.25,30.25,30.2,30.2,-0.2,4,948
2022-07-07,4581,6000,182550,30.1,31.1,30.05,31.1,0.9,4,939
2022-07-08,4581,13000,406000,31.05,31.35,31.05,31.35,0.25,10,916
2022-07-11,4581,8000,250500,31.35,31.35,31.3,31.3,-0.05,6,921
2022-07-12,4581,7000,215600,30.8,30.8,30.8,30.8,-0.5,6,939
2022-07-13,4581,6000,185200,31.0,31.0,30.8,30.8,0.0,2,935
2022-07-14,4581,1000,30800,30.8,30.8,30.8,30.8,0.0,1,956
2022-07-15,4581,12000,370600,30.8,31.0,30.8,31.0,0.2,8,916
2022-07-18,4581,3000,91750,30.55,30.6,30.55,30.6,-0.4,3,952
2022-07-19,4581,7544,240582,31.95,32.0,31.95,32.0,1.4,20,920
2022-07-20,4581,6000,191100,32.0,32.0,31.25,31.85,-0.15,4,946
2022-07-21,4581,15000,474900,31.95,31.95,31.2,31.5,0.0,10,884
2022-07-22,4581,16000,511150,31.9,32.0,31.9,31.95,0.45,10,898
2022-07-25,4581,3000,96050,32.0,32.05,32.0,32.05,0.1,2,947
2022-07-26,4581,10000,324100,32.5,32.6,32.3,32.6,0.55,7,932
2022-07-27,4581,1000,32800,32.8,32.8,32.8,32.8,0.2,1,957
2022-07-28,4581,5219,168102,32.3,32.75,31.4,31.4,-1.4,6,948
2022-07-29,4581,2219,70766,32.45,32.45,31.45,31.45,0.05,5,955
2022-08-01,4581,2000,64800,32.8,32.8,32.0,32.0,0.55,2,951
2022-08-02,4581,2000,64000,32.0,32.0,32.0,32.0,0.0,1,958
2022-08-03,4581,1000,32950,32.95,32.95,32.95,32.95,0.95,1,961
2022-08-04,4581,1002,32065,32.0,32.0,32.0,32.0,-0.95,2,957
2022-08-05,4581,1002,32364,32.3,32.3,32.3,32.3,0.3,2,961
2022-08-08,4581,2002,64264,32.1,32.1,32.1,32.1,-0.2,3,952
2022-08-09,4581,3000,91800,30.6,30.6,30.6,30.6,-1.5,3,948
2022-08-10,4581,1000,30850,30.85,30.85,30.85,30.85,0.25,1,960
2022-08-11,4581,1000,30900,30.9,30.9,30.9,30.9,0.05,1,955
2022-08-12,4581,2002,62059,31.0,31.0,31.0,31.0,0.1,3,950
2022-08-15,4581,2000,63600,31.8,31.8,31.8,31.8,0.8,2,954
2022-08-16,4581,2030,64110,31.25,31.9,31.25,31.9,0.1,4,952
2022-08-17,4581,4000,127200,31.9,31.9,31.5,31.9,0.0,4,957
2022-08-18,4581,0,0,0.0,0.0,0.0,0.0,0.0,0,958
2022-08-19,4581,1000,31950,31.95,31.95,31.95,31.95,0.0,1,953
2022-08-22,4581,1060,33920,32.0,32.0,32.0,32.0,0.05,2,957
2022-08-23,4581,4993,155090,32.0,32.0,31.1,31.1,-0.9,6,947
2022-08-24,4581,5000,157850,31.2,32.0,31.2,31.35,0.25,5,948
2022-08-25,4581,6000,192950,31.35,32.75,31.35,32.3,0.95,6,947
2022-08-26,4581,16000,521800,32.55,32.95,31.95,31.95,-0.35,14,924
2022-08-29,4581,5000,159200,32.0,32.0,31.65,31.65,-0.3,5,954
2022-08-30,4581,11000,350850,31.65,32.55,31.65,32.55,0.9,7,939
2022-08-31,4581,5144,165921,32.15,32.4,32.15,32.15,-0.4,8,943
2022-09-01,4581,5000,158100,31.8,31.8,31.55,31.6,-0.55,5,957
2022-09-02,4581,0,0,0.0,0.0,0.0,0.0,0.0,0,962
2022-09-05,4581,16000,500350,31.6,31.6,30.9,31.0,0.0,12,900
2022-09-06,4581,7064,220851,31.0,31.5,31.0,31.0,0.0,7,938
2022-09-07,4581,5000,155900,31.05,31.25,31.05,31.2,0.2,4,947
2022-09-08,4581,2000,62800,31.35,31.45,31.35,31.45,0.25,2,951
2022-09-12,4581,3187,103080,32.8,32.8,32.15,32.15,0.7,5,952
2022-09-13,4581,14040,449588,32.0,32.2,31.85,31.9,-0.25,15,913
2022-09-14,4581,21000,675800,31.55,32.8,31.55,32.8,0.9,12,888
2022-09-15,4581,64000,2203550,33.0,35.85,33.0,34.25,1.45,55,766
2022-09-16,4581,8000,275150,34.2,34.55,34.2,34.3,0.05,8,940
2022-09-19,4581,20004,674986,34.35,34.35,33.4,33.55,-0.75,18,893
2022-09-20,4581,37000,1291300,33.65,35.35,33.65,35.25,1.7,28,801
2022-09-21,4581,28040,948207,35.3,35.3,33.15,33.2,-2.05,31,865
2022-09-22,4581,9000,302100,33.35,33.8,33.35,33.65,0.45,9,930
2022-09-23,4581,11000,360950,32.9,33.3,32.6,32.65,-1.0,11,918
2022-09-26,4581,8000,261050,32.65,32.65,32.5,32.5,-0.15,6,946
2022-09-27,4581,3000,97500,32.5,32.5,32.5,32.5,0.0,2,949
2022-09-28,4581,10000,324300,33.7,33.7,32.0,32.0,-0.5,7,947
2022-09-29,4581,9061,285432,31.4,32.1,31.4,32.1,0.1,10,922
2022-09-30,4581,1000,32100,32.1,32.1,32.1,32.1,0.0,1,947
2022-10-03,4581,2000,64100,32.1,32.1,32.0,32.0,-0.1,2,950
2022-10-04,4581,1000,32150,32.15,32.15,32.15,32.15,0.15,1,955
2022-10-05,4581,11000,353100,32.05,33.4,31.8,33.4,1.25,8,925
2022-10-06,4581,4011,128955,32.5,32.5,32.0,32.0,-1.4,4,925
2022-10-07,4581,3000,96900,32.8,32.8,32.0,32.0,0.0,3,937
2022-10-11,4581,8000,252500,32.0,32.0,31.4,31.5,-0.5,6,941
2022-10-12,4581,16016,488092,31.0,31.4,30.2,30.5,-1.0,16,891
2022-10-13,4581,12000,366850,30.35,31.5,30.35,31.5,1.0,9,938
2022-10-14,4581,2000,64150,31.95,32.2,31.95,32.2,0.7,2,958
2022-10-17,4581,0,0,0.0,0.0,0.0,0.0,0.0,0,961
2022-10-18,4581,9000,287700,31.95,32.0,31.95,31.95,0.0,9,923
2022-10-19,4581,2000,63600,31.8,31.8,31.8,31.8,-0.15,1,948
2022-10-20,4581,7001,220482,31.55,31.55,31.25,31.25,-0.55,7,926
2022-10-21,4581,1000,31950,31.95,31.95,31.95,31.95,0.7,1,958
2022-10-24,4581,9001,278130,30.55,31.0,30.55,31.0,-0.95,9,917
2022-10-25,4581,13010,403312,31.0,31.0,31.0,31.0,0.0,7,907
2022-10-26,4581,5000,156100,31.05,31.5,31.0,31.5,0.5,5,936
2022-10-27,4581,1000,31500,31.5,31.5,31.5,31.5,0.0,1,956
2022-10-28,4581,8001,252081,31.5,31.55,31.5,31.55,0.05,6,899
2022-10-31,4581,4020,126634,31.5,31.5,31.5,31.5,-0.05,7,935
2022-11-01,4581,6000,189000,31.5,31.5,31.5,31.5,0.0,3,929
2022-11-02,4581,4000,126000,31.5,31.5,31.5,31.5,0.0,3,939
2022-11-03,4581,11000,346500,31.5,31.5,31.5,31.5,0.0,8,885
2022-11-04,4581,7000,220200,31.5,31.5,31.4,31.4,-0.1,6,928
2022-11-07,4581,9000,282800,31.45,31.45,31.4,31.4,0.0,5,929
2022-11-08,4581,0,0,0.0,0.0,0.0,0.0,0.0,0,965
2022-11-09,4581,3000,94200,31.4,31.4,31.4,31.4,0.0,2,951
2022-11-10,4581,5000,157050,31.05,31.5,31.05,31.5,0.1,5,927
2022-11-11,4581,7000,221250,31.6,31.9,31.5,31.9,0.4,7,943
2022-11-14,4581,21000,687250,31.95,33.4,31.95,33.25,1.35,8,888
2022-11-15,4581,9030,302761,34.0,34.0,33.0,33.25,0.0,9,938
2022-11-16,4581,0,0,0.0,0.0,0.0,0.0,0.0,0,965
2022-11-17,4581,8000,261100,32.5,33.0,32.05,33.0,0.0,7,929
2022-11-18,4581,0,0,0.0,0.0,0.0,0.0,0.0,0,963
2022-11-21,4581,0,0,0.0,0.0,0.0,0.0,0.0,0,963
2022-11-22,4581,1010,33282,32.95,32.95,32.95,32.95,0.0,2,961
2022-11-23,4581,3011,97263,32.25,32.4,32.25,32.4,-0.55,6,949
2022-11-24,4581,22000,723850,32.3,33.8,32.3,32.85,0.45,12,899
2022-11-25,4581,9016,291570,32.65,32.65,31.6,32.55,-0.3,9,919
2022-11-28,4581,2000,65100,32.5,32.6,32.5,32.6,0.05,2,952
2022-11-29,4581,7000,228250,32.6,32.65,32.6,32.65,0.05,4,927
2022-11-30,4581,5000,163250,32.65,32.65,32.65,32.65,0.0,5,948
2022-12-01,4581,8000,260850,32.65,32.9,32.15,32.9,0.25,5,942
2022-12-02,4581,11000,365500,33.6,33.6,32.9,33.25,0.35,10,920
2022-12-05,4581,7000,233100,33.3,33.3,33.3,33.3,0.05,5,946
2022-12-06,4581,3030,100602,33.3,33.3,33.15,33.15,-0.15,6,957
2022-12-07,4581,3000,99950,33.3,33.35,33.3,33.3,0.15,3,950
2022-12-08,4581,1000,33300,33.3,33.3,33.3,33.3,0.0,1,959
2022-12-09,4581,2000,66850,33.3,33.55,33.3,33.55,0.25,2,956
2022-12-12,4581,78030,2797266,35.5,36.45,34.8,34.8,1.25,68,705
2022-12-13,4581,25005,874076,34.95,35.6,34.7,34.7,-0.1,24,859
2022-12-14,4581,27000,957000,35.6,35.6,34.95,35.6,0.9,13,866
2022-12-15,4581,19079,670560,35.05,35.8,34.9,35.65,0.05,16,880
2022-12-16,4581,5104,181165,35.55,35.6,35.1,35.1,-0.55,8,953
2022-12-19,4581,2000,70650,35.55,35.55,35.1,35.1,0.0,2,954
2022-12-20,4581,5000,177200,35.7,35.7,35.1,35.6,0.5,4,949
2022-12-21,4581,3021,106448,34.5,35.6,34.5,35.6,0.0,5,947
2022-12-22,4581,2021,71202,34.9,35.55,34.9,35.55,-0.05,3,950
2022-12-23,4581,1100,39110,35.55,35.55,35.55,35.55,0.0,2,954
2022-12-26,4581,8142,283811,35.55,35.55,34.5,35.35,-0.2,9,907
2022-12-27,4581,1000,35400,35.4,35.4,35.4,35.4,0.05,1,961
2022-12-28,4581,1000,35400,35.4,35.4,35.4,35.4,0.0,1,964
2022-12-29,4581,9000,317350,34.1,35.6,34.1,35.6,0.2,8,902
2022-12-30,4581,15030,535418,36.1,36.1,35.3,35.75,0.15,14,869
2023-01-03,4581,7003,250006,35.7,35.7,35.7,35.7,-0.05,6,920
2023-01-04,4581,15032,521006,34.5,35.0,34.3,35.0,-0.7,16,858
2023-01-05,4581,15000,528750,36.15,36.15,34.6,35.5,0.5,15,877
2023-01-06,4581,24034,816307,34.45,34.65,33.5,34.05,-1.45,25,839
2023-01-09,4581,20000,682050,34.55,34.6,33.85,34.15,0.1,16,883
2023-01-10,4581,3000,102450,34.15,34.15,34.15,34.15,0.0,3,947
2023-01-11,4581,6000,203450,34.2,34.35,33.3,34.35,0.2,5,931
2023-01-12,4581,14000,474450,34.1,34.25,33.7,34.25,-0.1,9,884
2023-01-13,4581,13000,446500,33.65,34.5,33.65,34.45,0.2,7,900
2023-01-16,4581,2000,68500,34.15,34.35,34.15,34.35,-0.1,2,952
2023-01-17,4581,7000,241200,34.9,34.9,33.65,34.8,0.45,5,924
2023-01-30,4581,2207,77406,34.8,35.4,34.8,35.4,0.6,9,958
2023-01-31,4581,6005,208873,35.35,35.35,34.3,35.2,-0.2,6,937
2023-02-01,4581,2005,71429,35.65,35.65,35.6,35.6,0.4,3,960
2023-02-02,4581,14339,505421,35.5,35.5,35.0,35.4,-0.2,13,916
2023-02-03,4581,6000,209750,35.0,35.0,34.75,34.75,-0.65,4,948
2023-02-06,4581,16000,560700,35.85,35.85,34.75,35.2,0.45,11,892
2023-02-07,4581,31150,1106630,35.2,36.0,35.2,35.95,0.75,24,822
2023-02-08,4581,743108,29208151,36.15,39.5,36.15,39.5,3.55,481,398
2023-02-09,4581,378096,14691993,39.5,39.9,38.1,38.15,-1.35,275,482
2023-02-10,4581,301258,11836434,39.05,40.15,38.5,38.6,0.45,241,547
2023-02-13,4581,286520,11603414,39.2,41.8,39.0,40.2,1.6,240,522
2023-02-14,4581,132320,5302359,39.9,40.9,39.9,39.95,-0.25,96,633
2023-02-15,4581,136094,5390255,39.7,40.3,39.1,39.95,0.0,109,650
2023-02-16,4581,66250,2655361,39.95,40.45,39.65,39.7,-0.25,59,753
2023-02-17,4581,103061,4192020,39.5,41.5,38.65,40.8,1.1,83,692
2023-02-20,4581,105701,4411619,40.4,42.05,40.4,41.9,1.1,96,739
2023-02-21,4581,39232,1626404,41.1,41.85,41.1,41.7,-0.2,35,846
2023-02-22,4581,48100,1981920,41.0,41.7,40.9,41.35,-0.35,36,822
2023-02-23,4581,28219,1172710,41.5,41.65,41.3,41.3,-0.05,30,890
2023-02-24,4581,27145,1114195,41.3,41.4,40.85,41.0,-0.3,24,872
2023-03-01,4581,14006,571696,40.8,40.95,40.6,40.8,-0.2,18,915
2023-03-02,4581,33000,1337200,40.8,41.0,40.15,40.25,-0.55,21,847
2023-03-03,4581,57012,2277430,40.25,40.25,39.75,40.0,-0.25,53,809
2023-03-06,4581,47012,1881480,40.0,41.2,39.95,39.95,-0.05,37,866
2023-03-07,4581,17000,691650,40.2,41.3,40.2,40.45,0.5,12,918
2023-03-08,4581,12021,486009,40.05,40.85,40.05,40.3,-0.15,21,931
2023-03-09,4581,32001,1289439,40.1,40.7,40.1,40.3,0.0,21,888
2023-03-10,4581,39000,1574050,40.15,40.7,40.15,40.6,0.3,29,891
2023-03-13,4581,477210,20618963,43.3,44.65,41.0,43.15,2.55,353,539
2023-03-14,4581,120183,5068241,43.0,43.05,41.0,41.9,-1.25,87,697
2023-03-15,4581,65886,2741185,41.8,42.0,41.45,41.55,-0.35,51,789
2023-03-16,4581,128409,5161044,41.0,41.1,39.65,39.65,-1.9,113,759
2023-03-17,4581,80300,3225815,39.7,40.9,39.65,40.3,0.65,68,747
2023-03-20,4581,12105,492430,40.5,41.25,40.3,41.0,0.7,15,912
2023-03-21,4581,26404,1098674,41.8,41.95,41.3,41.6,0.6,27,878
2023-03-22,4581,28151,1181120,41.9,42.2,41.65,41.7,0.1,29,878
2023-03-23,4581,29032,1214833,41.7,42.0,41.7,41.9,0.2,25,875
2023-03-24,4581,49184,2074735,42.2,42.75,41.7,42.55,0.65,45,823
2023-03-27,4581,93512,4027526,43.0,44.05,42.3,43.0,0.45,87,747
2023-03-28,4581,47229,2038866,43.2,43.85,42.5,42.7,-0.3,49,824
2023-03-29,4581,19000,817550,43.7,43.7,42.75,42.9,0.2,16,886
2023-03-30,4581,113025,4946226,43.75,44.45,43.05,44.0,1.1,76,682
2023-03-31,4581,72050,3193052,43.05,44.9,43.05,44.35,0.35,50,760
2023-04-06,4581,221536,10438313,43.35,48.5,43.35,47.35,3.0,165,582
2023-04-07,4581,141404,6805130,47.45,49.3,46.25,47.95,0.6,145,632
2023-04-10,4581,727857,37174738,48.9,52.7,48.2,48.8,0.85,501,404
2023-04-11,4581,234053,11305166,47.5,49.35,47.5,48.9,0.1,213,596
2023-04-12,4581,261335,13392912,49.0,52.4,49.0,52.4,3.5,228,592
2023-04-13,4581,324102,17352845,54.8,54.9,52.8,53.1,0.7,269,564
2023-04-14,4581,114740,6032128,53.1,53.3,52.1,52.2,-0.9,117,715
2023-04-17,4581,97185,5125295,52.2,54.0,52.2,52.7,0.5,85,765
2023-04-18,4581,219490,11777113,53.6,54.9,52.2,52.6,-0.1,180,624
2023-04-19,4581,145320,7653866,52.6,53.8,51.2,51.2,-1.4,121,687
2023-04-20,4581,213245,10671983,51.4,51.6,49.3,49.35,-1.85,166,641
2023-04-21,4581,166326,8001526,50.3,50.3,47.1,47.85,-1.5,134,716
2023-04-24,4581,187187,8924988,47.65,49.95,46.9,48.8,0.95,134,591
2023-04-25,4581,41031,1995051,48.8,49.45,48.1,48.85,0.05,42,846
2023-04-26,4581,705533,37354643,48.6,53.7,48.6,53.7,4.85,514,389
2023-04-27,4581,1954198,113446091,57.0,59.0,55.0,59.0,5.3,1352,225
2023-04-28,4581,1163572,68742907,59.0,61.0,56.8,60.3,1.3,1014,313
2023-05-02,4581,869977,52578625,60.5,64.0,58.9,59.5,-0.8,801,341
2023-05-03,4581,578855,33267636,58.8,59.8,56.0,56.1,-3.4,466,379
2023-05-04,4581,325089,18700900,56.4,58.5,56.2,57.9,1.8,296,491
2023-05-05,4581,272573,15479537,58.3,59.0,55.2,56.2,-1.7,255,505
2023-05-08,4581,125300,7062255,57.3,57.3,55.8,56.4,0.2,113,634
2023-05-09,4581,156412,8690002,57.0,57.0,54.6,55.0,-1.4,136,621
2023-05-10,4581,442286,25557005,54.5,59.4,54.5,59.3,4.3,397,416
2023-05-11,4581,589799,34341710,60.7,60.7,56.5,57.4,-1.9,487,443
2023-05-12,4581,1223880,73494825,57.6,63.0,57.3,58.2,0.8,1001,278
2023-05-15,4581,1223813,75407640,58.3,63.2,58.3,63.1,4.9,987,283
2023-05-16,4581,2639838,173611515,63.8,69.4,62.5,62.5,-0.6,2121,187
2023-05-17,4581,2201382,145108466,63.9,68.3,63.9,68.3,5.8,1678,232
2023-05-18,4581,1232668,82563414,68.4,68.9,65.5,66.9,-1.4,1108,301
2023-05-19,4581,445412,29487802,67.2,67.5,65.5,65.7,-1.2,434,426
2023-05-22,4581,359196,23340161,65.2,65.7,64.3,65.3,-0.4,320,455
2023-05-23,4581,607933,40512051,65.0,68.0,64.8,65.9,0.6,485,382
2023-05-24,4581,245828,15980923,65.6,65.7,64.7,65.0,-0.9,204,523
2023-05-25,4581,258951,16638291,66.6,66.6,63.5,63.7,-1.3,220,517
2023-05-26,4581,490259,30785828,63.8,64.6,61.6,62.2,-1.5,335,462
2023-05-29,4581,455731,29273357,62.2,65.6,62.2,64.5,2.3,334,448
2023-05-30,4581,317668,20029974,64.5,64.7,62.0,62.9,-1.6,288,488
2023-05-31,4581,358527,22789989,62.9,65.3,62.0,65.3,2.4,272,497
2023-06-01,4581,149364,9626110,65.1,65.1,63.8,64.7,-0.6,134,611
2023-06-02,4581,290181,18821982,64.7,66.7,63.6,63.6,-1.1,238,545
2023-06-05,4581,335539,21677179,64.5,65.6,62.8,65.5,1.9,264,546
2023-06-06,4581,283369,18225185,65.6,66.5,63.5,64.0,-1.5,223,542
2023-06-07,4581,354304,23135876,63.8,66.2,63.6,65.1,1.1,264,510
2023-06-08,4581,230598,14921735,65.7,66.1,63.9,64.0,-1.1,177,580
2023-06-09,4581,273182,17379390,64.2,65.2,62.5,64.6,0.6,224,557
2023-06-12,4581,601673,37709118,63.3,64.1,61.6,62.6,-2.0,492,451
2023-06-13,4581,296279,18528135,63.7,63.7,61.7,63.2,0.6,250,564
2023-06-14,4581,1176742,78787405,63.3,69.0,63.3,68.2,5.0,814,348
2023-06-15,4581,852402,58119047,68.5,69.5,66.0,68.0,-0.2,706,388
2023-06-16,4581,317204,21324578,69.0,69.0,66.4,66.4,-1.6,271,555
2023-06-19,4581,386312,24913642,66.4,66.8,63.5,64.1,-2.3,423,505
2023-06-20,4581,189067,12088746,64.2,65.0,63.2,64.9,0.8,191,596
