date,stock_id,Trading_Volume,Trading_money,open,max,min,close,spread,Trading_turnover,Trading_money_rank
2022-05-09,4583,1148618,235688618,203.0,214.5,198.5,212.5,0.0,979,163
2022-05-10,4583,410861,86581004,204.5,215.0,203.0,211.5,-1.0,358,260
2022-05-11,4583,260333,54458647,209.5,212.0,207.0,208.0,-3.5,237,313
2022-05-12,4583,522357,107416970,208.0,208.5,203.0,207.0,-1.0,321,251
2022-05-13,4583,291444,59794915,207.0,209.0,202.0,205.0,-2.0,226,290
2022-05-16,4583,99076,20164018,205.0,205.5,202.0,202.5,-2.5,112,445
2022-05-17,4583,208475,43043917,203.0,211.0,203.0,206.0,3.5,147,307
2022-05-18,4583,88397,18273686,208.0,208.5,205.0,206.0,0.0,101,455
2022-05-19,4583,53660,10890162,203.0,204.0,202.0,203.0,-3.0,71,505
2022-05-20,4583,43360,8853827,204.0,205.0,203.0,203.0,0.0,54,520
2022-05-23,4583,194904,40769255,204.5,211.5,204.5,209.5,6.5,208,307
2022-05-24,4583,70329,14523127,209.0,209.0,204.5,207.0,-2.5,75,471
2022-05-25,4583,21001,4322208,207.0,207.5,205.0,206.0,-1.0,22,633
2022-05-26,4583,85340,17419720,206.0,206.5,203.0,203.5,-2.5,67,432
2022-05-27,4583,28770,5859770,204.0,204.0,203.5,203.5,0.0,38,573
2022-05-30,4583,59529,12184968,205.0,205.5,204.0,204.0,0.5,64,519
2022-05-31,4583,31258,6384516,203.5,205.0,203.5,204.5,0.5,32,581
2022-06-01,4583,152077,31725125,205.0,210.5,205.0,210.0,5.5,156,375
2022-06-02,4583,502650,111127200,210.5,225.5,210.5,221.5,11.5,501,221
2022-06-06,4583,270802,59952100,221.5,224.5,217.5,221.0,-0.5,303,271
2022-06-07,4583,152312,32988980,221.0,221.0,214.5,217.0,-4.0,164,328
2022-06-08,4583,135521,29378377,219.0,220.0,215.0,215.0,-2.0,169,356
2022-06-09,4583,132999,28829335,214.0,219.0,213.0,218.5,3.5,164,354
2022-06-10,4583,247387,55178038,217.5,227.0,216.0,226.5,8.0,476,284
2022-06-13,4583,465599,107567716,223.0,239.0,220.0,234.0,7.5,1167,231
2022-06-14,4583,290572,66858940,229.5,235.5,223.5,233.0,-1.0,723,282
2022-06-15,4583,313273,74322859,230.0,243.5,230.0,241.0,8.0,789,265
2022-06-16,4583,289747,69887109,242.0,248.0,234.0,236.0,-5.0,1044,301
2022-06-17,4583,162992,37367595,233.0,235.5,225.5,230.0,-6.0,1002,379
2022-06-20,4583,139070,31505124,228.0,229.0,222.0,227.0,-3.0,175,431
2022-06-21,4583,90391,20673668,229.0,231.0,227.0,227.5,0.5,105,456
2022-06-22,4583,73495,16505628,228.0,228.0,222.0,224.0,-3.5,92,474
2022-06-23,4583,85703,18827801,222.0,222.5,216.5,217.5,-6.5,112,470
2022-06-24,4583,46344,10228422,223.0,223.0,219.0,221.5,4.0,53,560
2022-06-27,4583,79274,17916620,224.5,228.0,223.0,226.5,5.0,82,459
2022-06-28,4583,36522,8188451,225.0,227.0,223.0,225.5,-1.0,107,505
2022-06-29,4583,71687,15729049,223.5,223.5,218.0,220.0,-5.5,175,424
2022-06-30,4583,58728,12723915,217.0,219.0,213.0,219.0,-1.0,347,558
2022-07-01,4583,68594,14608904,216.0,216.0,209.0,209.0,-10.0,101,574
2022-07-04,4583,44758,9441769,209.0,212.0,206.0,212.0,3.0,45,569
2022-07-05,4583,20293,4317811,215.0,215.5,209.0,212.5,0.5,29,679
2022-07-06,4583,26179,5530850,213.5,213.5,209.5,209.5,-3.0,34,638
2022-07-07,4583,68573,14882877,213.0,220.0,211.0,219.0,9.5,82,476
2022-07-08,4583,29345,6374611,219.0,220.0,215.0,219.0,0.0,149,612
2022-07-11,4583,17027,3710373,220.0,220.0,216.5,217.0,-2.0,21,655
2022-07-12,4583,12313,2572112,210.5,210.5,208.0,208.5,-8.5,28,762
2022-07-13,4583,41218,8780825,213.0,215.0,209.0,215.0,6.5,41,546
2022-07-14,4583,23117,4935655,213.5,215.0,210.5,214.0,-1.0,26,605
2022-07-15,4583,20277,4325556,216.0,216.0,212.0,214.0,0.0,28,630
2022-07-18,4583,24794,5297478,215.5,215.5,212.5,214.0,0.0,33,623
2022-07-19,4583,38047,8030950,212.0,212.5,209.5,212.0,-2.0,36,522
2022-07-20,4583,41703,8863942,215.0,215.0,210.0,212.0,0.0,43,563
2022-07-21,4583,20470,4345871,211.5,213.0,211.5,212.5,0.5,34,631
2022-07-22,4583,46206,9866355,213.0,215.5,213.0,215.5,3.0,51,528
2022-07-25,4583,16064,3424227,215.0,215.0,211.5,213.0,-2.5,20,636
2022-07-26,4583,8110,1729015,213.0,214.0,213.0,214.0,1.0,11,758
2022-07-27,4583,9484,2019781,213.0,213.0,212.5,213.0,-1.0,22,722
2022-07-28,4583,33340,7063835,213.0,214.0,210.0,210.5,-2.5,36,542
2022-07-29,4583,43282,9072360,210.0,210.0,209.0,209.5,-1.0,48,508
2022-08-01,4583,11112,2337490,214.0,214.0,209.5,210.5,1.0,15,723
2022-08-02,4583,20569,4254343,208.5,208.5,206.0,208.0,-2.5,42,668
2022-08-03,4583,8105,1686787,210.0,210.0,207.0,207.0,-1.0,13,777
2022-08-04,4583,14107,2892656,205.5,205.5,203.5,205.5,-1.5,17,730
2022-08-05,4583,26013,5488282,205.5,214.5,205.5,211.0,5.5,27,626
2022-08-08,4583,12265,2554402,208.5,210.0,207.0,207.0,-4.0,16,722
2022-08-09,4583,110091,22215430,207.0,207.0,199.5,201.5,-5.5,126,402
2022-08-10,4583,18231,3698752,201.5,204.0,201.5,202.5,1.0,53,698
2022-08-11,4583,13234,2689213,203.5,204.0,202.5,203.0,0.5,21,779
2022-08-12,4583,17253,3527015,202.0,206.0,202.0,205.0,2.0,19,726
2022-08-15,4583,16205,3349707,206.0,208.0,205.5,207.0,2.0,20,749
2022-08-16,4583,26058,5341619,209.0,209.0,203.5,203.5,-3.5,32,662
2022-08-17,4583,64484,12982139,203.5,204.0,200.0,201.5,-2.0,76,551
2022-08-18,4583,18245,3685764,201.0,203.0,201.0,202.5,1.0,46,705
2022-08-19,4583,29675,6032585,202.5,205.5,202.5,203.5,1.0,48,664
2022-08-22,4583,29845,6026942,204.5,204.5,201.0,201.5,-2.0,135,657
2022-08-23,4583,43264,8666290,200.0,203.0,200.0,201.5,0.0,45,576
2022-08-24,4583,4175,843028,201.5,202.0,201.5,202.0,0.5,13,879
2022-08-25,4583,35324,7231175,202.0,206.5,202.0,206.0,4.0,47,624
2022-08-26,4583,132208,28139882,208.0,214.5,208.0,214.0,8.0,165,425
2022-08-29,4583,47589,9986497,212.0,212.0,208.0,210.0,-4.0,335,598
2022-08-30,4583,36138,7587508,212.0,212.0,209.0,211.5,1.5,41,585
2022-08-31,4583,24040,5068440,210.0,212.0,209.5,211.5,0.0,25,674
2022-09-01,4583,30168,6294418,209.5,209.5,208.0,209.0,-2.5,38,661
2022-09-02,4583,27409,5749843,208.5,211.0,208.0,210.5,1.5,39,623
2022-09-05,4583,28815,6072499,210.5,211.5,210.0,210.0,-0.5,72,648
2022-09-06,4583,18248,3815937,210.0,210.0,208.5,209.0,-1.0,103,711
2022-09-07,4583,21049,4362205,208.0,208.5,205.5,208.5,-0.5,27,699
2022-09-08,4583,46712,9530792,205.0,206.0,202.0,206.0,-2.5,60,530
2022-09-12,4583,32596,6839134,210.0,210.0,209.0,209.0,3.0,39,619
2022-09-13,4583,16110,3361050,207.0,210.0,207.0,208.0,-1.0,18,701
2022-09-14,4583,7556,1567414,205.0,208.0,205.0,208.0,0.0,30,816
2022-09-15,4583,2050,427900,208.5,209.0,208.5,209.0,1.0,52,930
2022-09-16,4583,6260,1296849,207.5,208.0,206.0,208.0,-1.0,13,815
2022-09-19,4583,100,20700,0.0,0.0,0.0,0.0,0.0,4,961
2022-09-20,4583,9032,1857625,205.0,208.0,205.0,208.0,0.0,13,748
2022-09-21,4583,4010,833060,208.0,208.0,207.5,207.5,-0.5,5,876
2022-09-22,4583,58319,11809325,205.0,206.0,199.0,205.5,-2.0,227,503
2022-09-23,4583,9060,1856105,207.0,207.0,203.5,205.0,-0.5,11,794
2022-09-26,4583,17105,3465787,205.0,205.0,200.5,201.0,-4.0,28,785
2022-09-27,4583,1290,262790,204.5,204.5,204.5,204.5,3.5,9,923
2022-09-28,4583,45253,9076273,201.5,202.5,199.5,201.5,-3.0,151,632
2022-09-29,4583,4685,944960,202.5,202.5,201.0,202.0,0.5,98,852
2022-09-30,4583,21358,4263727,199.5,201.0,198.5,200.0,-2.0,165,660
2022-10-03,4583,6451,1291690,200.0,201.0,199.5,199.5,-0.5,19,792
2022-10-04,4583,13107,2626960,201.0,201.0,200.0,200.0,0.5,23,715
2022-10-05,4583,28040,5610060,200.0,201.5,199.0,200.0,0.0,24,630
2022-10-06,4583,21048,4209630,200.0,200.5,199.5,200.5,0.5,41,609
2022-10-07,4583,7052,1405400,200.0,200.0,199.0,199.5,-1.0,11,761
2022-10-11,4583,73794,14349480,195.5,198.0,190.5,195.0,-4.5,78,504
2022-10-12,4583,30305,5872540,195.0,195.0,191.5,194.5,-0.5,37,604
2022-10-13,4583,19191,3635076,192.5,192.5,185.0,187.0,-7.5,28,768
2022-10-14,4583,9526,1807055,189.5,190.0,189.0,189.5,2.5,22,789
2022-10-17,4583,8187,1530344,185.0,189.5,183.0,185.0,-4.5,11,772
2022-10-18,4583,4012,752756,187.0,188.0,187.0,187.5,2.5,8,845
2022-10-19,4583,29002,5284876,185.0,185.5,178.0,178.0,-9.5,30,577
2022-10-20,4583,83600,14284755,175.5,175.5,167.0,169.5,-8.5,104,520
2022-10-21,4583,8740,1478562,168.5,171.0,168.0,171.0,1.5,23,751
2022-10-24,4583,40462,7026640,174.5,175.5,170.5,170.5,-0.5,48,550
2022-10-25,4583,30497,5117144,174.0,174.0,166.5,167.0,-3.5,49,596
2022-10-26,4583,32270,5377934,167.5,169.5,165.0,169.0,2.0,31,567
2022-10-27,4583,33366,5628222,166.0,172.0,165.0,172.0,3.0,42,567
2022-10-28,4583,5025,854295,170.0,170.0,170.0,170.0,-2.0,7,789
2022-10-31,4583,26257,4493476,171.5,172.0,171.0,172.0,2.0,26,558
2022-11-01,4583,7343,1276998,173.0,175.0,173.0,174.0,2.0,20,775
2022-11-02,4583,23538,4220004,176.5,182.0,176.5,182.0,8.0,50,599
2022-11-03,4583,28528,5148595,182.0,182.5,180.0,182.5,0.5,29,554
2022-11-04,4583,5794,1049226,179.0,183.0,179.0,183.0,0.5,118,804
2022-11-07,4583,13080,2418237,185.0,185.5,184.0,184.5,1.5,20,739
2022-11-08,4583,17594,3271574,184.5,187.5,184.5,187.5,3.0,97,700
2022-11-09,4583,16586,3037247,184.5,185.5,182.0,182.5,-5.0,38,731
2022-11-10,4583,12025,2174530,182.0,182.5,180.0,182.5,0.0,13,729
2022-11-11,4583,38101,7064987,185.0,188.5,182.5,184.5,2.0,30,647
2022-11-14,4583,21168,3912773,185.0,185.0,184.0,185.0,0.5,29,715
2022-11-15,4583,261193,48274554,184.5,191.0,184.0,191.0,6.0,99,328
2022-11-16,4583,12476,2323471,186.0,188.5,185.0,185.0,-6.0,20,788
2022-11-17,4583,10187,1872349,182.0,185.0,182.0,185.0,0.0,34,760
2022-11-18,4583,12029,2223365,185.0,185.0,184.0,184.0,-1.0,14,752
2022-11-21,4583,9550,1769386,186.0,186.0,185.0,185.0,1.0,37,750
2022-11-22,4583,4040,747490,185.0,185.0,185.0,185.0,0.0,35,849
2022-11-23,4583,5150,958900,187.5,187.5,185.0,185.0,0.0,155,847
2022-11-24,4583,20148,3769180,186.0,188.0,186.0,188.0,3.0,32,683
2022-11-25,4583,4280,798590,185.0,188.5,185.0,185.5,-2.5,9,869
2022-11-28,4583,3170,586435,185.0,185.0,185.0,185.0,-0.5,38,881
2022-11-29,4583,8091,1493335,183.0,185.0,183.0,184.0,-1.0,13,797
2022-11-30,4583,18087,3352106,184.0,188.5,184.0,188.5,4.5,93,742
2022-12-01,4583,9048,1714607,188.5,190.0,188.5,189.0,0.5,35,833
2022-12-02,4583,8213,1543400,188.0,188.5,187.0,188.0,-1.0,93,821
2022-12-05,4583,18106,3415037,188.5,189.0,188.5,189.0,1.0,18,746
2022-12-06,4583,21094,3997788,188.5,190.5,188.5,190.5,1.5,23,723
2022-12-07,4583,7012,1319286,188.5,188.5,188.0,188.0,-2.5,9,828
2022-12-08,4583,1000,187000,187.0,187.0,187.0,187.0,-1.0,1,936
2022-12-09,4583,8000,1494000,188.0,188.0,186.0,186.5,-0.5,8,793
2022-12-12,4583,7923,1475516,185.0,188.0,185.0,188.0,1.5,25,791
2022-12-13,4583,18044,3348772,188.0,188.0,185.0,187.0,-1.0,20,705
2022-12-14,4583,11153,2110115,189.5,190.5,189.0,190.5,3.5,18,776
2022-12-15,4583,2061,392624,190.5,190.5,190.5,190.5,0.0,5,917
2022-12-16,4583,11031,2082852,190.0,190.0,188.0,188.0,-2.5,13,787
2022-12-19,4583,3191,600559,188.0,188.0,188.0,188.0,0.0,11,876
2022-12-20,4583,13000,2411000,187.0,187.0,185.0,185.0,-3.0,9,784
2022-12-21,4583,9010,1669870,185.0,186.0,185.0,185.0,0.0,8,760
2022-12-22,4583,13160,2454310,187.5,188.0,185.5,186.0,1.0,16,687
2022-12-23,4583,11031,2029734,184.0,184.0,184.0,184.0,-2.0,12,697
2022-12-26,4583,1000,183500,183.5,183.5,183.5,183.5,-0.5,1,933
2022-12-27,4583,4005,737945,184.0,185.0,184.0,185.0,1.5,4,843
2022-12-28,4583,16020,2949230,184.0,185.0,184.0,184.0,-1.0,11,688
2022-12-29,4583,7102,1300378,182.0,184.0,182.0,183.0,-1.0,7,781
2022-12-30,4583,4055,749185,184.0,185.0,184.0,185.0,2.0,10,835
2023-01-03,4583,10000,1833000,183.0,184.0,183.0,184.0,-1.0,7,728
2023-01-04,4583,9000,1656500,184.0,184.5,184.0,184.0,0.0,6,734
2023-01-05,4583,20001,3684691,185.0,185.0,184.0,184.0,0.0,11,643
2023-01-06,4583,9395,1729075,184.0,185.0,184.0,184.0,0.0,16,738
2023-01-09,4583,15109,2798932,184.5,187.0,184.0,187.0,3.0,17,734
2023-01-10,4583,102426,20525278,192.0,205.0,192.0,205.0,18.0,168,398
2023-01-11,4583,41814,8351828,204.0,204.0,195.0,199.5,-5.5,719,527
2023-01-12,4583,19033,3772774,198.0,199.0,197.0,197.0,-2.5,121,649
2023-01-13,4583,7230,1424032,197.5,197.5,196.0,197.5,0.5,97,791
2023-01-16,4583,13702,2726700,199.0,200.0,197.5,198.0,0.5,95,686
2023-01-17,4583,13322,2647791,197.0,200.0,197.0,198.5,0.5,78,695
2023-01-30,4583,50506,10149907,200.5,203.5,199.5,199.5,1.0,80,556
2023-01-31,4583,29019,5800300,200.0,200.5,199.5,200.0,0.5,25,634
2023-02-01,4583,87333,17402806,205.0,205.0,197.0,199.5,-0.5,91,491
2023-02-02,4583,104647,21312719,200.0,206.5,199.0,205.0,5.5,119,472
2023-02-03,4583,42506,8670402,205.0,205.0,202.5,205.0,0.0,48,596
2023-02-06,4583,7402,1507566,204.5,204.5,203.0,204.5,-0.5,26,809
2023-02-07,4583,43156,8647018,201.0,201.0,200.0,201.0,-3.5,55,575
2023-02-08,4583,70659,14525796,203.0,207.0,202.5,206.5,5.5,88,514
2023-02-09,4583,45819,9337292,202.0,207.0,202.0,203.5,-3.0,64,556
2023-02-10,4583,18747,3783511,203.5,203.5,200.5,201.5,-2.0,32,722
2023-02-13,4583,30179,6026895,200.5,200.5,199.0,199.5,-2.0,38,633
2023-02-14,4583,10235,2059688,198.5,203.0,198.5,202.0,2.5,22,775
2023-02-15,4583,13091,2618895,200.0,201.0,199.5,200.0,-2.0,17,755
2023-02-16,4583,10034,2013865,200.0,201.0,200.0,201.0,1.0,15,797
2023-02-17,4583,14239,2847917,200.0,201.0,199.0,200.0,-1.0,28,741
2023-02-20,4583,26308,5249872,200.0,200.0,199.0,199.0,-1.0,43,712
2023-02-21,4583,28031,5599737,200.0,205.0,198.0,200.0,1.0,30,678
2023-02-22,4583,10203,2028720,200.0,200.0,198.0,199.5,-0.5,19,820
2023-02-23,4583,41388,8325817,200.0,202.5,199.5,202.5,3.0,48,643
2023-02-24,4583,11166,2245750,202.0,202.0,200.5,201.0,-1.5,23,820
2023-03-01,4583,15048,3046754,203.0,203.0,202.0,203.0,2.0,22,773
2023-03-02,4583,123493,25446490,203.0,209.0,203.0,207.0,4.0,117,436
2023-03-03,4583,119088,25070023,208.0,212.0,208.0,212.0,5.0,149,463
2023-03-06,4583,265291,59772207,218.0,230.0,218.0,229.0,17.0,396,366
2023-03-07,4583,185609,42426791,228.0,233.0,223.0,227.0,-2.0,630,403
2023-03-08,4583,100749,22844703,225.0,229.0,225.0,228.0,1.0,125,514
2023-03-09,4583,119148,27158688,230.0,231.0,223.0,230.0,2.0,153,484
2023-03-10,4583,97326,21952884,229.5,230.0,224.0,225.5,-4.5,154,555
2023-03-13,4583,242996,54712104,225.5,230.0,218.0,225.0,-0.5,264,370
2023-03-14,4583,80982,17808089,224.0,224.0,218.0,220.0,-5.0,103,497
2023-03-15,4583,44902,9895786,223.0,223.0,218.0,219.5,-0.5,67,594
2023-03-16,4583,93803,19778884,219.5,219.5,206.0,210.0,-9.5,183,542
2023-03-17,4583,41040,8707250,211.0,215.5,210.0,211.0,1.0,79,600
2023-03-20,4583,41537,8851390,215.0,216.5,209.0,211.0,0.0,81,571
2023-03-21,4583,42251,8970169,211.5,213.5,211.5,211.5,0.5,78,605
2023-03-22,4583,31106,6653937,212.0,215.0,212.0,214.5,3.0,80,663
2023-03-23,4583,134950,29367451,212.5,220.0,212.5,219.5,5.0,210,445
2023-03-24,4583,59179,12318633,209.5,210.0,206.5,210.0,0.0,166,589
2023-03-27,4583,45206,9428934,210.0,210.0,207.5,208.0,-2.0,92,621
2023-03-28,4583,34435,7069112,206.0,206.0,204.5,204.5,-3.5,77,666
2023-03-29,4583,107625,22739523,205.5,213.0,205.5,213.0,8.5,127,438
2023-03-30,4583,36966,7794820,213.0,213.0,209.5,210.0,-3.0,301,604
2023-03-31,4583,55180,11477767,210.0,210.0,206.5,209.0,-1.0,70,548
2023-04-06,4583,266754,58007284,210.0,223.0,210.0,217.0,8.0,281,333
2023-04-07,4583,69459,15064810,217.5,219.5,215.5,216.0,-1.0,330,528
2023-04-10,4583,181551,40685204,216.0,227.0,216.0,223.0,7.0,558,391
2023-04-11,4583,72295,16147836,225.0,225.5,222.5,223.0,0.0,244,539
2023-04-12,4583,89370,20018312,224.0,225.0,223.0,224.0,1.0,98,537
2023-04-13,4583,78334,17125859,223.0,223.0,215.0,218.0,-6.0,102,570
2023-04-14,4583,50345,11112845,220.5,222.5,219.5,220.5,2.5,146,612
2023-04-17,4583,70227,15333809,216.5,220.5,215.0,217.5,-3.0,82,592
2023-04-18,4583,76337,16482932,218.5,218.5,214.0,214.0,-3.5,78,571
2023-04-19,4583,42278,9057724,214.0,216.0,213.0,213.0,-1.0,48,669
2023-04-20,4583,93532,19879076,211.0,217.0,206.0,214.0,1.0,99,532
2023-04-21,4583,48903,10504521,214.0,219.0,212.0,212.0,-2.0,70,671
2023-04-24,4583,33427,7106081,215.0,215.0,212.0,212.0,0.0,178,627
2023-04-25,4583,37969,8013079,215.0,215.0,208.0,209.0,-3.0,51,688
2023-04-26,4583,30623,6464268,209.0,213.5,208.5,213.5,4.5,44,642
2023-04-27,4583,52806,11323267,212.5,216.5,211.5,216.5,3.0,63,523
2023-04-28,4583,46615,10134023,218.5,219.0,216.5,217.0,0.5,171,572
2023-05-02,4583,28245,6074691,217.0,217.0,214.0,215.0,-2.0,55,671
2023-05-03,4583,26403,5647400,213.0,215.5,213.0,213.0,-2.0,31,643
2023-05-04,4583,20362,4345668,214.0,214.5,213.0,213.0,0.0,21,703
2023-05-05,4583,27215,5756057,214.0,214.0,211.0,211.0,-2.0,30,660
2023-05-08,4583,39167,8143164,211.0,211.0,207.0,207.0,-4.0,76,613
2023-05-09,4583,25777,5290431,206.0,206.0,204.0,204.0,-3.0,53,708
2023-05-10,4583,106291,20980461,200.5,200.5,195.0,197.0,-7.0,155,451
2023-05-11,4583,15206,2994878,197.0,197.5,196.0,197.5,0.5,30,817
2023-05-12,4583,12884,2519095,197.5,197.5,195.0,197.5,0.0,45,777
2023-05-15,4583,20510,3994269,197.0,197.0,193.5,195.5,-2.0,176,731
2023-05-16,4583,18530,3651202,195.5,198.5,195.5,198.0,2.5,34,754
2023-05-17,4583,74576,14973790,198.0,206.0,198.0,202.0,4.0,65,574
2023-05-18,4583,23303,4684968,202.0,202.0,200.0,200.0,-2.0,36,736
2023-05-19,4583,36852,7380597,200.0,201.5,198.5,198.5,-1.5,50,643
2023-05-22,4583,17803,3550574,199.5,200.0,198.5,199.0,0.5,606,745
2023-05-23,4583,37135,7449282,200.0,201.0,199.5,200.5,1.5,25,648
2023-05-24,4583,53712,10690400,200.0,200.0,197.0,200.0,-0.5,52,578
2023-05-25,4583,46695,9184272,199.0,199.0,192.5,194.5,-5.5,58,607
2023-05-26,4583,9706,1897077,195.0,196.0,194.5,196.0,1.5,34,846
2023-05-29,4583,7360,1449360,197.0,197.0,196.0,196.0,0.0,19,850
2023-05-30,4583,10664,2082928,196.0,196.5,195.0,196.5,0.5,23,805
2023-05-31,4583,28780,5600048,196.0,196.0,193.5,193.5,-3.0,58,686
2023-06-01,4583,23570,4550091,193.5,194.5,192.0,193.5,0.0,38,732
2023-06-02,4583,12758,2474111,193.5,194.5,193.5,194.0,0.5,32,831
2023-06-05,4583,13530,2651590,194.0,197.0,193.5,196.5,2.5,24,834
2023-06-06,4583,27359,5289891,196.0,196.0,192.0,194.5,-2.0,56,706
2023-06-07,4583,17263,3407373,196.5,198.0,196.5,197.5,3.0,25,809
2023-06-08,4583,31645,6286808,198.0,200.0,197.0,197.5,0.0,46,708
2023-06-09,4583,25226,4970374,196.5,198.0,196.0,197.5,0.0,35,753
2023-06-12,4583,10343,2039717,197.5,197.5,197.0,197.5,0.0,22,864
2023-06-13,4583,14305,2814242,196.0,197.5,196.0,196.0,-1.5,28,827
2023-06-14,4583,11360,2217488,195.0,196.0,195.0,195.0,-1.0,31,839
2023-06-15,4583,73799,14725876,194.0,201.0,194.0,201.0,6.0,89,589
2023-06-16,4583,53929,10829314,202.0,202.0,200.0,200.0,-1.0,56,656
2023-06-19,4583,30195,6020148,197.5,200.0,197.5,199.5,-0.5,45,716
2023-06-20,4583,17510,3493155,197.0,200.0,197.0,199.5,0.0,194,774
2023-06-21,4583,279607,56774877,200.0,206.0,199.0,206.0,6.5,358,380
2023-06-26,4583,499233,108563158,208.0,224.0,208.0,215.0,9.0,798,284
2023-06-27,4583,63377,13423262,214.5,215.0,209.0,211.5,-3.5,1407,613
2023-06-28,4583,66739,13937150,213.0,213.0,207.5,208.5,-3.0,355,569
2023-06-29,4583,51640,10730274,210.0,210.0,205.0,208.0,-0.5,80,602
2023-06-30,4583,535978,117156530,212.0,223.0,212.0,222.0,14.0,807,275
2023-07-03,4583,510291,123584504,235.0,244.0,234.5,244.0,22.0,478,287
2023-07-04,4583,2612569,695052044,268.0,268.0,258.0,266.0,22.0,2486,99
2023-07-05,4583,1707765,466596726,268.0,286.5,260.0,273.0,7.0,2011,122
2023-07-06,4583,1004997,275539538,277.0,283.0,265.0,267.5,-5.5,1402,204
2023-07-07,4583,664033,176768184,265.0,272.0,261.5,263.5,-4.0,936,244
2023-07-10,4583,759946,198286309,264.5,268.0,251.5,253.0,-10.5,860,208
2023-07-11,4583,989840,264277379,259.0,274.5,256.0,270.0,17.0,1067,170
2023-07-12,4583,551967,146284756,270.0,273.0,259.5,264.0,-6.0,963,249
2023-07-13,4583,526272,138789986,267.0,271.5,256.5,256.5,-7.5,721,272
2023-07-14,4583,370006,96239442,260.0,263.5,257.0,258.0,1.5,782,-1
