date,stock_id,Trading_Volume,Trading_money,open,max,min,close,spread,Trading_turnover,Trading_money_rank
2018-11-28,4766,4114951,375998516,88.0,94.5,87.0,94.0,0.0,3263,78
2018-11-29,4766,3901714,415790105,100.0,113.5,99.1,112.5,18.5,2674,75
2018-11-30,4766,2234254,247691448,113.0,114.5,105.5,112.0,-0.5,1689,127
2018-12-03,4766,1950044,217606884,113.5,116.0,108.5,112.0,0.0,1429,148
2018-12-04,4766,2448638,281482239,112.0,120.0,111.5,120.0,8.0,1714,113
2018-12-05,4766,1655750,190683000,115.0,118.5,113.0,116.5,-3.5,1214,119
2018-12-06,4766,2239559,239189813,112.5,113.0,105.0,107.0,-9.5,1486,117
2018-12-07,4766,1013571,110223810,106.0,111.5,105.5,110.0,3.0,789,140
2018-12-10,4766,591219,63628433,106.5,110.0,104.0,107.0,-3.0,457,188
2018-12-11,4766,1352455,150522187,109.0,114.5,107.0,113.0,6.0,899,122
2018-12-12,4766,905980,102117768,113.0,114.5,111.0,112.0,-1.0,661,172
2018-12-13,4766,3967789,478976547,115.0,123.0,115.0,123.0,11.0,2119,47
2018-12-14,4766,2329581,277644139,118.5,122.0,116.5,119.0,-4.0,1470,75
2018-12-17,4766,680102,80036240,118.0,120.0,116.0,116.5,-2.5,521,175
2018-12-18,4766,1296900,145834700,116.5,116.5,108.0,113.0,-3.5,929,138
2018-12-19,4766,1003212,116051404,114.0,119.0,112.0,118.0,5.0,771,148
2018-12-20,4766,1816833,219687709,117.0,124.0,117.0,119.5,1.5,1251,81
2018-12-21,4766,1027394,123450580,119.5,123.5,117.5,120.5,1.0,756,157
2018-12-22,4766,325146,38764945,119.5,120.0,118.0,119.5,-1.0,270,159
2018-12-24,4766,493129,58585851,119.5,120.0,117.5,119.5,0.0,352,187
2018-12-25,4766,633250,73256623,117.0,117.5,114.5,115.5,-4.0,520,169
2018-12-26,4766,716554,81319768,116.5,117.5,110.0,111.5,-4.0,534,142
2018-12-27,4766,664300,75032750,114.5,114.5,111.5,111.5,0.0,417,171
2018-12-28,4766,363294,40854928,113.0,114.0,111.0,112.5,1.0,250,211
2019-01-02,4766,322104,36181648,114.0,114.0,111.0,112.0,-0.5,240,211
2019-01-03,4766,597148,64755410,110.0,111.0,106.5,108.0,-4.0,422,175
2019-01-04,4766,596213,64619856,106.0,112.0,105.0,112.0,4.0,423,189
2019-01-07,4766,405200,45569400,113.5,113.5,111.0,112.0,0.0,254,218
2019-01-08,4766,292200,33310500,113.0,115.5,112.0,115.0,3.0,214,235
2019-01-09,4766,424080,48046080,115.0,116.0,112.0,112.5,-2.5,327,236
2019-01-10,4766,162259,18145267,112.5,113.0,111.0,111.0,-1.5,139,311
2019-01-11,4766,339110,37465710,112.5,113.5,109.0,110.0,-1.0,210,235
2019-01-14,4766,109000,12108000,111.0,111.5,110.5,111.0,1.0,94,335
2019-01-15,4766,212080,23408880,111.0,111.5,109.5,110.5,-0.5,160,274
2019-01-16,4766,173300,19039600,109.5,110.5,109.5,109.5,-1.0,148,316
2019-01-17,4766,346100,38544149,110.5,113.0,109.5,111.5,2.0,253,235
2019-01-18,4766,615293,70979195,112.5,116.5,112.5,116.0,4.5,475,180
2019-01-21,4766,261092,29985988,116.5,116.5,114.0,114.0,-2.0,188,266
2019-01-22,4766,285160,32838560,115.0,116.0,114.0,116.0,2.0,205,239
2019-01-23,4766,218130,25228080,116.0,116.5,114.5,116.0,0.0,183,248
2019-01-24,4766,257200,29775700,116.5,117.0,114.5,115.0,-1.0,204,247
2019-01-25,4766,346071,39392271,116.0,116.0,113.0,113.0,-2.0,258,241
2019-01-28,4766,251437,28919255,113.0,116.0,113.0,116.0,3.0,189,274
2019-01-29,4766,176030,20213465,116.0,116.0,114.5,114.5,-1.5,118,295
2019-01-30,4766,275164,32015860,115.0,117.0,115.0,115.5,1.0,221,256
2019-02-11,4766,232465,27006207,117.0,117.0,115.5,116.5,1.0,168,309
2019-02-12,4766,1703190,210264153,115.5,128.0,115.5,125.0,8.5,1164,121
2019-02-13,4766,748086,93379250,123.5,126.0,123.0,125.0,0.0,582,191
2019-02-14,4766,1166520,152558337,125.0,134.0,124.0,129.5,4.5,850,146
2019-02-15,4766,504840,65648777,129.0,132.5,128.0,130.5,1.0,421,220
2019-02-18,4766,608802,79451260,130.5,132.0,129.0,130.5,0.0,385,210
2019-02-19,4766,698684,93371972,131.5,135.0,131.0,133.5,3.0,574,176
2019-02-20,4766,362953,47823816,134.0,134.5,131.0,131.5,-2.0,308,275
2019-02-21,4766,218065,28399515,132.0,132.0,129.5,130.0,-1.5,176,320
2019-02-22,4766,289580,37336609,130.0,131.0,128.0,130.0,0.0,243,279
2019-02-25,4766,194647,25273110,129.0,130.5,129.0,130.5,0.5,180,332
2019-02-26,4766,236100,30360300,131.0,131.0,128.0,128.0,-2.5,185,315
2019-02-27,4766,422318,53244568,128.0,128.0,125.0,125.5,-2.5,293,236
2019-03-04,4766,205118,25832807,125.5,127.5,125.0,125.5,0.0,167,327
2019-03-05,4766,121230,15318210,125.0,127.5,125.0,127.0,1.5,89,361
2019-03-06,4766,304110,39252080,126.5,131.5,126.5,128.0,1.0,211,263
2019-03-07,4766,361457,46573582,128.0,131.0,127.0,127.0,-1.0,276,255
2019-03-08,4766,104020,13147530,126.5,128.5,126.0,126.5,-0.5,86,392
2019-03-11,4766,87030,10977780,126.5,127.5,125.5,125.5,-1.0,79,421
2019-03-12,4766,201020,25400520,126.0,127.5,125.5,127.0,1.5,160,332
2019-03-13,4766,159120,19968180,127.0,127.0,125.0,126.0,-1.0,146,333
2019-03-14,4766,256544,32552544,126.0,128.0,125.5,127.0,1.0,201,314
2019-03-15,4766,965528,127284224,126.0,134.5,126.0,133.0,6.0,651,197
2019-03-18,4766,736868,99295180,134.0,136.5,131.5,136.0,3.0,485,196
2019-03-19,4766,472327,63981145,136.0,136.5,134.0,136.5,0.5,326,242
2019-03-20,4766,404741,55426276,137.0,138.5,135.5,137.5,1.0,354,258
2019-03-21,4766,613735,83476990,137.0,138.0,133.0,135.0,-2.5,435,221
2019-03-22,4766,363185,49153252,136.0,137.0,134.0,136.5,1.5,265,287
2019-03-25,4766,364437,49346212,134.0,137.0,133.5,136.5,0.0,301,267
2019-03-26,4766,629480,88553640,136.5,143.5,136.5,143.0,6.5,498,194
2019-03-27,4766,1140926,166784305,143.0,150.5,140.0,145.0,2.0,865,134
2019-03-28,4766,412821,60176866,143.5,147.5,143.5,146.0,1.0,348,234
2019-03-29,4766,487692,71964762,145.5,149.5,145.0,147.5,1.5,372,216
2019-04-01,4766,747827,111428896,147.5,152.0,146.0,149.0,1.5,520,188
2019-04-02,4766,584200,86446700,149.5,150.0,146.5,147.5,-1.5,496,213
2019-04-03,4766,670535,100708052,147.5,152.0,147.5,152.0,4.5,503,194
2019-04-08,4766,798390,123840753,152.0,157.5,152.0,155.5,3.5,653,190
2019-04-09,4766,720726,111239304,156.5,156.5,153.0,155.5,0.0,561,187
2019-04-10,4766,737363,116177717,155.0,160.5,154.0,160.0,4.5,621,193
2019-04-11,4766,800594,129659644,161.5,166.0,158.0,159.0,-1.0,620,182
2019-04-12,4766,550464,88000240,159.5,161.5,158.0,160.0,1.0,491,203
2019-04-15,4766,1162213,190493858,161.0,166.0,161.0,166.0,6.0,848,125
2019-04-16,4766,845618,139406734,167.5,167.5,163.5,164.5,-1.5,755,168
2019-04-17,4766,565724,93769960,165.0,167.0,164.0,166.5,2.0,460,219
2019-04-18,4766,723077,121565282,167.0,170.0,165.5,167.5,1.0,641,207
2019-04-19,4766,781155,126161720,166.5,166.5,155.5,160.5,-7.0,646,146
2019-04-22,4766,924796,145125472,160.5,160.5,155.0,157.0,-3.5,746,140
2019-04-23,4766,1054320,164548219,156.5,158.5,154.5,158.5,1.5,948,130
2019-04-24,4766,1040788,158216276,157.0,157.5,150.0,153.0,-5.5,880,145
2019-04-25,4766,556210,85448840,152.0,155.5,149.5,154.0,1.0,482,196
2019-04-26,4766,561950,83329150,151.0,152.0,146.5,146.5,-7.5,455,199
2019-04-29,4766,683614,99669030,146.5,150.0,143.0,144.0,-2.5,631,185
2019-04-30,4766,695362,104010748,144.0,152.0,143.5,152.0,8.0,616,168
2019-05-02,4766,346210,52985865,150.0,155.0,149.5,155.0,3.0,297,221
2019-05-03,4766,329100,50741150,155.0,155.5,152.0,155.0,0.0,303,227
2019-05-06,4766,327363,49717357,152.0,154.0,150.5,152.5,-2.5,293,268
2019-05-07,4766,199200,30516499,151.0,154.5,151.0,153.5,1.0,188,289
2019-05-08,4766,252884,38714636,150.0,154.0,150.0,154.0,0.5,231,270
2019-05-09,4766,254020,38949100,152.5,154.5,152.0,152.5,-1.5,224,309
2019-05-10,4766,264101,40716917,152.5,155.0,152.5,153.5,1.0,191,293
2019-05-13,4766,441500,67881750,151.0,157.0,151.0,157.0,3.5,360,238
2019-05-14,4766,416050,64295025,149.0,158.0,149.0,156.0,-1.0,374,238
2019-05-15,4766,263900,42237749,155.5,162.0,155.5,160.0,4.0,226,268
2019-05-16,4766,823188,136785485,162.5,169.0,161.0,168.0,8.0,735,145
2019-05-17,4766,500692,81806988,167.5,167.5,160.5,163.0,-5.0,410,197
2019-05-20,4766,291530,47607420,160.5,164.5,160.5,163.0,0.0,286,228
2019-05-21,4766,191000,30966000,162.0,163.0,160.5,163.0,0.0,143,297
2019-05-22,4766,438114,70460568,163.0,164.0,156.5,156.5,-6.5,331,173
2019-05-23,4766,902275,135425800,156.5,156.5,147.0,150.5,-6.0,787,138
2019-05-24,4766,205199,31194748,150.5,154.5,150.5,151.0,0.5,175,267
2019-05-27,4766,474332,74386788,151.0,162.0,151.0,160.5,9.5,434,173
2019-05-28,4766,707412,111555889,160.5,161.0,156.0,157.5,-3.0,264,166
2019-05-29,4766,154020,24011160,156.5,158.5,154.5,155.5,-2.0,151,321
2019-05-30,4766,240160,38325199,155.5,161.5,155.5,158.5,3.0,212,241
2019-05-31,4766,164325,26159011,160.5,161.0,158.0,158.5,0.0,133,303
2019-06-03,4766,160100,25465950,157.0,160.5,157.0,158.5,0.0,127,282
2019-06-04,4766,137585,21676222,158.0,159.5,156.0,158.0,-0.5,116,287
2019-06-05,4766,751444,122034206,161.5,164.0,159.0,160.5,2.5,637,135
2019-06-06,4766,996513,164208106,163.0,168.0,160.5,162.0,1.5,788,109
2019-06-10,4766,302275,49467737,162.0,166.0,161.5,163.0,1.0,234,219
2019-06-11,4766,247156,40642896,166.0,167.5,163.0,163.5,0.5,217,263
2019-06-12,4766,239346,38730012,162.0,164.0,160.0,160.0,-3.5,191,246
2019-06-13,4766,110354,17826096,161.5,162.0,160.5,161.0,1.0,100,313
2019-06-14,4766,213030,34184800,161.5,162.5,158.5,159.0,-2.0,169,236
2019-06-17,4766,179353,28535716,159.0,161.0,157.0,159.5,0.5,175,263
2019-06-18,4766,120100,19129000,158.5,160.5,158.5,159.0,-0.5,104,309
2019-06-19,4766,191000,30565500,161.0,162.0,157.0,159.5,0.5,150,311
2019-06-20,4766,164000,26125500,159.0,161.5,158.0,158.5,-1.0,139,308
2019-06-21,4766,193100,30526400,158.5,160.0,157.0,158.0,-0.5,164,324
2019-06-24,4766,230822,36585109,157.5,161.0,156.5,161.0,3.0,189,268
2019-06-25,4766,144000,22994000,161.0,161.0,158.5,158.5,-2.5,128,303
2019-06-26,4766,166200,26339600,157.5,159.5,157.5,158.0,-0.5,138,271
2019-06-27,4766,132292,20958428,158.5,160.0,157.5,157.5,-0.5,120,336
2019-06-28,4766,195515,30684097,157.5,158.5,155.5,155.5,-2.0,163,266
2019-07-01,4766,235200,37445099,157.5,160.0,157.5,158.5,3.0,159,292
2019-07-02,4766,594610,96841210,158.0,165.5,158.0,162.0,3.5,465,186
2019-07-03,4766,197000,31903500,162.0,164.0,160.5,161.0,-1.0,132,309
2019-07-04,4766,342738,56236294,163.0,166.0,162.0,164.0,3.0,261,228
2019-07-05,4766,140910,23116424,164.5,164.5,163.5,164.5,0.5,127,323
2019-07-08,4766,358130,58310495,164.5,166.0,161.0,161.0,-3.5,281,221
2019-07-09,4766,263080,42151920,161.0,163.0,159.0,162.0,1.0,234,266
2019-07-10,4766,254150,40739574,160.5,161.5,159.5,160.0,-2.0,222,272
2019-07-11,4766,231005,37269815,161.5,163.0,160.0,163.0,3.0,199,297
2019-07-12,4766,187267,30397387,163.0,163.0,162.0,163.0,0.0,169,309
2019-07-15,4766,489435,80543275,164.0,166.5,163.0,165.0,2.0,389,191
2019-07-16,4766,2139730,370198750,165.5,177.5,165.5,175.5,10.5,1684,69
2019-07-17,4766,1382451,238648425,177.5,177.5,169.0,175.0,-0.5,1127,106
2019-07-18,4766,550136,96066164,173.5,178.0,172.0,175.0,0.0,428,191
2019-07-19,4766,406200,71099100,176.0,176.5,173.0,175.5,0.5,335,206
2019-07-22,4766,1288760,230994260,176.0,184.0,176.0,177.0,1.5,1030,101
2019-07-23,4766,825872,148163960,179.0,182.0,177.0,180.5,3.5,702,158
2019-07-24,4766,405644,72498665,182.0,182.5,177.5,177.5,-3.0,336,237
2019-07-25,4766,175356,30987190,178.0,178.5,175.0,178.0,0.5,158,334
2019-07-26,4766,483453,85521999,179.0,181.0,175.0,175.0,-3.0,395,203
2019-07-29,4766,395100,68364800,175.0,176.5,171.0,176.5,1.5,299,213
2019-07-30,4766,228876,39716109,176.5,176.5,172.0,172.5,-4.0,180,303
2019-07-31,4766,290360,50560720,174.0,175.5,172.5,174.5,2.0,192,249
2019-08-01,4766,416333,72610108,172.5,177.0,172.0,176.5,2.0,323,207
2019-08-02,4766,495100,84180250,170.0,172.0,166.5,172.0,0.0,358,221
2019-08-05,4766,292320,49831900,172.0,173.0,168.0,169.0,-3.0,239,241
2019-08-06,4766,292050,48486100,162.0,170.0,162.0,170.0,1.0,248,261
2019-08-07,4766,302244,51418980,172.0,172.0,169.0,169.0,-1.0,216,237
2019-08-08,4766,445729,77162346,169.0,175.0,169.0,174.0,5.0,359,201
2019-08-12,4766,193100,33688900,174.5,176.0,172.5,174.5,0.5,168,294
2019-08-13,4766,1055882,185877704,178.0,179.0,173.0,173.5,-1.0,766,139
2019-08-14,4766,402205,69554760,176.5,176.5,171.5,173.0,-0.5,323,231
2019-08-15,4766,191180,32630689,170.0,172.0,169.5,172.0,-1.0,157,298
2019-08-16,4766,198123,33676971,172.0,172.0,169.0,170.0,-2.0,158,289
2019-08-19,4766,165885,28250004,170.5,172.0,169.5,169.5,-0.5,137,316
2019-08-20,4766,198200,33984500,173.5,173.5,169.0,169.0,-0.5,159,296
2019-08-21,4766,248500,41839500,169.0,171.0,167.5,169.0,0.0,203,258
2019-08-22,4766,401601,67087768,169.0,169.0,166.0,168.5,-0.5,343,230
2019-08-23,4766,124000,20824500,168.5,168.5,167.0,168.5,0.0,114,328
2019-08-26,4766,734200,119320900,166.0,166.0,160.0,161.0,-7.5,595,171
2019-08-27,4766,459443,74248823,162.5,164.0,160.0,160.5,-0.5,399,217
2019-08-28,4766,142221,23111911,161.5,163.5,161.0,162.0,1.5,138,318
2019-08-29,4766,167140,27178750,163.5,163.5,162.0,162.0,0.0,142,298
2019-08-30,4766,106300,17361350,163.5,164.0,162.5,163.0,1.0,107,378
2019-09-02,4766,164060,26987520,163.0,166.0,163.0,165.5,2.5,144,316
2019-09-03,4766,157150,25716750,166.0,167.0,163.0,163.5,-2.0,134,330
2019-09-04,4766,100080,16352160,162.5,164.0,162.5,163.5,0.0,90,382
2019-09-05,4766,313562,51330230,163.5,166.0,161.5,165.0,1.5,291,264
2019-09-06,4766,272564,44526868,165.0,165.0,162.0,162.0,-3.0,264,267
2019-09-09,4766,144503,23459986,162.0,163.5,161.5,162.5,0.5,138,335
2019-09-10,4766,105566,17034342,162.5,162.5,160.5,160.5,-2.0,102,381
2019-09-11,4766,84160,13550260,160.5,161.5,160.5,161.0,0.5,85,418
2019-09-12,4766,189261,30507521,161.0,162.5,160.5,161.0,0.0,182,301
2019-09-16,4766,841557,131869611,160.0,160.0,154.0,155.5,-5.5,692,143
2019-09-17,4766,385589,59063795,155.0,155.0,151.5,153.0,-2.5,293,211
2019-09-18,4766,206800,32314999,154.0,158.0,153.0,157.5,4.5,196,290
2019-09-19,4766,152260,23734429,158.5,158.5,154.5,154.5,-3.0,107,315
2019-09-20,4766,60310,9353202,155.0,156.0,154.5,154.5,0.0,46,461
2019-09-23,4766,177798,27296392,156.5,156.5,152.5,153.0,-1.5,145,305
2019-09-24,4766,40500,6216000,154.0,154.5,153.0,153.5,0.5,43,515
2019-09-25,4766,102450,15612350,154.5,154.5,152.0,152.0,-1.5,91,381
2019-09-26,4766,192596,29300092,152.5,153.5,150.5,152.0,0.0,176,286
2019-09-27,4766,131520,19904020,152.5,153.0,150.5,151.0,-1.0,117,376
2019-10-01,4766,444187,65439176,151.0,151.0,146.0,146.5,-4.5,342,202
2019-10-02,4766,511550,74303725,146.5,149.5,141.5,149.5,3.0,440,181
2019-10-03,4766,180500,26969500,150.0,151.0,146.0,151.0,1.5,158,269
2019-10-04,4766,85000,12806000,152.0,152.0,149.5,150.5,-0.5,70,377
2019-10-07,4766,150110,22912660,151.5,154.0,151.0,154.0,3.5,130,309
2019-10-08,4766,172000,26137000,154.5,154.5,151.0,152.0,-2.0,159,308
2019-10-09,4766,190000,28998000,152.0,153.5,151.5,151.5,-0.5,164,308
2019-10-14,4766,207030,31732620,153.5,154.5,152.0,153.0,1.5,187,324
2019-10-15,4766,128200,19424299,153.0,153.0,150.5,150.5,-2.5,125,368
2019-10-16,4766,464626,71756030,152.0,157.5,150.5,156.5,6.0,363,232
2019-10-17,4766,179463,27885274,157.0,157.0,154.5,154.5,-2.0,152,320
2019-10-18,4766,333882,51346558,155.5,155.5,152.0,154.5,0.0,223,302
2019-10-21,4766,108100,16667449,155.5,155.5,153.0,153.5,-1.0,99,403
2019-10-22,4766,157060,24148800,155.0,155.0,152.5,152.5,-1.0,143,334
2019-10-23,4766,535492,80357014,153.5,153.5,148.5,150.5,-2.0,441,212
2019-10-24,4766,137100,20657350,151.5,151.5,150.0,151.5,1.0,111,342
2019-10-25,4766,87900,13222000,152.5,152.5,149.5,150.0,-1.5,97,386
2019-10-28,4766,212710,31553932,151.0,151.0,147.5,148.0,-2.0,191,291
2019-10-29,4766,246300,36870349,149.0,152.0,148.5,149.5,1.5,198,298
2019-10-30,4766,135000,20125000,149.5,150.0,148.0,149.0,-0.5,118,339
2019-10-31,4766,215012,32025800,149.0,150.0,148.0,150.0,1.0,191,296
2019-11-01,4766,10398000,1559740500,150.0,151.0,150.0,150.0,0.0,110,15
2019-11-04,4766,502718,76620072,151.0,154.5,150.0,154.0,4.0,409,218
2019-11-05,4766,315162,48677286,155.0,155.5,153.0,154.5,0.5,238,255
2019-11-06,4766,276301,42561504,154.0,155.0,152.5,154.0,-0.5,209,280
2019-11-07,4766,333500,51555500,153.5,156.0,153.5,155.5,1.5,242,251
2019-11-08,4766,270000,42049500,156.0,156.5,155.0,155.0,-0.5,206,261
2019-11-11,4766,452118,70559729,156.5,158.5,153.5,153.5,-1.5,356,235
2019-11-12,4766,188016,28996576,154.0,155.5,153.0,155.0,1.5,156,289
2019-11-13,4766,315400,48391499,155.0,155.0,152.0,152.5,-2.5,241,251
2019-11-14,4766,245000,37658000,154.0,155.5,152.0,152.0,-0.5,218,289
2019-11-15,4766,260000,39096500,152.0,152.5,149.5,150.0,-2.0,226,279
2019-11-18,4766,150000,22511500,150.5,151.0,149.5,150.5,0.5,124,344
2019-11-19,4766,129000,19283500,151.0,151.0,149.0,149.0,-1.5,110,351
2019-11-20,4766,126643,18857307,149.5,149.5,148.0,149.0,0.0,114,359
2019-11-21,4766,58654,8744600,150.0,150.0,148.5,150.0,1.0,57,475
2019-11-22,4766,65112,9765356,150.0,150.0,149.5,150.0,0.0,48,432
2019-11-25,4766,421158,64788753,150.0,155.5,150.0,154.5,4.5,302,217
2019-11-26,4766,258091,39941014,155.5,155.5,153.5,155.5,1.0,199,286
2019-11-27,4766,243291,38127187,155.5,158.0,155.5,156.5,1.0,174,266
2019-11-28,4766,677195,108648185,157.0,164.5,156.0,162.0,5.5,545,160
2019-11-29,4766,372100,59324850,163.0,163.0,158.0,158.0,-4.0,258,223
2019-12-02,4766,102200,16195300,160.0,160.5,157.5,158.0,0.0,101,376
2019-12-03,4766,88250,13920500,158.0,159.5,156.5,156.5,-1.5,83,379
2019-12-04,4766,111086,17255830,156.5,156.5,154.5,155.0,-1.5,82,348
2019-12-05,4766,68500,10673000,156.0,157.5,155.0,157.5,2.5,68,423
2019-12-06,4766,69200,10883000,156.5,158.0,156.5,156.5,-1.0,66,424
2019-12-09,4766,92028,14422938,156.5,158.0,156.0,157.5,1.0,85,395
2019-12-10,4766,46100,7216750,156.5,157.5,156.0,156.0,-1.5,45,505
2019-12-11,4766,112000,17360500,156.0,156.0,153.5,156.0,0.0,103,407
2019-12-12,4766,104201,16201054,157.0,157.0,154.5,154.5,-1.5,97,415
2019-12-13,4766,118262,18239979,155.5,156.0,153.0,153.0,-1.5,104,403
2019-12-16,4766,102536,15765848,153.5,154.5,153.0,154.0,1.0,95,403
2019-12-17,4766,94100,14554900,154.5,155.5,154.0,154.0,0.0,85,443
2019-12-18,4766,94109,14587895,154.0,156.5,154.0,156.0,2.0,93,430
2019-12-19,4766,139074,21625896,157.0,157.0,154.0,154.0,-2.0,115,358
2019-12-20,4766,99608,15398240,154.0,155.5,154.0,155.0,1.0,83,407
2019-12-23,4766,72000,11106500,155.0,155.5,153.5,153.5,-1.5,63,450
2019-12-24,4766,191300,29101949,154.0,154.0,151.5,151.5,-2.0,146,303
2019-12-25,4766,93120,14180920,151.5,153.5,151.5,153.5,2.0,79,390
2019-12-26,4766,53030,8094605,153.5,153.5,152.0,152.0,-1.5,43,482
2019-12-27,4766,177664,26918596,152.0,152.0,151.0,152.0,0.0,146,317
2019-12-30,4766,175030,26414075,151.5,151.5,150.5,151.0,-1.0,114,327
2019-12-31,4766,162100,24347100,151.0,151.0,150.0,150.5,-0.5,115,339
2020-01-02,4766,98648,14922672,150.5,152.0,150.5,151.5,1.0,82,417
2020-01-03,4766,112100,16993150,152.0,152.5,151.0,151.0,-0.5,91,449
2020-01-06,4766,65006,9799915,150.5,151.5,150.0,151.0,0.0,63,492
2020-01-07,4766,115272,17396708,151.0,152.0,150.5,150.5,-0.5,109,403
2020-01-08,4766,137210,20614920,151.0,151.5,149.0,151.5,1.0,114,370
2020-01-09,4766,193000,29500000,152.0,154.0,151.5,153.0,1.5,126,284
2020-01-10,4766,144200,21793400,154.0,154.0,149.5,150.5,-2.5,117,333
2020-01-13,4766,64150,9693800,152.0,152.0,150.5,151.5,1.0,56,474
2020-01-14,4766,90150,13695523,151.5,153.0,151.0,153.0,1.5,82,417
2020-01-15,4766,148100,22502300,153.0,153.0,151.5,152.0,-1.0,120,333
2020-01-16,4766,76000,11521500,151.5,152.0,150.5,152.0,0.0,71,414
2020-01-17,4766,39000,5913000,152.0,152.0,151.0,151.5,-0.5,28,529
2020-01-20,4766,84020,12747530,151.0,152.5,151.0,151.5,0.0,65,438
2020-01-30,4766,223864,32639644,145.0,147.5,144.5,145.0,-6.5,207,461
2020-01-31,4766,156414,22744030,145.5,147.0,144.0,144.5,-0.5,140,414
2020-02-03,4766,238050,33847124,144.0,144.0,140.0,142.5,-2.0,182,379
2020-02-04,4766,168050,23925300,141.0,143.5,141.0,143.0,0.5,118,363
2020-02-05,4766,149200,21278800,143.5,143.5,142.0,142.5,-0.5,113,364
2020-02-06,4766,155214,22140530,142.0,144.5,142.0,144.0,1.5,122,363
2020-02-07,4766,153010,22269960,143.5,147.0,143.0,145.0,1.0,140,367
2020-02-10,4766,230200,33122599,144.5,145.5,142.0,145.0,0.0,141,309
2020-02-11,4766,140200,20388200,144.5,146.5,144.5,146.0,1.0,115,335
2020-02-12,4766,207086,30742770,146.0,150.0,146.0,148.5,2.5,149,295
2020-02-13,4766,134650,20165150,148.5,151.0,148.5,150.0,1.5,104,362
2020-02-14,4766,66010,9862505,150.5,150.5,149.0,149.0,-1.0,63,426
2020-02-17,4766,121000,18003500,148.5,150.5,147.5,149.5,0.5,98,367
2020-02-18,4766,205141,30691009,149.5,151.0,148.5,149.0,-0.5,165,286
2020-02-19,4766,165050,24963000,149.5,152.5,149.5,151.0,2.0,161,331
2020-02-20,4766,215100,32722200,151.0,153.5,150.5,153.0,2.0,176,286
2020-02-21,4766,235111,35812483,152.5,153.5,151.0,153.0,0.0,177,279
2020-02-24,4766,406140,62496769,152.0,157.0,151.0,157.0,4.0,359,241
2020-02-25,4766,288040,44788259,155.0,156.5,154.5,155.5,-1.5,254,278
2020-02-26,4766,156480,24312640,155.0,156.0,154.5,155.5,0.0,153,323
2020-02-27,4766,210900,32877548,156.5,157.0,154.5,156.0,0.5,208,345
2020-03-02,4766,400276,62066918,153.0,157.5,153.0,156.0,0.0,312,275
2020-03-03,4766,189151,29667556,157.0,158.0,156.0,156.5,0.5,172,318
2020-03-04,4766,175385,27105905,155.5,156.0,154.0,154.0,-2.5,143,313
2020-03-05,4766,118201,18384655,154.0,156.5,154.0,156.0,2.0,110,361
2020-03-06,4766,141210,21823655,153.5,155.5,153.5,155.0,-1.0,132,350
2020-03-09,4766,262571,39481008,153.0,154.5,148.0,148.0,-7.0,243,361
2020-03-10,4766,330100,48066900,147.5,147.5,144.0,145.5,-2.5,267,317
2020-03-11,4766,179146,26467534,146.5,149.0,146.5,147.5,2.0,145,346
2020-03-12,4766,385573,54563858,145.0,145.0,139.0,139.5,-8.0,331,335
2020-03-13,4766,550287,70285523,130.5,134.0,126.0,127.0,-12.5,443,315
2020-03-16,4766,314950,39448400,127.0,128.5,120.5,122.0,-5.0,290,328
2020-03-17,4766,333498,39455260,115.0,122.0,115.0,119.5,-2.5,243,332
2020-03-18,4766,300367,35579306,117.0,120.5,117.0,118.0,-1.5,265,328
2020-03-19,4766,705025,77258725,116.5,117.0,106.5,108.0,-10.0,556,267
2020-03-20,4766,786425,85192900,112.0,118.0,104.0,104.0,-4.0,328,241
2020-03-23,4766,630180,61420820,101.0,101.5,93.8,97.9,-6.1,419,227
2020-03-24,4766,213926,21464200,98.0,102.0,98.0,100.5,2.6,206,350
2020-03-25,4766,319244,33729852,103.5,107.5,103.0,106.5,6.0,258,338
2020-03-26,4766,225191,24194605,109.5,109.5,104.5,108.5,2.0,176,354
2020-03-27,4766,296304,33597306,113.5,114.5,112.0,113.5,5.0,248,343
2020-03-30,4766,232973,25618530,110.5,111.5,108.5,109.5,-4.0,212,306
2020-03-31,4766,321500,35504249,112.0,112.0,109.0,109.5,0.0,243,293
2020-04-01,4766,117300,12868500,110.0,110.5,109.0,109.5,0.0,100,390
2020-04-06,4766,190200,20617300,109.5,111.0,106.5,109.0,-0.5,153,344
2020-04-07,4766,584145,66321536,111.0,118.0,110.0,116.5,7.5,454,251
2020-04-08,4766,621362,74411526,118.0,122.0,116.5,122.0,5.5,529,243
2020-04-09,4766,468245,56200766,122.0,123.0,118.0,119.5,-2.5,348,278
2020-04-10,4766,183000,21792000,119.0,120.5,118.0,120.5,1.0,121,353
2020-04-13,4766,182100,21679550,119.5,120.5,118.0,118.0,-2.5,127,354
2020-04-14,4766,165123,19757506,119.0,120.0,119.0,120.0,2.0,131,401
2020-04-15,4766,349284,42991926,121.0,125.0,120.5,125.0,5.0,275,332
2020-04-16,4766,199000,24389000,122.5,124.0,121.0,122.5,-2.5,147,362
2020-04-17,4766,265011,33112908,124.5,126.5,123.5,124.5,2.0,214,369
2020-04-20,4766,36050,4459750,124.5,124.5,123.0,123.5,-1.0,36,580
2020-04-21,4766,391479,46838001,122.0,123.0,117.0,119.0,-4.5,286,316
2020-04-22,4766,229085,27452625,117.0,121.0,117.0,120.0,1.0,173,322
2020-04-23,4766,148000,17877500,120.0,122.5,119.5,120.0,0.0,112,361
2020-04-24,4766,98300,11883900,121.0,122.0,120.0,121.5,1.5,81,389
2020-04-27,4766,85223,10496652,123.0,124.0,122.5,123.5,2.0,83,519
2020-04-28,4766,322058,40549837,124.5,127.5,124.5,126.5,3.0,216,315
2020-04-29,4766,411310,53785920,128.5,133.0,128.0,131.5,5.0,319,307
2020-04-30,4766,401102,52428464,134.5,134.5,128.5,130.5,-1.0,325,338
2020-05-04,4766,208050,26293500,127.5,127.5,125.5,126.5,-4.0,180,396
2020-05-05,4766,232100,29440149,127.0,129.5,125.0,126.5,0.0,184,360
2020-05-06,4766,422120,54298200,127.5,131.0,126.0,127.5,1.0,355,311
2020-05-07,4766,219328,28061920,129.0,129.0,127.0,128.5,1.0,160,376
2020-05-08,4766,315100,41014600,129.5,132.0,128.5,130.0,1.5,244,344
2020-05-11,4766,201001,25728635,128.0,129.0,126.5,128.5,-1.5,144,417
2020-05-12,4766,202021,25516230,128.5,128.5,125.0,126.0,-2.5,153,394
2020-05-13,4766,109388,13684356,125.5,126.5,124.0,126.5,0.5,97,454
2020-05-14,4766,292058,36044663,127.5,127.5,120.5,121.5,-5.0,242,355
2020-05-15,4766,302239,36421538,122.5,123.5,119.0,120.5,-1.0,226,334
2020-05-18,4766,101126,12289561,120.5,123.0,120.5,122.5,2.0,78,469
2020-05-19,4766,144500,17765250,124.0,125.0,121.5,123.0,0.5,133,428
2020-05-20,4766,181394,22601144,123.5,125.5,123.5,125.5,2.5,166,376
2020-05-21,4766,1123361,147476470,126.0,134.0,126.0,132.5,7.0,843,200
2020-05-22,4766,1747990,241229640,135.5,142.0,135.0,137.0,4.5,1360,145
2020-05-25,4766,686453,94853561,141.0,141.5,136.5,136.5,-0.5,547,211
2020-05-26,4766,719563,99388101,137.0,141.0,136.0,139.0,2.5,470,230
2020-05-27,4766,213070,29395765,140.0,140.0,137.0,137.0,-2.0,182,376
2020-05-28,4766,422070,56510915,138.0,138.0,132.0,134.0,-3.0,348,320
2020-05-29,4766,366049,50811835,134.0,141.0,132.5,141.0,7.0,229,300
2020-06-01,4766,333522,45831036,138.0,138.5,136.5,137.0,-4.0,241,318
2020-06-02,4766,177200,24150999,138.0,138.0,135.0,137.0,0.0,138,394
2020-06-03,4766,521373,72947347,138.0,141.5,138.0,140.0,3.0,356,295
2020-06-04,4766,275304,38661101,142.5,144.5,138.5,138.5,-1.5,228,364
2020-06-05,4766,144100,19981000,138.0,139.5,137.5,139.0,0.5,117,470
2020-06-08,4766,244083,33985660,139.5,141.0,137.0,140.0,1.0,189,407
2020-06-09,4766,154376,21544450,141.0,141.0,138.5,140.0,0.0,131,461
2020-06-10,4766,228053,31519814,139.0,139.0,137.5,138.0,-2.0,196,401
2020-06-11,4766,314250,42740125,138.0,139.5,133.0,133.5,-4.5,267,403
2020-06-12,4766,256016,33512144,129.5,133.5,129.5,133.0,-0.5,189,379
2020-06-15,4766,160185,21091735,134.5,134.5,130.0,130.0,-3.0,126,427
2020-06-16,4766,325356,43131848,132.0,134.0,131.5,133.0,3.0,293,332
2020-06-17,4766,66464,8854176,134.0,134.0,133.0,134.0,1.0,60,556
2020-06-18,4766,194010,25819340,134.5,135.5,131.5,134.0,0.0,140,425
2020-06-19,4766,169100,22676949,134.0,135.5,132.0,135.5,1.5,112,468
2020-06-22,4766,270100,36546700,135.5,137.0,133.0,136.0,0.5,210,383
2020-06-23,4766,226170,30121780,136.0,136.0,131.5,133.0,-3.0,161,389
2020-06-24,4766,143700,19165800,134.0,135.0,132.5,135.0,2.0,120,433
2020-06-29,4766,184350,24374200,133.5,134.0,131.5,132.0,-3.0,162,413
2020-06-30,4766,145038,19402554,133.5,135.0,132.5,133.0,1.0,129,418
2020-07-01,4766,48447,6486004,134.0,134.5,133.5,133.5,0.5,49,621
2020-07-02,4766,134000,18081500,134.5,135.5,134.0,134.5,1.0,117,464
2020-07-03,4766,321379,43521286,135.5,136.0,134.5,135.0,0.5,283,371
2020-07-06,4766,280013,38868298,135.0,140.5,135.0,138.5,3.5,248,429
2020-07-07,4766,248317,34343402,141.0,141.0,136.0,136.0,-2.5,207,448
2020-07-08,4766,192241,26094896,138.0,138.0,135.0,135.0,-1.0,163,475
2020-07-09,4766,623536,87074220,136.5,142.0,136.0,139.0,4.0,450,329
2020-07-10,4766,259060,35754930,139.0,139.5,136.0,139.5,0.5,207,439
2020-07-13,4766,187000,26005500,139.5,140.0,138.5,139.0,-0.5,155,448
2020-07-14,4766,187347,25386539,139.0,139.0,134.0,135.5,-3.5,133,440
2020-07-15,4766,75050,10182800,136.0,136.5,135.0,136.0,0.5,61,586
2020-07-16,4766,108000,14778000,137.0,138.0,136.0,138.0,2.0,79,503
2020-07-17,4766,130050,17905375,138.5,139.0,137.0,137.0,-1.0,95,488
2020-07-20,4766,144040,19509600,137.5,137.5,134.0,135.5,-1.5,99,439
2020-07-21,4766,168060,23109640,136.5,138.5,136.5,137.5,2.0,150,460
2020-07-22,4766,223421,31117440,138.0,140.0,138.0,140.0,2.5,187,397
2020-07-23,4766,124240,17255600,139.5,139.5,138.0,139.5,-0.5,100,458
2020-07-24,4766,83150,11503350,137.5,140.0,137.5,138.0,-1.5,74,561
2020-07-27,4766,164392,22516399,137.5,138.0,136.0,137.5,-0.5,133,463
2020-07-28,4766,211180,28638800,138.0,138.0,134.5,135.0,-2.5,154,435
2020-07-29,4766,65080,8853100,135.5,136.5,135.5,136.5,1.5,55,529
2020-07-30,4766,96518,13107502,136.5,136.5,135.0,136.5,0.0,95,474
2020-07-31,4766,189108,26059620,136.5,138.5,136.5,137.5,1.0,129,364
2020-08-03,4766,290117,39979114,138.0,138.5,137.0,138.0,0.5,189,339
2020-08-04,4766,134347,17765474,132.5,133.0,132.0,132.0,0.0,106,434
2020-08-05,4766,145235,18956402,131.5,131.5,130.0,131.5,-0.5,115,453
2020-08-06,4766,179045,23947075,132.0,135.5,131.5,133.5,2.0,116,431
2020-08-07,4766,166000,22361000,133.5,135.5,133.5,134.5,1.0,133,433
2020-08-10,4766,165485,22302475,133.5,137.0,132.5,135.0,0.5,101,458
2020-08-11,4766,62181,8363025,134.5,135.5,134.0,134.5,-0.5,44,580
2020-08-12,4766,87000,11750500,136.0,136.0,134.0,134.0,-0.5,58,507
2020-08-13,4766,59192,7994612,135.0,136.0,134.0,135.0,1.0,43,556
2020-08-14,4766,79000,10592500,134.5,135.0,133.0,134.5,-0.5,63,541
2020-08-17,4766,52040,6982460,133.5,135.0,133.5,134.0,-0.5,41,638
2020-08-18,4766,48100,6408300,134.5,134.5,132.5,132.5,-1.5,38,630
2020-08-19,4766,179015,23388510,133.0,133.0,129.0,129.0,-3.5,144,478
2020-08-20,4766,470000,59362500,129.0,130.0,124.0,127.5,-1.5,309,408
2020-08-21,4766,85130,10819204,127.0,128.5,126.0,127.0,-0.5,83,543
2020-08-24,4766,183050,22816000,127.5,127.5,124.0,124.5,-2.5,165,440
2020-08-25,4766,192120,23929620,125.0,125.5,124.0,124.5,0.0,174,436
2020-08-26,4766,324115,41067950,124.5,129.0,124.5,128.5,4.0,241,362
2020-08-27,4766,163100,20534400,128.5,128.5,125.0,126.0,-2.5,150,451
2020-08-28,4766,122000,15263500,126.5,126.5,124.5,125.5,-0.5,120,483
2020-08-31,4766,208020,26447080,126.5,129.0,126.5,127.0,1.5,196,452
2020-09-01,4766,88422,11172516,128.0,128.0,126.0,126.5,-0.5,75,561
2020-09-02,4766,136000,17265500,127.0,128.0,126.0,127.0,0.5,106,498
2020-09-03,4766,180305,23167692,128.5,129.5,127.5,128.0,1.0,140,472
2020-09-04,4766,102050,13010950,126.0,128.5,126.0,127.5,-0.5,71,551
2020-09-07,4766,144100,18558950,128.0,129.5,128.0,129.0,1.5,107,527
2020-09-08,4766,58150,7474774,129.5,129.5,128.0,128.5,-0.5,53,614
2020-09-09,4766,81070,10395065,128.0,129.0,127.0,129.0,0.5,60,567
2020-09-10,4766,151090,19148610,128.0,128.5,125.5,127.5,-1.5,139,483
2020-09-11,4766,56000,7145000,127.5,128.0,127.0,128.0,0.5,48,647
2020-09-14,4766,78115,10089950,128.5,129.5,128.5,129.0,1.0,75,557
2020-09-15,4766,40000,5163000,129.0,129.5,129.0,129.0,0.0,30,634
2020-09-16,4766,49000,6335000,129.0,130.0,129.0,129.5,0.5,37,615
2020-09-17,4766,64000,8214000,129.0,129.5,127.5,128.5,-1.0,63,578
2020-09-18,4766,145020,18725600,128.5,130.0,127.5,129.5,1.0,120,502
2020-09-21,4766,77326,10013054,130.0,130.0,128.0,129.0,-0.5,81,605
2020-09-22,4766,78000,9992500,129.0,129.5,127.5,129.5,0.5,69,578
2020-09-23,4766,74000,9505000,129.5,129.5,127.5,129.0,-0.5,69,595
2020-09-24,4766,195448,24538171,126.0,127.5,124.0,126.0,-3.0,165,504
2020-09-25,4766,137524,17187761,125.5,126.0,123.5,125.5,-0.5,123,512
2020-09-28,4766,82401,10309927,125.5,126.5,124.0,126.0,0.5,81,484
2020-09-29,4766,87000,10835000,126.0,126.0,124.0,125.5,-0.5,80,468
2020-09-30,4766,47000,5854500,124.5,125.5,124.0,125.5,0.0,45,508
2020-10-05,4766,72000,9013500,126.0,126.5,124.5,126.0,0.5,70,498
2020-10-06,4766,100053,12639284,126.0,127.5,125.0,127.5,1.5,85,485
2020-10-07,4766,116016,14697112,127.0,128.0,126.0,127.0,-0.5,84,438
2020-10-08,4766,54000,6859000,127.5,127.5,126.5,127.5,0.5,35,578
2020-10-12,4766,43062,5496967,128.0,128.5,127.0,128.0,0.5,42,618
2020-10-13,4766,91200,11471900,128.0,128.0,125.0,126.0,-2.0,88,488
2020-10-14,4766,60000,7503500,125.5,125.5,124.5,125.5,-0.5,60,569
2020-10-15,4766,76500,9548500,125.0,125.5,124.0,125.5,0.0,66,523
2020-10-16,4766,547694,71469026,125.0,133.0,125.0,131.0,5.5,417,278
2020-10-19,4766,867413,117788198,133.0,138.0,132.0,137.0,6.0,505,200
2020-10-20,4766,313560,42989999,137.0,138.5,135.5,137.5,0.5,201,309
2020-10-21,4766,1001842,142591406,139.0,146.0,137.5,144.5,7.0,666,181
2020-10-22,4766,689098,100837406,145.0,148.5,143.0,148.5,4.0,500,247
2020-10-23,4766,362522,52818426,148.0,148.5,144.5,145.5,-3.0,275,295
2020-10-26,4766,323150,46750669,147.0,147.0,144.0,145.0,-0.5,240,325
2020-10-27,4766,131407,19064815,145.0,146.0,144.5,146.0,1.0,103,414
2020-10-28,4766,234245,33544190,145.0,145.0,141.5,142.5,-3.5,216,356
2020-10-29,4766,247425,35193025,140.5,144.0,140.0,144.0,1.5,226,353
2020-10-30,4766,229232,32318480,144.0,144.0,140.0,141.0,-3.0,210,372
2020-11-02,4766,244737,34770778,142.0,144.0,141.0,144.0,3.0,233,344
2020-11-03,4766,254050,36481675,145.5,146.0,142.5,144.0,0.0,245,342
2020-11-04,4766,289008,41435644,144.0,145.0,142.0,143.0,-1.0,269,327
2020-11-05,4766,264042,37807006,142.5,144.0,142.5,143.5,0.5,242,327
2020-11-06,4766,246000,35413500,144.0,145.0,143.0,145.0,1.5,236,349
2020-11-09,4766,309201,45005540,145.0,147.0,144.0,145.0,0.0,279,351
2020-11-10,4766,613812,91612534,146.5,154.0,145.0,152.5,7.5,457,299
2020-11-11,4766,493417,74291343,152.5,154.0,148.0,150.5,-2.0,408,315
2020-11-12,4766,1168255,179183341,153.0,156.5,150.5,150.5,0.0,742,199
2020-11-13,4766,402134,61188749,151.5,154.5,150.5,151.5,1.0,323,307
2020-11-16,4766,315091,47758209,153.0,153.5,150.0,151.0,-0.5,255,373
2020-11-17,4766,259400,39471974,154.5,154.5,151.5,153.0,2.0,235,389
2020-11-18,4766,155303,23836666,154.0,155.0,152.0,153.0,0.0,147,454
2020-11-19,4766,315393,49267682,154.0,159.0,154.0,155.0,2.0,262,359
2020-11-20,4766,201292,30870856,155.0,155.5,152.5,153.0,-2.0,148,423
2020-11-23,4766,136314,20929064,155.0,155.0,152.0,154.5,1.5,107,504
2020-11-24,4766,162206,24891558,155.0,155.0,152.5,153.5,-1.0,119,481
2020-11-25,4766,191282,29548710,154.5,156.5,152.5,154.5,1.0,159,469
2020-11-26,4766,183487,28480778,154.0,156.0,154.0,155.0,0.5,140,452
2020-11-27,4766,52510,8165290,155.0,156.0,154.5,156.0,1.0,52,641
2020-11-30,4766,78530,12235894,157.0,157.0,155.0,155.5,-0.5,80,636
2020-12-01,4766,210081,32682636,155.0,156.5,153.5,156.0,0.5,146,463
2020-12-02,4766,524389,84821807,157.0,165.0,156.5,161.5,5.5,435,335
2020-12-03,4766,427790,70207851,165.0,166.0,159.0,163.5,2.0,337,368
2020-12-04,4766,212474,34397112,163.5,163.5,160.5,161.0,-2.5,188,450
2020-12-07,4766,182426,29037202,160.5,162.0,157.5,159.0,-2.0,156,509
2020-12-08,4766,85145,13386292,159.0,159.0,156.5,157.5,-1.5,77,578
2020-12-09,4766,120385,18974959,158.0,159.0,156.5,158.5,1.0,106,552
2020-12-10,4766,83538,13200719,160.5,160.5,157.0,157.0,-1.5,84,591
2020-12-11,4766,227385,35319712,158.0,158.0,153.0,156.0,-1.0,185,473
2020-12-14,4766,82018,12733778,155.0,156.0,154.0,155.5,-0.5,65,549
2020-12-15,4766,94390,14678375,155.5,156.0,155.0,155.5,0.0,57,556
2020-12-16,4766,112321,17750455,156.0,159.0,156.0,159.0,3.5,102,525
2020-12-17,4766,48205,7606137,159.0,161.5,156.0,157.5,-1.5,42,613
2020-12-18,4766,30210,4725389,157.0,157.0,156.0,156.5,-1.0,31,705
2020-12-21,4766,103302,16043333,155.5,156.5,155.0,156.0,-0.5,45,566
2020-12-22,4766,152242,24110827,158.5,160.0,155.5,158.0,2.0,127,531
2020-12-23,4766,152305,24257485,158.5,160.5,158.0,160.5,2.5,105,473
2020-12-24,4766,59226,9404332,158.5,159.5,158.0,158.0,-2.5,56,602
2020-12-25,4766,69211,10839682,158.0,158.0,156.0,157.0,-1.0,67,582
2020-12-28,4766,330674,50269190,155.5,158.0,155.5,157.5,0.5,86,420
2020-12-29,4766,98200,15416500,157.5,158.5,156.0,158.5,1.0,80,575
2020-12-30,4766,37252,5879598,160.0,160.0,157.0,157.0,-1.5,40,714
2020-12-31,4766,124802,19529064,156.5,157.0,156.0,156.0,-1.0,106,543
2021-01-04,4766,98076,15416724,156.0,158.0,156.0,157.5,1.5,92,604
2021-01-05,4766,72164,11355324,157.0,158.5,156.5,158.5,1.0,72,623
2021-01-06,4766,175118,27573016,160.0,160.5,154.0,157.0,-1.5,153,561
2021-01-07,4766,37510,5881570,156.5,157.5,156.5,156.5,-0.5,35,699
2021-01-08,4766,112592,17644292,157.0,158.0,156.0,158.0,1.5,111,571
2021-01-11,4766,112351,17581607,158.0,158.0,156.0,156.5,-1.5,97,565
2021-01-12,4766,153253,23980088,156.5,156.5,156.0,156.5,0.0,103,553
2021-01-13,4766,173842,27238378,156.5,157.5,156.0,157.0,0.5,139,491
2021-01-14,4766,280148,43678136,157.0,157.0,155.0,155.5,-1.5,227,409
2021-01-15,4766,172000,26809000,155.5,156.5,155.0,156.0,0.5,136,521
2021-01-18,4766,202261,31308000,155.5,155.5,153.5,155.0,-1.0,173,464
2021-01-19,4766,187039,28898006,155.0,155.0,153.5,154.0,-1.0,148,442
2021-01-20,4766,339030,51891620,154.5,155.0,153.5,154.0,0.0,171,444
2021-01-21,4766,290124,44172074,154.0,154.0,150.0,150.0,-4.0,186,395
2021-01-22,4766,118440,18059099,155.0,155.0,151.0,152.5,2.5,115,509
2021-01-25,4766,134036,20232496,152.5,152.5,150.0,151.5,-1.0,123,488
2021-01-26,4766,81600,12357949,152.0,152.0,151.0,152.0,0.5,72,546
2021-01-27,4766,77507,11801056,152.5,154.0,151.0,153.0,1.0,62,522
2021-01-28,4766,172299,26151444,151.5,152.5,151.0,152.0,-1.0,123,426
2021-01-29,4766,107003,16226459,151.5,153.0,151.0,152.0,0.0,95,524
2021-02-01,4766,113014,17013122,151.5,151.5,150.0,151.0,-1.0,94,486
2021-02-02,4766,144000,21701500,150.5,151.0,150.0,151.0,0.0,116,443
2021-02-03,4766,13013,1963969,150.0,151.5,150.0,151.0,0.0,14,748
2021-02-04,4766,60394,9109494,150.0,151.0,150.0,150.5,-0.5,55,529
2021-02-05,4766,17026,2580427,151.5,152.0,151.0,152.0,1.5,18,745
2021-02-17,4766,166561,25787868,155.5,156.5,153.0,155.5,3.5,108,480
2021-02-18,4766,168025,26328950,154.5,158.0,154.0,158.0,2.5,132,483
2021-02-19,4766,79217,12512167,159.0,159.0,157.0,157.5,-0.5,75,577
2021-02-22,4766,193811,31154405,159.0,163.5,159.0,160.0,2.5,148,500
2021-02-23,4766,132801,21401611,160.5,162.0,160.0,161.5,1.5,111,553
2021-02-24,4766,163572,26295864,162.0,162.5,159.0,161.0,-0.5,150,536
2021-02-25,4766,111295,18006070,163.0,163.0,160.5,162.5,1.5,100,556
2021-02-26,4766,168250,26881676,160.5,162.0,158.0,162.0,-0.5,139,496
2021-03-02,4766,137730,21999810,162.0,162.0,159.0,160.0,-2.0,109,524
2021-03-03,4766,81552,13092244,160.0,161.5,159.5,161.0,1.0,80,596
2021-03-04,4766,59538,9506990,161.0,162.5,158.5,160.5,-0.5,65,631
2021-03-05,4766,26026,4152166,161.0,161.0,158.5,159.5,-1.0,28,712
2021-03-08,4766,61295,9823658,161.5,162.0,158.5,159.0,-0.5,55,624
2021-03-09,4766,165473,25902104,158.5,158.5,155.0,155.5,-3.5,117,489
2021-03-10,4766,113041,17634793,156.0,157.5,155.0,157.0,1.5,88,528
2021-03-11,4766,187180,29818992,157.5,160.5,157.5,159.5,2.5,127,482
2021-03-12,4766,155988,24928019,159.5,160.5,158.5,159.0,-0.5,162,489
2021-03-15,4766,59201,9446164,161.0,161.0,158.0,158.5,-0.5,63,641
2021-03-16,4766,62240,9923270,158.5,161.0,158.5,161.0,2.5,65,642
2021-03-17,4766,84853,13628698,161.0,161.0,159.5,161.0,0.0,88,609
2021-03-18,4766,88253,14239782,161.0,162.0,160.0,161.0,0.0,87,603
2021-03-19,4766,82300,13250300,160.0,162.0,160.0,162.0,1.0,79,633
2021-03-22,4766,75139,12146853,162.0,162.5,160.0,162.5,0.5,78,666
2021-03-23,4766,54306,8787766,162.0,163.0,160.0,162.5,0.0,54,705
2021-03-24,4766,104024,16928912,162.5,163.5,162.0,163.0,0.5,83,575
2021-03-25,4766,60088,9774724,163.0,163.0,161.5,162.5,-0.5,62,662
2021-03-26,4766,194296,31650608,164.0,165.0,161.5,161.5,-1.0,184,493
2021-03-29,4766,55240,8952280,161.5,163.0,161.0,162.0,0.5,52,713
2021-03-30,4766,119012,19278951,162.0,163.0,161.5,162.5,0.5,96,580
2021-03-31,4766,213138,34196331,162.5,162.5,160.0,160.0,-2.5,176,513
2021-04-01,4766,118382,18989554,160.5,161.5,159.0,161.5,1.5,122,589
2021-04-06,4766,114520,18605168,162.5,163.0,162.0,162.5,1.0,83,632
2021-04-07,4766,108268,17488870,163.5,163.5,160.5,161.0,-1.5,110,627
2021-04-08,4766,175000,28318000,161.0,164.0,160.5,163.0,2.0,153,605
2021-04-09,4766,172285,27778661,162.5,162.5,160.5,160.5,-2.5,145,588
2021-04-12,4766,120104,19424801,163.0,163.0,160.5,162.5,2.0,92,686
2021-04-13,4766,113200,18382900,162.5,163.0,161.0,162.5,0.0,85,691
2021-04-14,4766,100680,16378203,162.5,164.0,161.0,164.0,1.5,103,696
2021-04-15,4766,190495,30988608,165.5,165.5,161.0,161.5,-2.5,167,527
2021-04-16,4766,124197,19999817,161.5,161.5,160.5,160.5,-1.0,121,633
2021-04-19,4766,220440,35151573,160.5,160.5,159.0,160.0,-0.5,189,619
2021-04-20,4766,44090,7103505,161.0,161.5,160.5,161.5,1.5,44,800
2021-04-21,4766,96148,15430311,160.0,161.5,159.5,159.5,-2.0,80,710
2021-04-22,4766,180111,28564155,159.5,161.0,156.5,156.5,-3.0,153,695
2021-04-23,4766,83114,13251245,157.0,160.5,157.0,160.0,3.5,82,711
2021-04-26,4766,65436,10444760,160.0,160.5,159.0,159.0,-1.0,67,755
2021-04-27,4766,80186,12740635,159.5,160.0,158.0,158.5,-0.5,84,722
2021-04-28,4766,73258,11594426,159.5,159.5,157.5,157.5,-1.0,77,739
2021-04-29,4766,89617,14296611,159.5,160.5,158.5,160.5,3.0,84,707
2021-05-03,4766,101605,16067359,160.5,160.5,157.0,157.0,-3.5,100,734
2021-05-04,4766,179531,27710351,157.0,157.0,152.0,155.0,-2.0,156,684
2021-05-05,4766,77216,12022906,155.0,158.0,154.0,157.5,2.5,64,685
2021-05-06,4766,57299,8926383,157.5,157.5,154.5,154.5,-3.0,70,717
2021-05-07,4766,28323,4395731,156.0,156.0,154.5,154.5,0.0,33,784
2021-05-10,4766,100203,15512123,155.0,156.0,154.0,155.0,0.5,73,643
2021-05-11,4766,193314,29165687,152.0,153.0,148.0,151.0,-4.0,186,632
2021-05-12,4766,273098,40207645,149.5,150.5,146.0,148.0,-3.0,223,641
2021-05-13,4766,171242,24771590,150.0,150.0,142.0,142.5,-5.5,171,627
2021-05-14,4766,77003,11053436,143.0,145.0,142.5,144.0,1.5,67,711
2021-05-17,4766,169998,23813418,132.0,142.0,132.0,141.5,-2.5,129,646
2021-05-18,4766,72326,10423382,142.0,147.0,141.5,146.5,5.0,73,705
2021-05-19,4766,53060,7688000,144.5,146.0,143.5,145.0,-1.5,46,691
2021-05-20,4766,22000,3182500,145.0,145.0,144.0,145.0,0.0,21,775
2021-05-21,4766,37009,5425808,146.0,148.0,145.5,147.0,2.0,36,708
2021-05-24,4766,78000,11458500,145.0,148.0,145.0,147.0,0.0,30,599
2021-05-25,4766,18037,2684513,148.5,149.5,148.5,148.5,1.5,18,807
2021-05-26,4766,19039,2831850,149.0,149.0,148.0,149.0,0.5,20,758
2021-05-27,4766,55000,8141000,148.0,148.5,146.5,148.5,-0.5,29,628
2021-05-28,4766,24002,3583810,149.0,150.0,149.0,150.0,1.5,23,771
2021-05-31,4766,13097,1965604,149.5,150.5,149.5,150.5,0.5,18,829
2021-06-01,4766,22031,3306685,151.0,151.0,149.5,150.5,0.0,26,752
2021-06-02,4766,52176,7831477,150.0,151.0,149.5,151.0,0.5,52,683
2021-06-03,4766,31000,4653000,150.0,151.0,149.5,151.0,0.0,29,733
2021-06-04,4766,24052,3625877,151.0,151.5,149.5,150.0,-1.0,22,752
2021-06-07,4766,25001,3745146,150.0,151.0,149.0,151.0,1.0,21,762
2021-06-08,4766,11001,1658151,151.0,151.0,150.0,151.0,0.0,12,798
2021-06-09,4766,28267,4244828,150.0,151.0,149.5,151.0,0.0,31,716
2021-06-10,4766,18000,2707500,150.5,151.0,150.0,151.0,0.0,17,773
2021-06-11,4766,62075,9461125,151.0,153.5,151.0,153.0,2.0,53,616
2021-06-15,4766,22218,3393643,154.0,154.0,151.0,152.0,-1.0,30,757
2021-06-16,4766,26026,3945662,151.5,153.0,151.0,151.0,-1.0,28,748
2021-06-17,4766,21048,3198784,151.0,153.0,150.0,153.0,2.0,22,739
2021-06-18,4766,87026,13342490,151.5,156.0,151.5,156.0,3.0,65,584
2021-06-21,4766,27001,4088659,152.5,155.5,152.5,155.5,-0.5,25,778
2021-06-22,4766,22456,3470370,155.5,155.5,153.5,155.0,-0.5,32,773
2021-06-23,4766,0,0,0.0,0.0,0.0,0.0,0.0,0,941
2021-06-24,4766,18097,2806421,153.0,156.0,153.0,156.0,0.0,23,784
2021-06-25,4766,21200,3293920,154.5,156.0,154.5,156.0,0.0,30,795
2021-06-28,4766,20000,3101500,155.0,156.0,154.5,156.0,0.0,15,800
2021-06-29,4766,20360,3002574,156.0,156.0,155.5,155.5,-0.5,23,807
2021-06-30,4766,9232,1435579,156.0,156.0,154.5,155.5,0.0,15,855
2021-07-01,4766,11550,1788495,156.0,156.0,154.5,155.0,-0.5,19,858
2021-07-02,4766,22000,3392000,153.0,155.0,153.0,155.0,0.0,19,791
2021-07-05,4766,16331,2528115,153.5,156.0,153.5,156.0,1.0,28,839
2021-07-06,4766,40200,6265200,156.5,156.5,155.0,156.0,0.0,34,713
2021-07-07,4766,85069,13277360,157.5,157.5,154.5,156.0,0.0,82,629
2021-07-08,4766,15442,2398652,155.0,155.5,155.0,155.5,-0.5,24,827
2021-07-09,4766,28169,4367695,155.0,155.5,154.5,155.0,-0.5,26,769
2021-07-12,4766,47745,7446979,156.5,156.5,155.0,155.5,0.5,45,730
2021-07-13,4766,30075,4690751,156.0,156.5,155.0,156.0,0.5,35,796
2021-07-14,4766,29304,4545740,155.5,156.0,154.5,156.0,0.0,27,761
2021-07-15,4766,33103,5121416,155.0,155.0,154.5,155.0,-1.0,31,731
2021-07-16,4766,31345,4833843,155.0,155.0,153.5,154.0,-1.0,40,734
2021-07-19,4766,44001,6700654,153.5,153.5,152.0,152.0,-2.0,39,698
2021-07-20,4766,69200,10389440,151.0,151.0,149.0,149.5,-2.5,58,647
2021-07-21,4766,41099,6176449,150.5,151.5,149.5,150.5,1.0,36,742
2021-07-22,4766,65100,9784000,150.5,151.0,150.0,150.5,0.0,41,654
2021-07-23,4766,39017,5879152,150.5,151.0,150.5,150.5,0.0,35,726
2021-07-26,4766,63497,9568955,150.5,151.0,150.5,151.0,0.5,60,662
2021-07-27,4766,54197,8137327,151.0,151.0,149.5,150.0,-1.0,49,684
2021-07-28,4766,45009,6728398,150.0,150.0,149.0,150.0,0.0,35,725
2021-07-29,4766,21033,3149450,149.0,150.0,149.0,149.5,-0.5,24,749
2021-07-30,4766,66073,9851641,151.0,151.0,148.0,150.0,0.5,56,606
2021-08-02,4766,47030,7046626,150.5,150.5,148.5,150.0,0.0,41,651
2021-08-03,4766,51001,7658656,150.0,152.0,149.5,152.0,2.0,46,619
2021-08-04,4766,68020,10354128,152.0,153.0,151.0,152.5,0.5,69,588
2021-08-05,4766,64271,9377612,145.5,146.5,145.5,146.0,0.0,61,604
2021-08-06,4766,32014,4681100,146.0,146.5,146.0,146.5,0.5,27,710
2021-08-09,4766,23850,3471186,146.0,146.0,145.0,145.5,-1.0,38,765
2021-08-10,4766,15067,2179715,145.5,145.5,144.0,144.0,-1.5,16,805
2021-08-11,4766,29089,4156025,144.0,144.0,142.0,143.5,-0.5,31,763
2021-08-12,4766,14200,2028658,143.5,143.5,142.0,143.5,0.0,16,779
2021-08-13,4766,41316,5842520,142.5,142.5,141.0,141.0,-2.5,43,702
2021-08-16,4766,54300,7478904,141.0,141.0,135.5,137.5,-3.5,53,686
2021-08-17,4766,44134,6065642,135.5,139.5,135.5,139.5,2.0,46,686
2021-08-18,4766,22126,3056202,137.0,139.5,136.5,139.5,0.0,26,771
2021-08-19,4766,60199,8270909,138.5,138.5,137.0,137.0,-2.5,60,626
2021-08-20,4766,51004,6971064,136.5,139.0,135.5,139.0,2.0,51,613
2021-08-23,4766,23164,3227395,139.0,140.0,138.5,140.0,1.0,27,726
2021-08-24,4766,51195,7117027,140.0,140.5,138.0,140.5,0.5,57,602
2021-08-25,4766,20602,2875243,138.5,140.0,138.5,140.0,-0.5,33,737
2021-08-26,4766,20231,2810690,138.5,140.0,138.0,140.0,0.0,26,730
2021-08-27,4766,30136,4198151,138.5,140.5,138.5,140.5,0.5,45,672
2021-08-30,4766,12107,1708694,141.0,141.5,140.5,141.0,0.5,13,780
2021-08-31,4766,37187,5218801,142.0,142.0,139.5,140.0,-1.0,45,637
2021-09-01,4766,55100,7829350,141.0,144.0,141.0,144.0,4.0,43,617
2021-09-02,4766,32264,4552257,142.0,142.5,140.0,142.5,-1.5,37,675
2021-09-03,4766,67019,9508222,141.0,143.0,140.5,143.0,0.5,64,568
2021-09-06,4766,32030,4547307,143.0,143.5,141.0,142.0,-1.0,36,678
2021-09-07,4766,29099,4103053,142.0,142.0,140.5,140.5,-1.5,25,674
2021-09-08,4766,57050,7960550,140.0,141.5,138.5,141.0,0.5,45,612
2021-09-09,4766,43105,6092735,140.0,143.0,140.0,143.0,2.0,42,595
2021-09-10,4766,25225,3573450,142.5,142.5,141.0,141.0,-2.0,28,672
2021-09-13,4766,21100,2972000,141.0,142.0,140.0,142.0,1.0,21,712
2021-09-14,4766,20800,2938375,141.0,142.0,140.5,142.0,0.0,35,706
2021-09-15,4766,15190,2136731,141.0,141.5,140.0,141.5,-0.5,21,742
2021-09-16,4766,7010,981900,140.5,140.5,140.0,140.0,-1.5,8,824
2021-09-17,4766,30029,4199570,141.0,141.0,139.5,139.5,-0.5,29,656
2021-09-22,4766,18032,2493448,138.0,138.5,138.0,138.0,-1.5,20,788
2021-09-23,4766,18010,2516430,139.5,140.5,139.0,140.5,2.5,18,711
2021-09-24,4766,10000,1397500,139.0,140.0,139.0,140.0,-0.5,9,811
2021-09-27,4766,13000,1829500,140.0,141.0,140.0,141.0,1.0,12,796
2021-09-28,4766,29000,4032500,141.0,141.0,138.5,139.0,-2.0,25,675
2021-09-29,4766,25112,3471283,138.0,139.0,137.0,138.5,-0.5,28,747
2021-09-30,4766,22070,3051150,138.0,139.0,137.5,138.0,-0.5,20,724
2021-10-01,4766,65307,8933173,137.5,138.0,136.0,136.5,-1.5,65,644
2021-10-04,4766,20277,2774232,136.5,137.0,136.5,136.5,0.0,36,781
2021-10-05,4766,22015,3015077,137.0,137.5,136.5,136.5,0.0,22,742
2021-10-06,4766,17163,2356668,137.0,137.5,137.0,137.0,0.5,24,742
2021-10-07,4766,43000,5971500,139.0,141.0,137.5,137.5,0.5,41,639
2021-10-08,4766,21000,2903500,137.5,139.0,137.5,138.5,1.0,19,697
2021-10-12,4766,27130,3713040,137.0,137.5,136.5,136.5,-2.0,28,692
2021-10-13,4766,18011,2463501,137.0,137.5,136.0,137.5,1.0,20,746
2021-10-14,4766,45012,6119680,136.5,137.0,135.5,136.0,-1.5,43,587
2021-10-15,4766,38120,5211100,136.5,137.0,136.0,136.5,0.5,32,622
2021-10-18,4766,14001,1920145,137.5,137.5,136.5,137.5,1.0,15,754
2021-10-19,4766,21000,2901000,136.5,139.0,136.5,138.5,1.0,19,732
2021-10-20,4766,34000,4694500,137.5,138.5,137.5,138.5,0.0,32,639
2021-10-21,4766,532902,72948975,137.5,139.0,135.0,138.0,-0.5,306,345
2021-10-22,4766,60808,8293660,136.5,137.0,135.5,137.0,-1.0,58,575
2021-10-25,4766,39134,5341512,136.5,137.0,136.0,137.0,0.0,34,607
2021-10-26,4766,56010,7645404,136.5,137.0,136.0,136.5,-0.5,52,633
2021-10-27,4766,32000,4386500,137.0,138.0,136.5,138.0,1.5,31,665
2021-10-28,4766,27170,3718983,136.5,137.5,136.5,137.5,-0.5,29,696
2021-10-29,4766,37236,5128835,138.0,139.0,136.5,139.0,1.5,42,668
2021-11-01,4766,36002,4975776,138.0,138.5,137.5,138.0,-1.0,32,685
2021-11-02,4766,19006,2611330,138.0,138.0,136.5,138.0,0.0,20,773
2021-11-03,4766,28026,3848127,137.0,138.0,136.5,138.0,0.0,32,695
2021-11-04,4766,16085,2209765,138.0,138.0,137.0,137.0,-1.0,23,780
2021-11-05,4766,16259,2235717,138.0,138.0,137.0,137.5,0.5,22,779
2021-11-08,4766,27017,3713388,137.5,138.0,137.0,137.5,0.0,25,727
2021-11-09,4766,64189,8887339,137.5,139.0,137.5,139.0,1.5,61,612
2021-11-10,4766,27022,3745587,138.0,139.0,138.0,138.5,-0.5,28,746
2021-11-11,4766,127321,17303058,136.5,136.5,135.0,136.0,-2.5,122,533
2021-11-12,4766,30118,4121667,136.0,137.5,136.0,137.0,1.0,32,729
2021-11-15,4766,31156,4247890,136.5,136.5,136.0,136.5,-0.5,40,751
2021-11-16,4766,73000,9928500,136.0,136.5,135.5,136.0,-0.5,52,623
2021-11-17,4766,119623,16341689,135.5,138.0,135.5,137.5,1.5,97,543
2021-11-18,4766,33392,4575665,138.0,138.0,136.5,137.0,-0.5,30,740
2021-11-19,4766,56150,7651625,137.0,137.0,136.0,136.5,-0.5,43,655
2021-11-22,4766,68119,9327422,136.5,137.5,136.5,137.5,1.0,47,607
2021-11-23,4766,31068,4252918,136.5,137.5,136.5,136.5,-1.0,28,727
2021-11-24,4766,94556,12951354,137.0,137.5,136.5,136.5,0.0,58,544
2021-11-25,4766,137004,18740060,137.0,138.5,135.5,138.5,2.0,71,477
2021-11-26,4766,57225,7885730,138.5,139.0,136.5,138.5,0.0,53,679
2021-11-29,4766,33018,4525558,136.5,138.0,136.5,138.0,-0.5,29,731
2021-11-30,4766,86624,12196794,137.0,144.5,137.0,144.5,6.5,75,563
2021-12-01,4766,89669,12510346,140.5,140.5,138.5,139.5,-5.0,98,538
2021-12-02,4766,44095,6097754,139.0,139.0,137.5,138.0,-1.5,28,643
2021-12-03,4766,11054,1531006,138.0,139.0,138.0,139.0,1.0,13,807
2021-12-06,4766,8216,1133524,139.0,139.0,137.5,137.5,-1.5,14,833
2021-12-07,4766,12301,1701339,139.0,139.0,138.0,138.0,0.5,15,820
2021-12-08,4766,21234,2939043,138.0,139.5,137.5,138.0,0.0,23,762
2021-12-09,4766,54295,7586684,139.5,140.0,139.5,139.5,1.5,48,641
2021-12-10,4766,11200,1562000,140.0,140.0,139.0,139.0,-0.5,12,813
2021-12-13,4766,93070,13102480,140.5,142.0,139.5,141.5,2.5,77,576
2021-12-14,4766,44120,6166480,141.0,141.0,139.0,139.0,-2.5,44,682
2021-12-15,4766,6240,874335,140.5,140.5,140.0,140.0,1.0,8,862
2021-12-16,4766,18183,2528129,139.0,139.5,139.0,139.0,-1.0,22,766
2021-12-17,4766,24233,3366613,140.0,140.0,138.5,138.5,-0.5,25,738
2021-12-20,4766,17140,2363200,138.0,138.0,137.5,137.5,-1.0,21,775
2021-12-21,4766,25000,3482500,139.0,140.5,138.5,138.5,1.0,25,697
2021-12-22,4766,8095,1129274,139.5,139.5,139.5,139.5,1.0,13,840
2021-12-23,4766,35300,4942023,140.0,140.5,139.0,139.0,-0.5,33,663
2021-12-24,4766,36006,5014343,140.0,140.0,138.5,140.0,1.0,25,671
2021-12-27,4766,32120,4519882,141.0,141.0,139.5,141.0,1.0,36,715
2021-12-28,4766,27106,3794389,141.5,141.5,139.0,139.5,-1.5,30,747
2021-12-29,4766,13316,1872496,140.5,141.0,140.5,140.5,1.0,25,830
2021-12-30,4766,70091,9886425,141.5,142.0,140.5,142.0,1.5,61,604
2022-01-03,4766,34493,4873500,142.0,142.5,140.5,142.0,0.0,41,720
2022-01-04,4766,47340,6720799,142.0,143.0,141.0,143.0,1.0,38,658
2022-01-05,4766,40612,5786109,141.5,144.0,141.5,143.5,0.5,50,681
2022-01-06,4766,41305,5945325,143.5,144.5,143.0,144.0,0.5,52,667
2022-01-07,4766,62029,8902190,142.5,145.0,142.5,143.0,-1.0,48,653
2022-01-10,4766,22230,3182590,143.0,144.0,142.5,143.0,0.0,27,745
2022-01-11,4766,34318,4893314,142.0,143.5,141.5,142.5,-0.5,34,727
2022-01-12,4766,19359,2759157,142.5,143.0,142.0,142.0,-0.5,91,781
2022-01-13,4766,18001,2553142,141.0,142.5,141.0,141.5,-0.5,19,756
2022-01-14,4766,23020,3247335,141.5,141.5,140.0,140.5,-1.0,24,764
2022-01-17,4766,225705,31151995,140.5,140.5,136.5,139.0,-1.5,194,385
2022-01-18,4766,61020,8467820,139.0,140.0,138.0,138.0,-1.0,52,571
2022-01-19,4766,42000,5785463,138.0,138.5,137.0,138.0,0.0,60,628
2022-01-20,4766,27000,3748000,138.5,139.5,138.5,138.5,0.5,24,671
2022-01-21,4766,13017,1794854,138.5,138.5,137.5,137.5,-1.0,13,832
2022-01-24,4766,62030,8503730,137.0,138.5,136.0,137.5,0.0,50,613
2022-01-25,4766,42060,5763310,137.0,138.5,136.5,138.0,0.5,36,678
2022-01-26,4766,40000,5523000,137.0,139.0,137.0,139.0,1.0,35,628
2022-02-07,4766,58140,8040655,139.5,139.5,137.0,139.0,0.0,61,595
2022-02-08,4766,62141,8621281,139.0,139.5,137.5,138.5,-0.5,54,576
2022-02-09,4766,19052,2642228,138.5,139.0,138.0,139.0,0.5,21,770
2022-02-10,4766,52300,7242200,139.0,139.0,138.0,138.0,-1.0,50,609
2022-02-11,4766,71119,9753480,138.0,138.0,137.0,137.0,-1.0,65,560
2022-02-14,4766,44479,6097611,136.0,138.0,136.0,136.5,-0.5,45,659
2022-02-15,4766,43000,5914000,136.5,138.0,136.5,137.0,0.5,33,629
2022-02-16,4766,48060,6601345,138.0,138.0,137.0,137.0,0.0,40,615
2022-02-17,4766,132300,17946300,138.0,138.0,134.5,137.0,0.0,123,495
2022-02-18,4766,28001,3832639,136.0,138.0,136.0,136.5,-0.5,25,691
2022-02-21,4766,69166,9404930,135.5,137.5,135.0,136.0,-0.5,56,567
2022-02-22,4766,51065,6934067,136.0,137.0,135.0,136.5,0.5,54,657
2022-02-23,4766,12664,1726407,136.5,137.0,136.0,136.0,-0.5,24,775
2022-02-24,4766,70473,9479638,135.0,136.0,133.5,133.5,-2.5,92,662
2022-02-25,4766,67029,8980415,135.5,136.0,133.5,134.0,0.5,67,588
2022-03-01,4766,43060,5791606,134.0,135.5,134.0,134.0,0.0,47,640
2022-03-02,4766,52544,7064983,135.5,135.5,133.5,135.0,1.0,62,591
2022-03-03,4766,46050,6221774,135.5,135.5,134.0,135.5,0.5,48,617
2022-03-04,4766,61000,8210000,135.0,135.0,134.0,135.0,-0.5,55,587
2022-03-07,4766,90569,12059746,133.5,135.5,131.5,135.5,0.5,101,630
2022-03-08,4766,60311,7989635,133.0,134.0,131.5,132.5,-3.0,81,668
2022-03-09,4766,37000,4918500,132.5,133.5,132.5,132.5,0.0,37,667
2022-03-10,4766,24055,3228510,133.0,135.0,133.0,133.5,1.0,27,723
2022-03-11,4766,20000,2689500,134.0,135.0,134.0,134.5,1.0,20,716
2022-03-14,4766,52192,7046022,134.0,136.5,133.5,136.5,2.0,59,577
2022-03-15,4766,32000,4309000,135.0,135.5,133.5,135.0,-1.5,31,687
2022-03-16,4766,52228,7064544,134.0,136.5,134.0,136.5,1.5,53,614
2022-03-17,4766,56025,7622450,136.5,137.0,135.0,136.5,0.0,55,627
2022-03-18,4766,2354477,311070626,135.5,137.5,132.0,132.0,-4.5,497,169
2022-03-21,4766,364849,47770048,132.5,132.5,129.0,130.0,-2.0,358,356
2022-03-22,4766,82822,10725736,130.0,130.5,129.0,129.0,-1.0,94,537
2022-03-23,4766,75568,9790105,130.0,130.5,129.0,129.0,0.0,102,586
2022-03-24,4766,36649,4740914,129.5,130.0,128.5,129.5,0.5,56,666
2022-03-25,4766,54157,6992591,129.5,129.5,128.5,129.0,-0.5,80,624
2022-03-28,4766,76344,9814973,129.0,129.0,127.5,128.5,-0.5,182,573
2022-03-29,4766,35814,4639202,130.0,130.0,128.5,129.5,1.0,44,657
2022-03-30,4766,73301,9518869,129.5,130.5,129.5,130.5,1.0,61,596
2022-03-31,4766,79314,10375898,131.5,131.5,130.0,130.5,0.0,108,538
2022-04-01,4766,32444,4244388,131.0,131.5,130.0,130.5,0.0,41,682
2022-04-06,4766,42604,5578545,130.5,131.5,130.5,131.0,0.5,52,646
2022-04-07,4766,130403,16831483,131.0,131.0,127.0,129.0,-2.0,117,546
2022-04-08,4766,63711,8242040,129.0,130.5,128.5,130.0,1.0,69,597
2022-04-11,4766,83209,10880002,131.0,131.5,130.0,130.5,0.5,104,607
2022-04-12,4766,50457,6516914,129.5,130.0,128.5,130.0,-0.5,56,640
2022-04-13,4766,90734,11777478,130.5,130.5,128.5,130.5,0.5,92,536
2022-04-14,4766,27674,3589843,130.0,130.5,129.0,129.0,-1.5,41,698
2022-04-15,4766,27150,3517350,130.0,130.0,129.0,129.5,0.5,32,713
2022-04-18,4766,49239,6374563,129.5,130.0,129.0,129.0,-0.5,41,639
2022-04-19,4766,37218,4808314,129.5,129.5,128.5,129.5,0.5,44,647
2022-04-20,4766,49363,6362680,129.0,130.0,128.0,129.5,0.0,50,626
2022-04-21,4766,63860,8240802,130.0,130.0,128.5,128.5,-1.0,68,581
2022-04-22,4766,70725,9063087,128.5,128.5,127.5,128.0,-0.5,65,574
2022-04-25,4766,187696,23407900,127.0,127.0,123.5,125.5,-2.5,231,505
2022-04-26,4766,40582,5097151,126.0,126.5,125.0,125.5,0.0,43,651
2022-04-27,4766,290677,35415682,123.5,125.0,120.0,121.0,-4.5,312,436
2022-04-28,4766,130287,15763856,120.5,122.0,120.0,122.0,1.0,126,468
2022-04-29,4766,116241,14254136,121.5,124.0,121.0,122.5,0.5,93,474
2022-05-03,4766,82333,9905486,121.0,121.5,119.0,121.5,-1.0,110,504
2022-05-04,4766,66979,8271912,122.0,124.0,122.0,123.5,2.0,79,521
2022-05-05,4766,49340,6150525,124.5,126.0,124.0,125.0,1.5,46,592
2022-05-06,4766,50610,6204421,123.0,123.0,121.5,123.0,-2.0,49,600
2022-05-09,4766,43369,5286958,122.0,123.5,120.5,123.0,0.0,49,689
2022-05-10,4766,36598,4522498,122.5,124.5,122.5,123.5,0.5,44,687
2022-05-11,4766,32063,3985438,123.5,125.0,123.5,124.5,1.0,33,678
2022-05-12,4766,690100,91529749,130.5,136.5,128.0,129.5,5.0,625,268
2022-05-13,4766,158256,20271207,129.5,129.5,127.5,128.0,-1.5,147,439
2022-05-16,4766,106177,13505993,129.0,129.0,126.5,127.0,-1.0,121,511
2022-05-17,4766,61196,7872412,127.0,129.5,127.0,129.0,2.0,65,581
2022-05-18,4766,85325,11007087,128.0,130.0,128.0,129.0,0.0,85,536
2022-05-19,4766,58889,7510817,128.0,128.5,127.0,128.0,-1.0,63,572
2022-05-20,4766,83120,10695493,128.0,130.0,127.0,130.0,2.0,85,492
2022-05-23,4766,58225,7584822,130.5,131.0,129.0,129.5,-0.5,55,547
2022-05-24,4766,115124,15079471,129.5,132.0,129.5,130.5,1.0,103,467
2022-05-25,4766,66455,8726731,130.5,132.5,130.5,131.5,1.0,59,531
2022-05-26,4766,446279,60641478,135.0,138.5,133.5,134.0,2.5,382,279
2022-05-27,4766,150662,20019602,135.0,135.5,132.0,132.5,-1.5,202,397
2022-05-30,4766,40188,5385453,134.0,134.5,133.5,134.5,2.0,52,645
2022-05-31,4766,49582,6680825,134.0,135.5,134.0,135.0,0.5,78,575
2022-06-01,4766,45566,6150457,135.0,136.0,134.0,134.5,-0.5,64,638
2022-06-02,4766,115889,15847676,135.5,138.0,135.5,135.5,1.0,143,440
2022-06-06,4766,97492,13055732,135.0,135.5,132.5,133.0,-2.5,113,467
2022-06-07,4766,36176,4818675,133.0,133.5,132.5,133.5,0.5,41,620
2022-06-08,4766,33000,4413000,134.5,134.5,133.0,133.5,0.0,30,647
2022-06-09,4766,53510,7217110,135.0,136.0,133.5,135.5,2.0,52,569
2022-06-10,4766,28603,3863795,135.5,135.5,134.5,135.0,-0.5,33,677
2022-06-13,4766,46475,6208544,135.0,135.0,133.0,133.5,-1.5,55,662
2022-06-14,4766,111595,14604505,133.5,133.5,130.0,131.5,-2.0,99,501
2022-06-15,4766,50240,6694551,132.0,134.5,132.0,134.0,2.5,56,609
2022-06-16,4766,29568,3960915,135.0,135.0,133.0,133.0,-1.0,40,718
2022-06-17,4766,79036,10333232,132.0,132.0,130.0,130.5,-2.5,78,569
2022-06-20,4766,37186,4818180,130.5,130.5,129.0,129.0,-1.5,35,717
2022-06-21,4766,62151,8126779,130.5,131.5,130.0,131.0,2.0,56,592
2022-06-22,4766,50628,6578343,130.5,131.0,129.0,129.0,-2.0,51,624
2022-06-23,4766,97429,12535107,130.0,130.0,127.0,129.0,0.0,88,528
2022-06-24,4766,144000,18786500,129.5,132.5,128.0,132.0,3.0,102,454
2022-06-27,4766,57465,7607479,131.5,133.0,131.5,132.0,0.0,67,612
2022-06-28,4766,18889,2489787,132.5,132.5,131.0,132.0,0.0,36,687
2022-06-29,4766,21774,2872376,131.0,132.5,131.0,132.5,0.5,39,679
2022-06-30,4766,58050,7634565,131.5,132.5,131.0,132.5,0.0,62,634
2022-07-01,4766,103348,13660977,132.5,133.5,131.0,131.5,-1.0,99,581
2022-07-04,4766,124103,16424122,131.5,134.0,131.5,131.5,0.0,140,475
2022-07-05,4766,34399,4562059,133.5,133.5,131.5,132.5,1.0,65,667
2022-07-06,4766,43427,5682232,132.0,132.0,130.0,130.5,-2.0,56,636
2022-07-07,4766,22392,2933331,130.0,131.5,129.5,131.5,1.0,32,703
2022-07-08,4766,18102,2385013,131.5,132.0,131.5,131.5,0.0,21,737
2022-07-11,4766,29316,3849486,131.5,132.0,130.5,130.5,-1.0,112,648
2022-07-12,4766,65933,8427066,129.5,129.5,127.0,128.5,-2.0,222,593
2022-07-13,4766,108106,14163327,129.0,132.0,129.0,132.0,3.5,73,483
2022-07-14,4766,164599,22006080,130.5,135.5,130.5,133.5,1.5,108,386
2022-07-15,4766,31338,4147846,132.5,133.0,132.0,132.0,-1.5,82,637
2022-07-18,4766,169581,21932801,131.5,132.0,128.0,128.5,-3.5,190,401
2022-07-19,4766,23022,2983361,129.0,130.0,129.0,130.0,1.5,23,670
2022-07-20,4766,40931,5330145,130.5,131.0,129.5,129.5,-0.5,46,649
2022-07-21,4766,21100,2752100,130.0,131.0,129.5,130.5,1.0,22,691
2022-07-22,4766,33050,4298524,130.5,130.5,129.5,130.5,0.0,27,652
2022-07-25,4766,17559,2289878,130.0,130.5,130.0,130.5,0.0,21,693
2022-07-26,4766,13121,1712166,130.5,130.5,130.0,130.5,0.0,16,762
2022-07-27,4766,26209,3441390,131.0,131.5,131.0,131.5,1.0,32,647
2022-07-28,4766,15500,2037249,132.0,132.0,131.0,131.5,0.0,17,742
2022-07-29,4766,26057,3434557,132.0,132.0,131.5,132.0,0.5,31,667
2022-08-01,4766,38223,5064854,133.0,133.0,132.0,132.5,0.5,44,613
2022-08-02,4766,573242,78107405,131.0,138.5,131.0,137.5,5.0,436,262
2022-08-03,4766,139744,19025823,138.0,138.0,134.5,135.5,-2.0,152,434
2022-08-04,4766,92424,11914062,129.0,130.5,127.5,129.0,0.0,131,515
2022-08-05,4766,58746,7582478,129.0,130.0,128.5,130.0,1.0,78,562
2022-08-08,4766,52190,6704154,129.0,129.0,128.0,128.5,-1.5,53,579
2022-08-09,4766,261810,34071687,127.5,132.0,127.5,129.5,1.0,186,327
2022-08-10,4766,45185,5873190,130.0,130.5,129.5,130.5,1.0,61,633
2022-08-11,4766,215955,28323608,131.0,132.5,130.0,131.0,0.5,197,418
2022-08-12,4766,92578,12087959,131.0,131.5,130.0,130.5,-0.5,88,560
2022-08-15,4766,176945,23335609,131.0,133.0,131.0,131.0,0.5,162,472
2022-08-16,4766,43316,5721677,131.0,132.5,131.0,132.5,1.5,50,653
2022-08-17,4766,57720,7655064,132.5,133.0,132.0,132.0,-0.5,67,636
2022-08-18,4766,35369,4691374,132.0,133.0,132.0,133.0,1.0,46,681
2022-08-19,4766,78355,10391127,134.0,134.0,132.0,132.5,-0.5,61,584
2022-08-22,4766,39201,5187351,132.0,133.0,132.0,132.5,0.0,35,682
2022-08-23,4766,184957,24862194,132.5,136.0,132.5,134.0,1.5,152,405
2022-08-24,4766,54613,7371833,135.0,136.0,134.0,134.5,0.5,67,617
2022-08-25,4766,625003,88231839,136.0,144.5,136.0,142.5,8.0,564,255
2022-08-26,4766,217272,30727913,143.5,144.5,139.5,140.0,-2.5,276,408
2022-08-29,4766,158221,21815310,136.5,139.5,136.5,138.5,-1.5,162,472
2022-08-30,4766,58818,8203847,138.5,140.5,138.0,139.5,1.0,73,573
2022-08-31,4766,91084,12805720,140.0,142.0,139.0,141.5,2.0,94,526
2022-09-01,4766,98209,13626657,138.5,139.0,138.0,138.5,-3.0,108,536
2022-09-02,4766,69415,9602080,139.0,139.0,138.0,138.0,-0.5,65,550
2022-09-05,4766,42500,5890548,138.0,140.0,137.0,138.5,0.5,55,656
2022-09-06,4766,105026,14766658,140.0,142.0,139.0,141.0,2.5,117,514
2022-09-07,4766,81379,11340832,141.5,141.5,138.5,139.0,-2.0,89,535
2022-09-08,4766,312616,44478669,141.0,144.0,139.0,142.5,3.5,255,311
2022-09-12,4766,207693,29961946,146.5,146.5,142.5,144.0,1.5,205,381
2022-09-13,4766,593481,88094118,146.5,151.5,145.5,146.0,2.0,521,258
2022-09-14,4766,149289,21724224,144.5,146.5,143.5,145.0,-1.0,163,407
2022-09-15,4766,274899,39669014,145.0,147.0,142.5,144.0,-1.0,262,344
2022-09-16,4766,84893,12116048,142.5,143.5,142.0,142.0,-2.0,101,515
2022-09-19,4766,85549,12025402,141.5,141.5,140.0,141.0,-1.0,95,512
2022-09-20,4766,131924,18953956,142.0,145.0,142.0,145.0,4.0,125,391
2022-09-21,4766,75235,10744159,143.5,144.5,141.5,143.5,-1.5,83,510
2022-09-22,4766,52259,7401729,143.0,143.0,140.5,142.5,-1.0,53,590
2022-09-23,4766,159644,22465775,143.5,144.5,139.0,140.0,-2.5,166,413
2022-09-26,4766,221225,30103523,139.5,139.5,134.0,136.0,-4.0,211,441
2022-09-27,4766,66391,9031939,136.5,138.0,134.5,138.0,2.0,109,538
2022-09-28,4766,100624,13496362,136.0,136.0,132.5,133.0,-5.0,109,562
2022-09-29,4766,58604,7986920,135.5,137.0,135.5,137.0,4.0,63,557
2022-09-30,4766,99984,13756801,136.5,139.5,134.5,139.5,2.5,140,481
2022-10-03,4766,87629,11968946,138.5,139.0,135.5,136.5,-3.0,108,447
2022-10-04,4766,193413,26316027,137.0,138.0,135.0,135.5,-1.0,175,341
2022-10-05,4766,57225,7760742,136.5,136.5,134.5,134.5,-1.0,67,565
2022-10-06,4766,53102,7131725,135.5,135.5,133.5,134.5,0.0,54,528
2022-10-07,4766,45325,6123179,135.5,136.0,134.0,136.0,1.5,51,553
2022-10-11,4766,136458,18056653,133.5,133.5,130.5,131.5,-4.5,126,460
2022-10-12,4766,84688,11040910,131.0,132.0,129.5,130.0,-1.5,90,488
2022-10-13,4766,85661,10987623,130.0,130.5,127.0,127.5,-2.5,101,617
2022-10-14,4766,214614,27372253,128.5,129.5,127.0,129.0,1.5,209,358
2022-10-17,4766,34118,4355778,128.0,128.5,127.0,128.0,-1.0,34,634
2022-10-18,4766,47143,6129877,129.0,130.5,129.0,130.5,2.5,51,556
2022-10-19,4766,35000,4558500,130.5,131.0,129.5,130.0,-0.5,31,612
2022-10-20,4766,23258,2992877,130.0,130.0,128.0,129.0,-1.0,34,687
2022-10-21,4766,25078,3222140,130.0,130.0,128.0,128.0,-1.0,26,648
2022-10-24,4766,20001,2591628,129.5,130.0,129.0,129.5,1.5,20,692
2022-10-25,4766,35016,4524079,130.0,130.0,128.5,129.0,-0.5,35,619
2022-10-26,4766,19000,2458000,129.5,130.0,128.0,130.0,1.0,19,687
2022-10-27,4766,42250,5477250,130.0,130.0,129.0,129.5,-0.5,45,572
2022-10-28,4766,38544,4942701,128.5,128.5,128.0,128.0,-1.5,48,562
2022-10-31,4766,25012,3232072,128.0,130.0,128.0,128.5,0.5,26,609
2022-11-01,4766,49171,6313588,128.0,129.5,127.5,129.0,0.5,42,534
2022-11-02,4766,44000,5654000,129.0,129.0,128.0,128.5,-0.5,42,553
2022-11-03,4766,18200,2339559,128.0,129.0,128.0,129.0,0.5,25,669
2022-11-04,4766,34186,4447174,129.5,130.5,129.0,130.5,1.5,37,607
2022-11-07,4766,29375,3855159,131.0,131.5,131.0,131.0,0.5,39,676
2022-11-08,4766,37511,4908444,131.5,132.0,130.0,130.5,-0.5,45,650
2022-11-09,4766,60862,7967871,130.5,132.0,130.5,130.5,0.0,68,566
2022-11-10,4766,102447,13594239,132.0,133.5,132.0,132.5,2.0,106,457
2022-11-11,4766,123742,16491533,131.5,134.5,131.5,134.5,2.0,134,500
2022-11-14,4766,70974,9528298,134.0,135.0,133.0,135.0,0.5,75,575
2022-11-15,4766,71830,9654616,135.0,135.0,133.5,135.0,0.0,74,567
2022-11-16,4766,72692,9850764,136.0,136.5,134.0,134.0,-1.0,80,569
2022-11-17,4766,37662,5100321,135.0,136.0,135.0,136.0,2.0,83,623
2022-11-18,4766,47232,6385678,136.0,136.5,134.0,135.0,-1.0,119,585
2022-11-21,4766,35326,4750629,134.5,135.0,134.0,134.5,-0.5,43,595
2022-11-22,4766,42137,5627484,133.5,135.0,133.0,133.0,-1.5,52,560
2022-11-23,4766,68968,9218114,133.0,134.5,132.5,134.5,1.5,66,492
2022-11-24,4766,35454,4755806,134.0,134.5,133.5,134.0,-0.5,43,647
2022-11-25,4766,27370,3670317,134.0,134.5,133.5,133.5,-0.5,31,682
2022-11-28,4766,81003,10766400,133.0,133.5,132.0,133.5,0.0,58,494
2022-11-29,4766,72150,9611600,132.5,134.5,132.5,132.5,-1.0,62,533
2022-11-30,4766,54180,7281250,133.5,135.0,133.5,135.0,2.5,63,623
2022-12-01,4766,81311,11054109,136.0,136.5,135.5,136.5,1.5,85,592
2022-12-02,4766,62856,8501843,135.5,136.5,135.0,135.5,-1.0,62,580
2022-12-05,4766,58210,7933570,135.5,137.0,135.5,136.5,1.0,66,613
2022-12-06,4766,67852,9171537,135.5,136.0,134.5,134.5,-2.0,72,589
2022-12-07,4766,53663,7189802,134.5,135.0,133.5,134.5,0.0,61,618
2022-12-08,4766,32284,4335376,134.0,135.0,133.5,135.0,0.5,38,632
2022-12-09,4766,71121,9677127,137.0,137.0,135.0,136.0,1.0,71,530
2022-12-12,4766,46300,6259800,135.0,136.0,134.5,135.5,-0.5,50,597
2022-12-13,4766,82354,11092089,136.0,136.0,134.0,134.5,-1.0,81,536
2022-12-14,4766,28177,3791317,135.0,135.0,134.0,135.0,0.5,33,694
2022-12-15,4766,53069,7199830,135.0,136.5,134.5,136.5,1.5,82,578
2022-12-16,4766,74030,10032078,135.0,135.5,134.5,134.5,-2.0,46,574
2022-12-19,4766,19090,2562390,134.5,135.0,134.0,134.0,-0.5,21,707
2022-12-20,4766,51008,6818080,133.5,135.0,132.5,133.0,-1.0,46,639
2022-12-21,4766,13096,1753056,134.5,134.5,133.5,134.0,1.0,21,752
2022-12-22,4766,113310,15233750,134.5,135.5,133.5,133.5,-0.5,91,423
2022-12-23,4766,27006,3607809,134.0,134.0,133.0,134.0,0.5,26,622
2022-12-26,4766,15133,2021012,133.5,134.0,133.5,133.5,-0.5,19,685
2022-12-27,4766,24364,3262218,133.5,134.5,133.5,134.0,0.5,29,637
2022-12-28,4766,16058,2146272,134.0,134.0,133.5,133.5,-0.5,20,735
2022-12-29,4766,23000,3060000,133.0,133.5,133.0,133.0,-0.5,21,680
2022-12-30,4766,17541,2336645,133.5,133.5,133.0,133.0,0.0,28,681
2023-01-03,4766,34485,4574897,133.0,133.0,132.5,132.5,-0.5,46,585
2023-01-04,4766,63185,8346445,132.5,132.5,132.0,132.0,-0.5,76,495
2023-01-05,4766,39398,5200846,132.0,132.5,131.5,132.0,0.0,55,586
2023-01-06,4766,17622,2344262,132.0,134.0,132.0,133.5,1.5,32,690
2023-01-09,4766,39811,5316203,133.5,134.0,133.0,133.0,-0.5,43,632
2023-01-10,4766,20947,2808069,134.0,134.5,133.5,134.5,1.5,32,699
2023-01-11,4766,36927,4962602,134.5,135.0,134.0,134.0,-0.5,57,619
2023-01-12,4766,17303,2314127,134.5,134.5,133.5,134.0,0.0,25,718
2023-01-13,4766,19034,2540557,134.0,134.0,133.0,133.5,-0.5,21,704
2023-01-16,4766,33237,4429765,133.5,133.5,133.0,133.0,-0.5,40,608
2023-01-17,4766,74232,10012927,133.0,135.5,133.0,134.5,1.5,64,455
2023-01-30,4766,100032,13475988,136.0,136.0,134.0,134.0,-0.5,115,507
2023-01-31,4766,105420,14134074,135.0,135.0,133.5,133.5,-0.5,100,503
2023-02-01,4766,53163,7173053,134.0,136.0,134.0,135.5,2.0,53,626
2023-02-02,4766,67549,9180167,136.0,136.5,135.0,136.5,1.0,83,609
2023-02-03,4766,99523,13554735,136.5,137.0,135.5,137.0,0.5,116,522
2023-02-06,4766,37073,5077603,137.0,137.5,136.5,137.0,0.0,43,644
2023-02-07,4766,174385,24240681,137.5,140.5,137.0,140.5,3.5,208,405
2023-02-08,4766,124750,17575778,140.5,142.0,139.5,141.5,1.0,293,477
2023-02-09,4766,99495,13878788,140.0,140.5,139.0,139.5,-2.0,142,486
2023-02-10,4766,110655,15291032,138.5,139.0,137.0,139.0,-0.5,107,503
2023-02-13,4766,64224,8881565,138.0,139.0,137.5,138.0,-1.0,70,565
2023-02-14,4766,35090,4850406,138.5,139.0,138.0,139.0,1.0,40,651
2023-02-15,4766,44752,6174990,138.5,138.5,137.0,138.5,-0.5,56,629
2023-02-16,4766,40151,5562911,138.0,139.5,138.0,139.5,1.0,39,640
2023-02-17,4766,66691,9308447,139.0,140.5,138.0,139.5,0.0,54,567
2023-02-20,4766,44291,6133021,138.5,139.0,138.0,139.0,-0.5,54,690
2023-02-21,4766,38616,5342785,138.5,139.0,138.0,138.0,-1.0,49,688
2023-02-22,4766,68149,9404629,138.0,139.0,137.0,138.5,0.5,63,613
2023-02-23,4766,40361,5606602,138.5,139.5,138.5,139.0,0.5,48,713
2023-02-24,4766,62199,8595486,139.0,139.0,138.0,138.0,-1.0,60,641
2023-03-01,4766,44419,6127822,138.0,138.5,137.5,137.5,-0.5,60,684
2023-03-02,4766,37563,5178861,137.5,138.5,137.5,138.0,0.5,41,684
2023-03-03,4766,26472,3663739,138.5,139.0,138.0,138.0,0.0,37,757
2023-03-06,4766,71107,9856307,138.5,139.0,137.5,138.5,0.5,57,670
2023-03-07,4766,79031,10997673,139.0,140.0,139.0,139.5,1.0,78,626
2023-03-08,4766,27865,3876600,139.5,139.5,138.5,139.0,-0.5,28,779
2023-03-09,4766,32421,4511818,139.5,139.5,138.5,139.0,0.0,53,777
2023-03-10,4766,60993,8444639,139.0,139.5,138.0,138.0,-1.0,81,718
2023-03-13,4766,72841,10050412,137.5,139.0,137.0,139.0,1.0,74,650
2023-03-14,4766,112696,15790737,139.0,141.0,138.5,141.0,2.0,124,521
2023-03-15,4766,63575,8915198,140.5,141.0,139.5,140.0,-1.0,69,611
2023-03-16,4766,173387,23842453,139.0,139.0,136.5,136.5,-3.5,181,513
2023-03-17,4766,80005,10993686,137.0,138.5,137.0,137.0,0.5,63,560
2023-03-20,4766,52803,7236350,138.0,138.0,136.5,137.0,0.0,58,602
2023-03-21,4766,24579,3404621,138.0,139.0,138.0,139.0,2.0,37,756
2023-03-22,4766,27219,3783941,139.0,139.5,138.5,139.0,0.0,35,764
2023-03-23,4766,27673,3842673,139.0,139.0,138.0,139.0,0.0,37,750
2023-03-24,4766,71444,9951964,139.0,140.0,138.5,139.5,0.5,65,620
2023-03-27,4766,185527,26353546,141.0,143.0,140.5,143.0,3.5,181,462
2023-03-28,4766,764226,113111465,145.5,150.0,145.5,147.0,4.0,656,248
2023-03-29,4766,197220,28847912,147.0,148.0,144.5,147.0,0.0,212,397
2023-03-30,4766,128595,18972503,147.0,148.5,146.5,147.5,0.5,139,471
2023-03-31,4766,293947,42980094,148.0,148.5,144.0,144.5,-3.0,303,363
2023-04-06,4766,140389,20515376,146.0,147.0,144.5,147.0,2.5,162,495
2023-04-07,4766,163932,24324790,147.0,149.5,147.0,148.5,1.5,202,439
2023-04-10,4766,182943,27391790,148.5,151.0,148.0,150.0,1.5,199,451
2023-04-11,4766,244200,36502640,151.5,151.5,147.5,148.0,-2.0,354,416
2023-04-12,4766,154669,23157173,148.0,150.5,148.0,150.5,2.5,153,518
2023-04-13,4766,115020,17280142,151.0,151.0,149.5,150.5,0.0,141,567
2023-04-14,4766,78086,11761627,150.5,151.0,150.0,150.5,0.0,93,604
2023-04-17,4766,79478,11975879,150.5,151.5,150.0,150.0,-0.5,104,626
2023-04-18,4766,108673,16193051,150.0,150.0,148.0,149.5,-0.5,120,576
2023-04-19,4766,72597,10814326,149.5,149.5,148.5,149.0,-0.5,88,639
2023-04-20,4766,74286,10983269,149.0,149.0,147.0,147.5,-1.5,119,639
2023-04-21,4766,58924,8662780,148.0,148.5,146.0,147.5,0.0,83,704
2023-04-24,4766,46510,6815099,148.0,148.0,145.5,146.0,-1.5,75,633
2023-04-25,4766,124865,18049514,146.0,147.0,143.0,145.0,-1.0,159,556
2023-04-26,4766,79479,11567483,145.5,147.0,144.0,147.0,2.0,88,553
2023-04-27,4766,20397,2987855,147.0,147.0,146.0,146.0,-1.0,31,730
2023-04-28,4766,41862,6160113,146.0,148.0,146.0,148.0,2.0,48,638
2023-05-02,4766,27900,4116765,147.5,148.0,147.0,147.5,-0.5,38,730
2023-05-03,4766,18611,2728668,147.5,147.5,146.5,146.5,-1.0,29,759
2023-05-04,4766,25720,3786980,146.5,148.0,146.5,147.5,1.0,40,722
2023-05-05,4766,30773,4516489,147.0,147.5,146.0,147.0,-0.5,44,691
2023-05-08,4766,31318,4609564,147.0,148.0,146.5,147.5,0.5,32,709
2023-05-09,4766,30930,4548261,147.5,147.5,146.5,146.5,-1.0,55,734
2023-05-10,4766,143578,20748551,146.0,146.0,143.5,145.0,-1.5,129,453
2023-05-11,4766,297518,44631173,152.5,152.5,148.5,149.5,4.5,299,399
2023-05-12,4766,744328,116541820,151.0,161.0,150.0,158.5,9.0,725,225
2023-05-15,4766,645402,104540673,158.5,164.5,157.5,158.5,0.0,693,240
2023-05-16,4766,462281,75111515,161.0,164.0,159.0,162.5,4.0,577,280
2023-05-17,4766,364975,59844676,162.0,165.5,162.0,164.0,1.5,364,343
2023-05-18,4766,323512,53820735,165.0,168.0,164.0,166.5,2.5,353,346
2023-05-19,4766,1272613,228037375,169.5,183.0,169.5,177.0,10.5,1084,198
2023-05-22,4766,753261,128264525,174.5,176.0,168.0,169.0,-8.0,1226,243
2023-05-23,4766,385416,66098191,170.0,174.0,169.0,172.0,3.0,373,317
2023-05-24,4766,295009,50074753,172.0,172.0,166.5,172.0,0.0,1027,351
2023-05-25,4766,213503,36301605,172.0,172.0,168.5,170.0,-2.0,225,401
2023-05-26,4766,111767,18886913,170.0,170.5,168.5,169.0,-1.0,398,539
2023-05-29,4766,279546,46918714,169.5,171.0,166.0,167.0,-2.0,553,378
2023-05-30,4766,576828,97636020,168.0,174.5,166.5,170.0,3.0,435,282
2023-05-31,4766,390416,67597267,170.5,175.0,169.5,174.0,4.0,414,344
2023-06-01,4766,794656,142540911,178.0,181.5,176.0,179.0,5.0,924,254
2023-06-02,4766,224448,40109009,178.0,180.0,177.0,178.0,-1.0,732,434
2023-06-05,4766,253011,45689749,181.0,182.5,179.0,180.5,2.5,1844,426
2023-06-06,4766,274186,49488114,182.5,182.5,177.5,182.5,2.0,821,390
2023-06-07,4766,217472,39285311,180.5,182.5,180.0,180.0,-2.5,331,441
2023-06-08,4766,217352,38776257,179.5,180.5,176.0,177.0,-3.0,256,445
2023-06-09,4766,130708,23310569,179.0,179.5,177.5,178.5,1.5,141,511
2023-06-12,4766,184622,32754847,179.5,179.5,176.0,176.0,-2.5,174,478
2023-06-13,4766,299450,53777616,176.0,182.0,176.0,181.0,5.0,243,392
2023-06-14,4766,147459,26739564,181.0,183.0,180.0,180.5,-0.5,131,498
2023-06-15,4766,204039,36479209,181.0,181.0,178.0,178.5,-2.0,161,446
2023-06-16,4766,103692,18522996,178.5,180.0,177.5,180.0,1.5,128,567
2023-06-19,4766,204842,36426934,180.0,180.0,176.5,178.0,-2.0,232,453
2023-06-20,4766,377195,66676258,179.0,179.0,175.0,176.5,-1.5,385,369
