date,stock_id,Trading_Volume,Trading_money,open,max,min,close,spread,Trading_turnover,Trading_money_rank
2018-10-17,4961,5079890,187474962,36.9,38.2,36.2,36.4,0.0,3291,101
2018-10-18,4961,3365256,126771101,36.4,38.6,36.4,37.75,1.35,2035,112
2018-10-19,4961,1747100,63495555,36.8,36.8,35.85,36.55,-1.2,1102,221
2018-10-22,4961,2590000,97176400,36.0,39.0,35.7,39.0,2.45,1483,136
2018-10-23,4961,3325664,128672097,38.45,39.35,38.0,38.25,-0.75,1740,121
2018-10-24,4961,4030080,158006783,37.6,40.2,37.4,40.0,1.75,1891,118
2018-10-25,4961,3180050,121117850,37.6,39.3,37.3,38.2,-1.8,1649,141
2018-10-26,4961,3287950,124525645,39.0,39.0,36.2,37.05,-1.15,1918,130
2018-10-29,4961,1310192,47356065,37.0,37.3,35.1,35.7,-1.35,925,194
2018-10-30,4961,777671,27767836,35.8,36.2,35.15,35.9,0.2,549,230
2018-10-31,4961,2027000,75967350,36.35,38.15,36.25,38.05,2.15,1159,166
2018-11-01,4961,3839865,148587087,37.5,40.0,37.2,39.0,0.95,1926,120
2018-11-02,4961,4988910,200645288,40.0,40.85,39.3,40.1,1.1,2679,111
2018-11-05,4961,1331100,51858100,39.3,39.95,38.5,38.8,-1.3,921,178
2018-11-06,4961,1384850,51958450,38.7,39.1,36.9,37.05,-1.75,898,180
2018-11-07,4961,577172,21735123,37.3,38.0,37.3,37.65,0.6,452,266
2018-11-08,4961,876000,32848550,38.15,38.5,37.1,37.2,-0.45,528,239
2018-11-09,4961,444846,16481632,37.2,37.5,36.65,36.95,-0.25,298,296
2018-11-12,4961,439090,16018135,36.0,37.0,36.0,36.4,-0.55,324,291
2018-11-13,4961,570580,20444625,35.7,36.7,35.1,36.5,0.1,350,271
2018-11-14,4961,485610,17951817,36.6,37.4,36.6,36.85,0.35,317,310
2018-11-15,4961,760660,27464526,36.65,36.85,35.5,36.15,-0.7,406,273
2018-11-16,4961,461400,16556699,36.2,36.3,35.55,35.8,-0.35,281,320
2018-11-19,4961,364400,13123620,35.8,36.2,35.7,36.1,0.3,226,342
2018-11-20,4961,631310,22379874,35.9,35.9,35.2,35.3,-0.8,410,271
2018-11-21,4961,3504300,132138539,34.65,38.8,33.85,38.8,3.5,1881,126
2018-11-22,4961,3036726,118401084,39.1,39.8,38.0,38.4,-0.4,1725,136
2018-11-23,4961,1196199,45666691,38.95,39.1,37.1,37.6,-0.8,709,193
2018-11-26,4961,675026,25446380,37.8,38.25,36.75,37.75,0.15,416,263
2018-11-27,4961,699797,26053589,38.1,38.1,37.0,37.25,-0.5,446,273
2018-11-28,4961,2233126,86990464,37.2,40.0,37.1,38.95,1.7,1379,187
2018-11-29,4961,3123791,124850407,40.0,40.9,39.2,39.2,0.25,1847,167
2018-11-30,4961,1398100,54705110,39.35,39.65,38.5,39.35,0.15,874,248
2018-12-03,4961,1922450,76721476,40.2,40.35,39.35,39.9,0.55,1149,229
2018-12-04,4961,2202360,90156565,39.95,42.3,39.4,40.6,0.7,1294,198
2018-12-05,4961,2256167,93788136,38.95,39.8,38.95,39.15,-1.45,745,179
2018-12-06,4961,2192306,80985194,39.2,39.6,36.0,36.25,-2.9,1246,199
2018-12-07,4961,660500,24382000,36.65,37.3,36.65,36.8,0.55,401,273
2018-12-10,4961,488000,17912150,36.65,37.3,36.35,36.5,-0.3,312,301
2018-12-11,4961,346908,12796732,36.5,37.05,36.5,37.0,0.5,205,345
2018-12-12,4961,601400,22695180,37.35,38.5,37.35,37.6,0.6,389,312
2018-12-13,4961,384369,14470645,37.6,38.0,37.45,37.5,-0.1,261,360
2018-12-14,4961,565100,20820950,37.5,37.5,36.6,36.95,-0.55,355,310
2018-12-17,4961,717137,27022700,36.95,38.9,36.1,38.9,1.95,427,281
2018-12-18,4961,1220058,46754248,38.8,38.9,37.75,37.85,-1.05,831,234
2018-12-19,4961,1227201,47366128,38.45,38.9,38.1,38.8,0.95,786,219
2018-12-20,4961,1007236,38580363,38.7,39.0,37.25,37.35,-1.45,657,249
2018-12-21,4961,552369,20525187,37.0,37.65,36.6,37.5,0.15,394,322
2018-12-22,4961,383500,14548299,37.6,38.2,37.1,37.95,0.45,253,238
2018-12-24,4961,425090,16079037,38.3,38.35,37.6,37.6,-0.35,280,302
2018-12-25,4961,508800,18811907,37.2,37.3,36.8,36.95,-0.65,323,308
2018-12-26,4961,363267,13430364,37.0,37.35,36.75,36.75,-0.2,241,343
2018-12-27,4961,482200,17836460,37.7,37.7,36.75,36.8,0.05,295,311
2018-12-28,4961,502000,18441100,36.85,37.5,36.3,36.9,0.1,322,285
2019-01-02,4961,330000,12170500,37.5,37.5,36.55,37.0,0.1,231,329
2019-01-03,4961,336324,12552355,36.85,37.7,36.8,37.0,0.0,263,319
2019-01-04,4961,353299,12888198,36.6,36.95,36.0,36.5,-0.5,259,352
2019-01-07,4961,394300,14478530,37.0,37.0,36.55,36.6,0.1,275,322
2019-01-08,4961,269200,9821150,36.5,36.7,36.4,36.5,-0.1,192,366
2019-01-09,4961,364706,13395804,36.45,36.95,36.45,36.6,0.1,243,393
2019-01-10,4961,738000,27581299,36.6,38.0,36.6,37.35,0.75,445,263
2019-01-11,4961,801500,30278950,37.35,38.5,36.85,38.4,1.05,442,255
2019-01-14,4961,571060,21572173,38.2,38.2,37.35,38.15,-0.25,368,274
2019-01-15,4961,348268,13192156,38.05,38.05,37.65,37.95,-0.2,210,332
2019-01-16,4961,371400,14058189,37.4,38.35,37.4,37.85,-0.1,216,354
2019-01-17,4961,398400,14957810,37.85,37.95,37.35,37.5,-0.35,236,348
2019-01-18,4961,261700,9805285,37.5,37.65,37.3,37.6,0.1,160,375
2019-01-21,4961,301059,11366418,37.75,38.0,37.5,37.65,0.05,176,374
2019-01-22,4961,208570,7802389,37.8,37.8,37.2,37.45,-0.2,113,396
2019-01-23,4961,268170,9952516,37.0,37.7,36.9,37.5,0.05,189,343
2019-01-24,4961,205400,7636240,37.2,37.45,36.95,37.4,-0.1,135,405
2019-01-25,4961,199673,7459968,37.15,37.55,37.15,37.3,-0.1,156,429
2019-01-28,4961,565600,21410240,37.8,38.25,37.4,37.9,0.6,314,305
2019-01-29,4961,234000,8778550,37.5,37.75,37.3,37.7,-0.2,142,398
2019-01-30,4961,493000,18671200,37.7,38.3,37.55,37.55,-0.15,270,322
2019-02-11,4961,314000,11857000,37.6,38.1,37.6,37.75,0.2,173,394
2019-02-12,4961,871526,33335319,37.9,39.0,37.6,38.3,0.55,533,285
2019-02-13,4961,4764261,190877508,38.7,42.0,38.45,42.0,3.7,2749,148
2019-02-14,4961,2845802,116450107,41.95,41.95,40.35,40.85,-1.15,1793,175
2019-02-15,4961,1921200,77169549,40.5,41.4,39.2,39.7,-1.15,1306,207
2019-02-18,4961,1358500,54664299,40.0,40.85,39.55,40.15,0.45,853,247
2019-02-19,4961,1110965,44555393,40.15,40.55,39.75,40.2,0.05,657,264
2019-02-20,4961,873209,34943767,40.35,40.45,39.8,40.0,-0.2,497,303
2019-02-21,4961,1076842,43639458,40.4,40.85,39.9,40.85,0.85,686,273
2019-02-22,4961,2353424,97203351,41.15,41.7,40.75,41.45,0.6,1461,181
2019-02-25,4961,1355249,55890570,42.0,42.0,40.85,41.35,-0.1,783,251
2019-02-26,4961,3276802,138422691,41.45,43.35,41.15,41.9,0.55,2046,166
2019-02-27,4961,1369250,56814073,41.85,42.05,41.15,41.3,-0.6,856,230
2019-03-04,4961,1163271,47286779,41.3,41.45,40.3,40.55,-0.75,614,255
2019-03-05,4961,646100,26362075,40.6,41.4,40.55,40.6,0.05,363,311
2019-03-06,4961,669371,27256575,40.85,41.05,40.55,40.55,-0.05,375,305
2019-03-07,4961,1083001,43408539,40.55,40.8,39.55,39.55,-1.0,616,263
2019-03-08,4961,460200,18068528,39.0,40.0,38.8,39.65,0.1,316,348
2019-03-11,4961,471100,18883310,40.25,40.45,39.7,40.1,0.45,317,350
2019-03-12,4961,785200,31827380,40.5,40.9,40.3,40.4,0.3,392,310
2019-03-13,4961,442146,17855598,40.7,40.7,40.2,40.2,-0.2,246,349
2019-03-14,4961,776600,31703508,40.3,41.15,40.3,40.8,0.6,510,316
2019-03-15,4961,734054,29976014,40.9,41.05,40.55,40.8,0.0,395,328
2019-03-18,4961,5809209,253417808,41.3,44.85,41.15,44.1,3.3,3136,99
2019-03-19,4961,8383490,384494481,43.5,48.0,42.85,46.35,2.25,4501,81
2019-03-20,4961,8575008,413563781,47.7,49.9,47.0,48.3,1.95,4740,63
2019-03-21,4961,3698672,178216506,48.9,48.9,47.6,48.0,-0.3,2363,142
2019-03-22,4961,3775572,182515704,48.85,49.2,47.3,48.7,0.7,2258,147
2019-03-25,4961,2945284,139634401,47.5,48.0,46.6,47.9,-0.8,1810,152
2019-03-26,4961,2146628,101335282,48.3,48.3,46.6,46.95,-0.95,1317,184
2019-03-27,4961,1461765,67694501,47.1,47.3,45.8,46.15,-0.8,907,225
2019-03-28,4961,2408178,108286553,45.65,46.0,44.5,44.7,-1.45,1397,176
2019-03-29,4961,1552600,70645019,45.0,46.0,44.6,45.5,0.8,1009,221
2019-04-01,4961,2501370,111436412,45.35,45.45,43.8,44.8,-0.7,1547,187
2019-04-02,4961,3171527,145082396,45.35,46.35,45.15,46.0,1.2,1977,154
2019-04-03,4961,5607312,264592675,46.35,48.4,45.3,47.05,1.05,3280,93
2019-04-08,4961,2096271,98618841,47.7,47.75,46.6,47.0,-0.05,1145,220
2019-04-09,4961,2156123,102605796,47.1,48.1,47.0,47.15,0.15,1347,195
2019-04-10,4961,4097409,196226690,47.7,48.45,47.25,47.9,0.75,2461,133
2019-04-11,4961,2366150,112520445,48.05,48.5,46.7,46.9,-1.0,1288,193
2019-04-12,4961,3263717,152794724,47.4,47.75,45.7,45.85,-1.05,2096,147
2019-04-15,4961,1654000,75283550,45.9,46.25,45.25,45.65,-0.2,1067,226
2019-04-16,4961,3143061,147849028,45.85,48.1,45.35,47.8,2.15,2024,159
2019-04-17,4961,9319300,451920448,48.2,49.65,47.3,47.3,-0.5,5572,67
2019-04-18,4961,2986939,139539872,47.8,48.25,45.35,45.5,-1.8,1977,188
2019-04-19,4961,1704673,78832925,46.0,46.9,45.7,46.7,1.2,1131,192
2019-04-22,4961,2180599,102999503,47.0,47.7,46.8,47.0,0.3,1339,178
2019-04-23,4961,1004525,46946170,47.1,47.3,46.2,46.8,-0.2,642,249
2019-04-24,4961,1699004,80561690,47.2,47.85,47.05,47.45,0.65,1090,208
2019-04-25,4961,11069261,540736946,49.0,49.4,48.05,49.05,1.6,6666,45
2019-04-26,4961,6319700,294811829,48.4,48.4,45.25,46.0,-3.05,4222,78
2019-04-29,4961,1788305,80783775,46.05,46.45,44.2,45.0,-1.0,1224,214
2019-04-30,4961,1381100,62873545,45.0,46.15,44.3,46.0,1.0,944,211
2019-05-02,4961,838000,38197650,46.3,46.3,45.2,45.35,-0.65,585,259
2019-05-03,4961,1056080,48263354,45.35,46.4,45.0,46.0,0.65,677,233
2019-05-06,4961,1875211,83426639,45.1,45.1,43.9,44.0,-2.0,1230,206
2019-05-07,4961,1127000,49940150,44.25,44.7,44.0,44.1,0.1,812,227
2019-05-08,4961,1114994,47996992,42.6,43.8,42.6,43.0,-1.1,703,238
2019-05-09,4961,1340250,56491387,43.0,43.6,41.4,41.5,-1.5,888,264
2019-05-10,4961,2066680,85008599,41.5,42.35,40.1,41.5,0.0,1306,213
2019-05-13,4961,2086650,82587175,41.6,41.8,38.85,39.5,-2.0,1405,204
2019-05-14,4961,2034176,78569349,38.5,39.3,37.8,39.1,-0.4,1327,213
2019-05-15,4961,2707000,107364200,39.5,40.35,38.85,39.55,0.45,1771,173
2019-05-16,4961,872100,34322280,39.4,40.0,38.9,39.25,-0.3,621,281
2019-05-17,4961,1280450,49431362,39.85,39.85,38.0,38.35,-0.9,799,253
2019-05-20,4961,730085,27777746,38.5,38.6,37.8,38.05,-0.3,460,293
2019-05-21,4961,1386000,51365900,37.9,37.9,36.3,37.5,-0.55,907,235
2019-05-22,4961,599000,22715800,37.75,38.4,37.5,37.5,0.0,431,314
2019-05-23,4961,676500,24834150,37.5,37.5,36.5,36.65,-0.85,423,301
2019-05-24,4961,734000,26776350,36.65,37.05,36.0,36.2,-0.45,499,284
2019-05-27,4961,416307,15098923,36.45,36.65,36.1,36.4,0.2,250,372
2019-05-28,4961,574000,20741000,36.5,36.5,35.9,36.1,-0.3,392,362
2019-05-29,4961,472818,16912655,35.7,36.35,35.4,36.2,0.1,290,366
2019-05-30,4961,650500,23938075,36.2,37.3,36.05,37.05,0.85,412,309
2019-05-31,4961,4703204,184217148,37.5,40.25,37.3,40.15,3.1,2333,124
2019-06-03,4961,3484008,135491483,39.95,40.0,38.35,38.5,-1.65,1759,126
2019-06-04,4961,1586350,60609840,38.55,38.75,37.65,37.65,-0.85,850,190
2019-06-05,4961,2136250,82417125,38.4,39.05,38.15,38.15,0.5,1087,172
2019-06-06,4961,843000,31979050,38.15,38.5,37.45,37.65,-0.5,543,251
2019-06-10,4961,458100,17479228,38.05,38.4,37.8,38.3,0.65,350,337
2019-06-11,4961,828100,31649765,37.9,38.8,37.55,38.15,-0.15,565,282
2019-06-12,4961,518110,19689480,38.2,38.6,37.8,38.0,-0.15,396,313
2019-06-13,4961,435874,16575086,38.0,38.4,37.7,37.95,-0.05,298,324
2019-06-14,4961,384000,14521400,37.95,38.1,37.65,37.85,-0.1,255,343
2019-06-17,4961,615400,23504200,37.5,38.65,37.5,38.6,0.75,403,286
2019-06-18,4961,2358304,92283297,39.15,39.4,38.8,38.8,0.2,1482,153
2019-06-19,4961,2037516,80184383,39.3,39.65,38.95,39.4,0.6,1219,195
2019-06-20,4961,652000,25545600,39.5,39.5,39.05,39.1,-0.3,462,312
2019-06-21,4961,903300,35441900,39.25,39.55,38.9,39.0,-0.1,606,304
2019-06-24,4961,453307,17628974,39.25,39.25,38.65,38.7,-0.3,294,362
2019-06-25,4961,488534,18801715,39.0,39.0,38.2,38.2,-0.5,323,340
2019-06-26,4961,391010,14797829,37.85,38.0,37.7,37.85,-0.35,293,350
2019-06-27,4961,336100,12881310,37.85,38.55,37.85,38.35,0.5,263,414
2019-06-28,4961,349200,13342680,38.45,38.8,38.0,38.0,-0.35,225,369
2019-07-01,4961,1103799,43217700,38.8,39.6,38.65,39.05,1.05,758,268
2019-07-02,4961,919000,36296150,39.05,39.8,39.0,39.35,0.3,576,292
2019-07-03,4961,574190,22407310,39.3,39.6,38.85,38.85,-0.5,353,346
2019-07-04,4961,668000,26275800,38.95,39.7,38.95,39.6,0.75,450,306
2019-07-05,4961,2661998,107311717,39.6,40.95,39.4,40.7,1.1,1588,145
2019-07-08,4961,1290002,51869330,40.75,40.85,39.85,39.9,-0.8,833,242
2019-07-09,4961,654000,25715750,39.95,39.95,39.1,39.1,-0.8,457,341
2019-07-10,4961,1249200,48382140,39.1,39.2,38.55,38.65,-0.45,808,251
2019-07-11,4961,601000,23425050,38.7,39.2,38.7,38.85,0.2,372,361
2019-07-12,4961,418500,16273974,38.95,39.1,38.7,38.85,0.0,268,401
2019-07-15,4961,473000,18224400,39.1,39.1,38.25,38.5,-0.35,338,391
2019-07-16,4961,1260477,49418964,38.75,39.65,38.45,39.3,0.8,803,266
2019-07-17,4961,834000,32874450,39.7,39.7,39.0,39.6,0.3,578,298
2019-07-18,4961,2400899,96452960,39.9,40.7,39.8,39.8,0.2,1443,190
2019-07-19,4961,804244,31885810,40.1,40.35,39.35,39.4,-0.4,518,305
2019-07-22,4961,2201625,88711637,39.5,40.75,39.3,40.7,1.3,1367,200
2019-07-23,4961,2188100,89402829,41.4,41.5,40.2,40.3,-0.4,1194,210
2019-07-24,4961,948125,38002750,40.5,40.6,39.9,39.95,-0.35,642,312
2019-07-25,4961,1635500,66422300,40.0,41.0,40.0,40.8,0.85,926,241
2019-07-26,4961,615654,24992852,40.5,40.8,40.35,40.55,-0.25,400,328
2019-07-29,4961,462200,18626580,40.85,40.85,40.05,40.25,-0.3,342,388
2019-07-30,4961,1119000,44344150,40.35,40.35,39.15,39.4,-0.85,683,293
2019-07-31,4961,386431,15324826,39.4,40.2,39.25,39.9,0.5,260,393
2019-08-01,4961,392000,15590800,39.5,40.35,39.05,39.7,-0.2,284,384
2019-08-02,4961,886100,34516220,39.1,39.35,38.75,38.85,-0.85,593,322
2019-08-05,4961,1081609,40821121,38.6,38.75,37.0,37.15,-1.7,699,268
2019-08-06,4961,951250,34010300,35.8,37.05,35.0,36.85,-0.3,572,311
2019-08-07,4961,484000,17968800,36.95,37.85,36.8,36.85,0.0,321,355
2019-08-08,4961,301300,11175115,36.85,37.5,36.7,37.0,0.15,195,404
2019-08-12,4961,418250,15570975,37.45,37.8,36.9,37.45,0.45,293,379
2019-08-13,4961,293200,10863789,37.5,37.5,36.8,36.85,-0.6,223,434
2019-08-14,4961,460000,17257150,37.3,37.8,37.2,37.2,0.35,315,390
2019-08-15,4961,456000,16859150,36.9,37.45,36.4,37.4,0.2,362,387
2019-08-16,4961,689000,26321450,37.6,38.5,37.55,38.25,0.85,458,319
2019-08-19,4961,799000,31102950,38.2,39.35,38.2,38.7,0.45,491,304
2019-08-20,4961,790300,30871500,38.85,39.3,38.7,38.7,0.0,497,304
2019-08-21,4961,804300,31704180,39.0,39.7,39.0,39.5,0.8,562,296
2019-08-22,4961,1117150,44558130,40.35,40.35,39.2,39.2,-0.3,708,265
2019-08-23,4961,751505,29872022,39.5,40.1,39.4,39.65,0.45,475,287
2019-08-26,4961,550600,21488700,38.8,39.4,38.8,38.85,-0.8,398,330
2019-08-27,4961,616000,24482250,39.7,39.95,39.3,39.55,0.7,446,318
2019-08-28,4961,2592419,104668519,40.05,40.65,39.95,40.5,0.95,1541,170
2019-08-29,4961,2608100,105675020,40.5,40.8,40.05,40.7,0.2,1363,177
2019-08-30,4961,4179332,168132130,40.05,40.7,39.8,39.85,0.0,2329,163
2019-09-02,4961,1009100,39981410,39.5,40.05,39.45,39.55,-0.3,611,271
2019-09-03,4961,713100,28131820,39.8,39.8,39.2,39.2,-0.35,430,318
2019-09-04,4961,505555,19819475,39.25,39.45,39.1,39.15,-0.05,319,353
2019-09-05,4961,617601,24304761,39.2,39.65,39.1,39.15,0.0,346,343
2019-09-06,4961,539160,21110208,39.3,39.55,38.9,38.95,-0.2,356,355
2019-09-09,4961,571050,22188510,39.3,39.35,38.4,38.4,-0.55,373,349
2019-09-10,4961,950200,35939610,38.3,38.4,37.6,37.65,-0.75,620,283
2019-09-11,4961,506100,19073560,37.8,37.85,37.5,37.55,-0.1,281,379
2019-09-12,4961,650277,24827437,37.8,38.85,37.8,38.8,1.25,407,319
2019-09-16,4961,843500,32265574,38.95,39.1,37.9,38.0,-0.8,592,285
2019-09-17,4961,659072,24854372,38.0,38.05,37.55,37.6,-0.4,370,310
2019-09-18,4961,281122,10633637,38.0,38.0,37.7,37.75,0.15,205,455
2019-09-19,4961,221200,8373250,38.2,38.2,37.7,37.75,0.0,153,453
2019-09-20,4961,325650,12356000,37.8,38.25,37.8,37.9,0.15,220,426
2019-09-23,4961,222000,8411250,37.9,38.1,37.65,37.8,-0.1,148,468
2019-09-24,4961,336501,12718937,38.05,38.05,37.45,37.9,0.1,205,412
2019-09-25,4961,1663349,64197853,38.1,39.1,38.0,38.45,0.55,1024,209
2019-09-26,4961,950000,36631500,38.55,38.95,38.15,38.2,-0.25,656,256
2019-09-27,4961,594000,22394850,38.2,38.45,37.5,37.55,-0.65,368,360
2019-10-01,4961,732500,27351124,37.55,37.9,37.0,37.2,-0.35,295,286
2019-10-02,4961,638000,23475000,37.2,37.2,36.6,36.8,-0.4,345,279
2019-10-03,4961,652000,23751050,36.6,36.75,36.25,36.4,-0.4,342,289
2019-10-04,4961,648082,23529734,36.6,36.75,35.95,36.35,-0.05,391,292
2019-10-07,4961,509000,18703350,36.35,37.15,36.35,36.5,0.15,313,329
2019-10-08,4961,1256050,45095070,36.45,36.6,35.5,35.6,-0.9,723,252
2019-10-09,4961,1149062,40327468,35.3,35.5,34.9,35.05,-0.55,551,272
2019-10-14,4961,4150344,153490391,36.2,37.65,36.05,37.6,2.55,1802,161
2019-10-15,4961,1043000,39019500,37.6,37.75,37.1,37.3,-0.3,652,269
2019-10-16,4961,2552758,96381614,37.3,37.95,37.3,37.75,0.45,970,207
2019-10-17,4961,4187717,161410184,37.9,39.2,37.7,39.2,1.45,1566,139
2019-10-18,4961,10257645,401684422,39.65,39.65,38.55,39.5,0.3,4418,82
2019-10-21,4961,5349310,211691181,39.5,39.95,39.1,39.95,0.45,1915,103
2019-10-22,4961,9263150,374006474,40.1,40.65,40.05,40.5,0.55,3763,70
2019-10-23,4961,6123900,249012875,40.65,40.85,40.2,40.8,0.3,2341,106
2019-10-24,4961,9068880,372671782,41.3,41.6,40.85,41.05,0.25,4149,82
2019-10-25,4961,6334683,258168506,41.0,41.25,40.15,41.05,0.0,2591,101
2019-10-28,4961,5591550,230393669,41.45,41.5,40.7,41.4,0.35,1939,102
2019-10-29,4961,5425614,218294175,41.4,41.4,39.35,39.4,-2.0,2613,118
2019-10-30,4961,1441000,57524800,39.7,40.15,39.5,40.05,0.65,824,219
2019-10-31,4961,1422091,56127225,40.2,40.25,39.1,39.1,-0.95,886,249
2019-11-01,4961,1011895,39605796,38.8,39.55,38.7,39.55,0.45,631,261
2019-11-04,4961,2190058,86817670,39.65,40.1,39.3,39.3,-0.25,1214,206
2019-11-05,4961,949000,37188350,39.45,39.55,39.1,39.1,-0.2,546,294
2019-11-06,4961,1778768,70656535,39.35,40.25,39.1,39.5,0.4,1073,230
2019-11-07,4961,1464355,56660487,39.5,39.5,38.2,38.35,-1.15,935,240
2019-11-08,4961,608000,23380299,38.5,38.7,38.25,38.4,0.05,394,328
2019-11-11,4961,2671002,98428573,38.25,38.25,36.35,36.5,-1.9,1592,198
2019-11-12,4961,514400,19004369,36.5,37.2,36.5,37.2,0.7,384,349
2019-11-13,4961,392010,14486572,37.2,37.2,36.8,36.95,-0.25,269,400
2019-11-14,4961,1353030,50821344,37.0,38.2,36.75,38.05,1.1,774,253
2019-11-15,4961,3550800,137938650,38.2,39.15,38.1,39.05,1.0,1678,159
2019-11-18,4961,976316,37637428,39.0,39.0,38.25,38.4,-0.65,610,278
2019-11-19,4961,353350,13612257,38.3,38.8,38.3,38.45,0.05,253,404
2019-11-20,4961,514024,19546110,38.5,38.6,37.85,37.95,-0.5,328,349
2019-11-21,4961,510000,19171250,37.7,37.75,37.5,37.6,-0.35,327,360
2019-11-22,4961,415300,15626310,37.75,38.0,37.45,37.5,-0.1,267,359
2019-11-25,4961,724000,27240700,37.6,37.9,37.35,37.45,-0.05,314,313
2019-11-26,4961,369000,13926700,37.55,37.9,37.55,37.6,0.15,226,426
2019-11-27,4961,429700,16232140,37.7,38.0,37.6,37.65,0.05,262,387
2019-11-28,4961,445000,16890050,37.95,38.2,37.7,37.75,0.1,268,362
2019-11-29,4961,432500,16279000,37.75,38.15,37.4,37.5,-0.25,286,393
2019-12-02,4961,1769050,67334235,37.5,38.65,37.2,38.55,1.05,807,206
2019-12-03,4961,3162200,123481330,38.9,39.4,38.7,38.7,0.15,1842,138
2019-12-04,4961,725000,27663150,38.5,38.5,38.0,38.0,-0.7,480,275
2019-12-05,4961,703787,27023050,38.05,38.85,38.05,38.5,0.5,402,297
2019-12-06,4961,1370335,53209463,38.65,39.1,38.5,38.65,0.15,667,236
2019-12-09,4961,2534220,99402602,38.9,39.55,38.7,39.05,0.4,1350,173
2019-12-10,4961,809000,31274250,38.8,39.0,38.45,38.5,-0.55,495,307
2019-12-11,4961,378000,14582400,38.5,38.8,38.35,38.65,0.15,264,424
2019-12-12,4961,3410898,133823881,38.7,39.45,38.7,39.4,0.75,1403,164
2019-12-13,4961,15533600,629278986,40.0,41.55,39.1,39.1,-0.3,8067,51
2019-12-16,4961,1702556,66146878,38.75,39.25,38.65,38.9,-0.2,1044,224
2019-12-17,4961,1225320,47629247,39.15,39.35,38.6,38.65,-0.25,818,279
2019-12-18,4961,705000,27216200,38.9,38.9,38.5,38.5,-0.15,491,347
2019-12-19,4961,1059100,40322355,38.45,38.5,37.85,37.95,-0.55,686,283
2019-12-20,4961,871012,32861103,37.95,38.05,37.55,37.75,-0.2,538,307
2019-12-23,4961,371700,14044905,37.75,38.05,37.6,37.65,-0.1,245,413
2019-12-24,4961,685100,25728450,37.65,37.8,37.5,37.5,-0.15,375,315
2019-12-25,4961,455469,17197106,37.55,37.9,37.55,37.85,0.35,295,365
2019-12-26,4961,665008,25115352,38.15,38.15,37.5,37.65,-0.2,439,306
2019-12-27,4961,1195070,45707367,37.8,38.45,37.65,38.15,0.5,637,250
2019-12-30,4961,552200,20919688,38.3,38.3,37.75,37.8,-0.35,330,360
2019-12-31,4961,532135,20030473,37.8,37.8,37.6,37.6,-0.2,326,366
2020-01-02,4961,733878,27638811,37.6,37.8,37.6,37.65,0.05,396,333
2020-01-03,4961,1181700,44199200,37.7,37.95,37.0,37.1,-0.55,716,303
2020-01-06,4961,738513,27084323,36.85,36.85,36.55,36.55,-0.55,483,343
2020-01-07,4961,538400,19673717,36.6,36.8,36.4,36.55,0.0,329,385
2020-01-08,4961,419000,15259200,36.4,36.55,36.35,36.35,-0.2,273,421
2020-01-09,4961,390840,14385570,36.5,37.15,36.5,36.75,0.4,223,381
2020-01-10,4961,1621250,60983309,37.25,37.85,37.25,37.85,1.1,932,216
2020-01-13,4961,1805162,68805019,38.1,38.35,37.75,38.1,0.25,803,224
2020-01-14,4961,538061,20443356,38.1,38.2,37.85,37.85,-0.25,294,363
2020-01-15,4961,652369,24607986,37.85,37.95,37.5,37.55,-0.3,370,323
2020-01-16,4961,613900,23296050,37.8,38.15,37.7,38.0,0.45,349,324
2020-01-17,4961,448100,17004390,38.0,38.1,37.7,37.7,-0.3,277,370
2020-01-20,4961,916992,34891644,37.85,38.35,37.8,38.0,0.3,530,300
2020-01-30,4961,2296108,78879442,34.2,35.15,34.2,34.2,-3.8,1325,305
2020-01-31,4961,1020824,34587982,33.3,34.6,33.2,33.85,-0.35,653,353
2020-02-03,4961,1252600,39603578,32.1,32.35,30.6,32.1,-1.75,754,348
2020-02-04,4961,664000,22075050,32.15,33.65,32.15,33.35,1.25,442,373
2020-02-05,4961,711500,23952050,33.4,34.1,32.9,33.2,-0.15,465,350
2020-02-06,4961,685900,23229483,33.3,34.3,33.3,34.15,0.95,418,354
2020-02-07,4961,779213,26141575,33.85,34.0,33.25,33.25,-0.9,521,342
2020-02-10,4961,410865,13523148,32.65,33.45,32.35,32.95,-0.3,274,423
2020-02-11,4961,342110,11431463,33.15,33.95,33.15,33.4,0.45,209,424
2020-02-12,4961,664261,22558832,33.4,34.2,33.4,33.9,0.5,423,345
2020-02-13,4961,463500,15763349,34.0,34.35,33.7,33.7,-0.2,322,396
2020-02-14,4961,322413,10935742,33.75,34.1,33.65,33.9,0.2,225,415
2020-02-17,4961,345493,11712289,33.9,34.2,33.65,33.85,-0.05,239,415
2020-02-18,4961,448750,15290473,33.85,34.2,33.85,34.1,0.25,285,382
2020-02-19,4961,488691,16855546,34.15,34.65,34.15,34.5,0.4,332,376
2020-02-20,4961,337000,11587950,34.8,34.8,34.15,34.15,-0.35,255,414
2020-02-21,4961,270609,9297537,34.2,34.7,34.2,34.2,0.05,201,458
2020-02-24,4961,515000,17299000,34.2,34.2,33.3,33.5,-0.7,363,401
2020-02-25,4961,548307,18091011,32.95,33.3,32.6,33.1,-0.4,356,375
2020-02-26,4961,259303,8586327,32.9,33.3,32.8,33.1,0.0,160,458
2020-02-27,4961,727028,23662098,33.2,33.2,32.0,32.1,-1.0,426,386
2020-03-02,4961,847190,26625613,31.4,32.1,31.0,31.6,-0.5,478,385
2020-03-03,4961,330020,10696845,32.65,32.65,32.15,32.2,0.6,222,440
2020-03-04,4961,334004,10615578,31.45,32.05,31.45,31.95,-0.25,219,427
2020-03-05,4961,349000,11367550,32.5,32.75,32.4,32.45,0.5,222,424
2020-03-06,4961,421400,13526470,32.3,32.35,32.0,32.15,-0.3,203,417
2020-03-09,4961,873534,27240893,31.5,31.8,30.8,30.85,-1.3,508,424
2020-03-10,4961,780466,23532901,29.55,31.0,29.55,30.8,-0.05,465,423
2020-03-11,4961,451100,14008060,31.1,31.55,30.4,30.4,-0.4,302,445
2020-03-12,4961,2002150,56670590,29.85,30.25,27.4,27.4,-3.0,1107,328
2020-03-13,4961,1952550,48466110,24.7,25.55,24.7,25.2,-2.2,1025,378
2020-03-16,4961,1013127,25294953,25.7,26.0,23.9,24.05,-1.15,559,402
2020-03-17,4961,1197500,27035074,21.9,23.95,21.9,22.5,-1.55,645,391
2020-03-18,4961,1159901,25840080,22.4,23.0,21.35,21.4,-1.1,695,369
2020-03-19,4961,1890101,37345259,20.9,21.0,19.3,19.3,-2.1,985,394
2020-03-20,4961,844100,17668220,20.0,21.2,20.0,21.2,1.9,414,444
2020-03-23,4961,573001,11544672,19.9,20.75,19.5,20.3,-0.9,343,439
2020-03-24,4961,622005,13541311,21.05,22.2,21.05,21.95,1.65,381,427
2020-03-25,4961,984000,22754950,22.9,23.4,22.6,22.9,0.95,612,397
2020-03-26,4961,519239,11859559,23.15,23.2,22.2,22.95,0.05,341,447
2020-03-27,4961,1096120,26255502,24.5,24.6,23.35,23.35,0.4,640,377
2020-03-30,4961,465150,10767110,22.9,23.65,22.6,23.55,0.2,295,428
2020-03-31,4961,724150,17342000,23.95,24.25,23.65,23.8,0.25,406,376
2020-04-01,4961,580100,13823654,23.5,24.25,23.1,24.1,0.3,322,373
2020-04-06,4961,474100,11329393,24.1,24.15,23.6,23.95,-0.15,277,441
2020-04-07,4961,669750,16613550,24.35,25.05,24.35,24.95,1.0,424,425
2020-04-08,4961,914950,23547195,24.95,26.2,24.9,26.1,1.15,557,397
2020-04-09,4961,800312,20775268,26.35,26.4,25.6,25.7,-0.4,409,415
2020-04-10,4961,393160,10093712,25.7,26.0,25.5,25.7,0.0,220,469
2020-04-13,4961,1119100,29685760,26.3,26.9,26.1,26.3,0.6,665,310
2020-04-14,4961,1110680,29824063,26.4,27.2,26.4,27.15,0.85,643,342
2020-04-15,4961,611099,16749532,27.4,27.75,27.15,27.25,0.1,363,476
2020-04-16,4961,424005,11490288,27.0,27.35,26.7,27.1,-0.15,245,473
2020-04-17,4961,752217,20699509,27.55,28.0,27.1,27.2,0.1,464,448
2020-04-20,4961,330002,8971055,27.2,27.5,26.75,27.15,-0.05,186,480
2020-04-21,4961,887101,23439380,27.1,27.35,26.0,26.05,-1.1,471,424
2020-04-22,4961,445000,11572250,25.65,26.6,25.35,26.6,0.55,296,439
2020-04-23,4961,573206,15521124,26.8,27.35,26.65,27.3,0.7,358,380
2020-04-24,4961,201015,5451267,27.35,27.4,26.95,27.05,-0.25,140,519
2020-04-27,4961,523316,14354501,27.25,27.85,27.05,27.8,0.75,282,474
2020-04-28,4961,527000,14527400,28.0,28.1,27.35,27.5,-0.3,280,451
2020-04-29,4961,420120,11654893,27.5,27.95,27.5,27.6,0.1,275,546
2020-04-30,4961,734000,20589850,28.1,28.25,27.8,28.0,0.4,394,481
2020-05-04,4961,436000,11951650,27.55,27.6,27.2,27.35,-0.65,261,523
2020-05-05,4961,529065,14403809,27.45,27.6,26.95,27.1,-0.25,295,463
2020-05-06,4961,254000,6936450,27.1,27.6,27.1,27.15,0.05,142,581
2020-05-07,4961,931394,26119818,27.2,28.5,27.2,28.35,1.2,577,386
2020-05-08,4961,797200,22502139,28.75,28.85,27.75,27.85,-0.5,446,420
2020-05-11,4961,597269,16847488,28.0,28.4,27.85,28.25,0.4,307,482
2020-05-12,4961,446000,12540150,28.25,28.55,27.8,27.95,-0.3,265,504
2020-05-13,4961,350000,9672700,27.95,28.0,27.4,27.7,-0.25,213,508
2020-05-14,4961,717685,19496156,27.6,27.6,26.95,26.95,-0.75,368,443
2020-05-15,4961,633000,16852700,26.9,27.25,26.3,26.3,-0.65,327,438
2020-05-18,4961,414000,10835300,26.6,26.6,25.8,26.2,-0.1,180,488
2020-05-19,4961,270368,7227243,26.8,26.9,26.55,26.85,0.65,172,556
2020-05-20,4961,694154,19059457,26.95,27.8,26.85,27.65,0.8,412,394
2020-05-21,4961,1372600,38655659,28.15,28.6,27.8,28.0,0.35,819,336
2020-05-22,4961,625000,17105350,27.9,28.0,27.1,27.1,-0.9,359,437
2020-05-25,4961,436135,11758465,27.2,27.45,26.6,27.15,0.05,275,464
2020-05-26,4961,523000,14405550,27.4,27.85,27.25,27.35,0.2,272,482
2020-05-27,4961,277200,7594630,27.55,27.55,27.25,27.35,0.0,187,575
2020-05-28,4961,599135,16562922,27.55,28.05,27.15,27.3,-0.05,376,478
2020-05-29,4961,258011,7024699,27.25,27.35,27.1,27.2,-0.1,148,530
2020-06-01,4961,483000,13369450,27.45,27.9,27.4,27.7,0.5,289,471
2020-06-02,4961,588000,16492250,27.9,28.3,27.85,27.9,0.2,360,445
2020-06-03,4961,1321300,37459295,28.2,28.7,28.0,28.7,0.8,668,373
2020-06-04,4961,1027017,29654687,29.05,29.4,28.35,28.6,-0.1,622,407
2020-06-05,4961,306700,8808624,28.9,28.9,28.5,28.75,0.15,207,591
2020-06-08,4961,4448000,131982600,29.2,30.1,28.9,29.55,0.8,1750,246
2020-06-09,4961,3853220,116131594,29.75,30.7,29.15,30.05,0.5,1925,240
2020-06-10,4961,1562441,46145351,30.1,30.1,29.3,29.6,-0.45,861,347
2020-06-11,4961,1479054,42688378,29.5,29.5,28.15,28.2,-1.4,845,404
2020-06-12,4961,1099000,29892800,26.95,28.0,26.55,27.9,-0.3,608,398
2020-06-15,4961,656000,18139300,27.55,28.0,27.45,27.45,-0.45,278,444
2020-06-16,4961,539100,15119834,27.7,28.4,27.7,28.1,0.65,297,479
2020-06-17,4961,320035,8999763,28.1,28.35,27.95,28.15,0.05,209,555
2020-06-18,4961,450750,12809150,28.3,28.7,28.05,28.7,0.55,259,518
2020-06-19,4961,981363,28518772,28.95,29.35,28.75,29.0,0.3,574,445
2020-06-22,4961,636000,18480950,28.85,29.3,28.8,28.85,-0.15,352,482
2020-06-23,4961,987350,28922390,29.0,29.75,28.75,29.55,0.7,540,398
2020-06-24,4961,7472310,234584426,30.0,32.35,29.7,31.5,1.95,4073,148
2020-06-29,4961,2752784,84961717,30.8,31.35,30.3,31.1,-0.4,1740,248
2020-06-30,4961,1140740,35472448,31.4,31.6,30.8,31.1,0.0,721,346
2020-07-01,4961,4774178,157319908,31.05,33.65,31.05,33.5,2.4,2435,192
2020-07-02,4961,7526380,251439831,33.85,34.4,32.4,32.7,-0.8,4332,156
2020-07-03,4961,3718180,122423904,33.05,33.65,32.05,33.4,0.7,2055,237
2020-07-06,4961,5415000,186463998,33.8,35.0,33.4,34.5,1.1,2803,230
2020-07-07,4961,2958100,100527559,34.65,35.0,33.15,34.0,-0.5,1741,314
2020-07-08,4961,3482656,121738658,34.9,35.4,34.55,34.85,0.85,1980,274
2020-07-09,4961,3395380,120008413,35.4,36.0,34.8,35.0,0.15,1745,282
2020-07-10,4961,2277100,78695560,35.35,35.7,34.0,34.0,-1.0,1353,332
2020-07-13,4961,1778388,61817380,34.8,35.35,34.3,34.7,0.7,901,335
2020-07-14,4961,1214003,41678649,34.7,35.0,33.85,33.95,-0.75,681,371
2020-07-15,4961,1370000,46478300,34.45,34.75,33.1,33.15,-0.8,781,375
2020-07-16,4961,779550,26095751,33.6,33.8,33.0,33.55,0.4,463,424
2020-07-17,4961,954847,31590343,33.8,33.85,32.55,32.8,-0.75,548,412
2020-07-20,4961,978510,32583258,32.8,33.85,32.6,33.8,1.0,599,372
2020-07-21,4961,1475600,50455807,34.2,34.7,33.9,34.6,0.8,894,335
2020-07-22,4961,1553514,54152726,35.0,35.2,34.3,34.3,-0.3,876,320
2020-07-23,4961,712300,24212934,34.3,34.4,33.65,33.95,-0.35,470,419
2020-07-24,4961,1331002,44933816,34.15,34.6,33.0,33.25,-0.7,720,361
2020-07-27,4961,846000,28316300,33.7,33.95,33.15,33.2,-0.05,488,425
2020-07-28,4961,1532235,49947344,33.45,33.95,31.45,31.5,-1.7,797,347
2020-07-29,4961,1990015,66186802,32.1,34.15,31.75,34.0,2.5,1251,274
2020-07-30,4961,2277988,78737942,34.6,35.3,33.9,33.9,-0.1,1310,254
2020-07-31,4961,1087637,37301687,34.15,34.7,33.95,34.6,0.7,558,327
2020-08-03,4961,1304225,44905900,34.9,35.15,34.0,34.0,-0.6,729,326
2020-08-04,4961,7104482,253963534,34.8,37.0,34.65,37.0,3.0,3872,137
2020-08-05,4961,4232233,153002904,36.65,36.7,35.7,36.3,-0.7,2427,193
2020-08-06,4961,2477379,88643033,36.35,36.85,35.25,35.4,-0.9,1457,271
2020-08-07,4961,1327234,47010248,35.95,35.95,35.1,35.1,-0.3,763,338
2020-08-10,4961,2892791,103836899,35.3,36.3,35.2,36.3,1.2,1467,265
2020-08-11,4961,5597020,201754460,36.7,36.7,35.3,35.35,-0.95,2962,173
2020-08-12,4961,1483600,52146178,35.35,35.95,34.8,34.95,-0.4,883,312
2020-08-13,4961,1485570,52258957,35.4,35.7,34.8,35.1,0.15,812,315
2020-08-14,4961,1290500,45699973,35.2,35.7,35.2,35.35,0.25,724,354
2020-08-17,4961,2735300,98361629,35.8,36.45,35.45,35.55,0.2,1406,279
2020-08-18,4961,1426257,49873670,35.6,35.65,34.6,34.65,-0.9,842,360
2020-08-19,4961,2256100,77336339,35.35,35.55,33.4,33.6,-1.05,1323,333
2020-08-20,4961,2910182,91336393,33.6,33.65,30.25,30.75,-2.85,1590,350
2020-08-21,4961,1141434,36062621,30.85,32.25,30.85,31.9,1.15,723,392
2020-08-24,4961,1358950,43821236,32.3,32.5,32.05,32.2,0.3,752,358
2020-08-25,4961,1749000,56230449,32.1,32.7,31.5,32.65,0.0,960,331
2020-08-26,4961,4068436,139760033,33.0,35.0,33.0,34.15,1.5,2432,216
2020-08-27,4961,1291410,43817640,34.15,34.35,33.65,33.95,-0.2,716,360
2020-08-28,4961,990000,33486350,33.95,34.2,33.3,33.95,0.0,569,384
2020-08-31,4961,861449,28890362,34.0,34.2,33.2,33.55,-0.4,517,439
2020-09-01,4961,562500,18959499,33.6,33.9,33.4,33.75,0.2,374,491
2020-09-02,4961,1527240,52575490,33.9,34.7,33.9,34.5,0.75,794,352
2020-09-03,4961,13295296,496201307,35.5,37.95,35.5,36.7,2.2,6269,98
2020-09-04,4961,10422258,389467945,36.0,38.8,35.5,38.2,1.5,5391,113
2020-09-07,4961,6093309,226337878,38.2,38.8,35.8,35.95,-2.25,3750,183
2020-09-08,4961,3320248,117343167,36.05,36.8,34.85,35.0,-0.95,1858,226
2020-09-09,4961,2142600,75454450,34.7,36.0,34.0,35.4,0.4,1204,291
2020-09-10,4961,4623623,168259258,36.4,37.45,35.5,35.55,0.15,2634,189
2020-09-11,4961,1886354,66069102,35.0,35.85,34.4,35.0,-0.55,1033,328
2020-09-14,4961,927238,32758385,35.0,35.85,34.85,35.45,0.45,557,384
2020-09-15,4961,662050,23534422,35.7,35.95,35.25,35.3,-0.15,414,423
2020-09-16,4961,873000,30802050,35.9,35.9,34.9,35.1,-0.2,508,395
2020-09-17,4961,2522600,90879750,35.15,36.7,35.05,36.6,1.5,1556,255
2020-09-18,4961,6268744,230788317,36.5,37.4,35.95,36.45,-0.15,3296,157
2020-09-21,4961,8530444,317514018,36.3,37.7,36.15,37.2,0.75,3799,102
2020-09-22,4961,3343250,122710450,37.2,37.25,36.1,36.6,-0.6,1729,219
2020-09-23,4961,1929813,69665113,36.95,37.2,35.6,35.75,-0.85,1181,276
2020-09-24,4961,1987410,69317636,35.6,35.7,34.5,34.5,-1.25,1057,324
2020-09-25,4961,2096804,70989582,34.8,35.2,32.85,33.6,-0.9,1127,302
2020-09-28,4961,769765,26376269,34.3,34.7,33.55,34.5,0.9,420,358
2020-09-29,4961,580000,20050750,35.0,35.1,34.2,34.45,-0.05,308,380
2020-09-30,4961,527005,18199771,34.4,34.8,34.0,34.75,0.3,292,356
2020-10-05,4961,402881,14035435,34.7,35.0,34.6,35.0,0.25,271,430
2020-10-06,4961,1617111,57932799,35.4,36.2,35.3,36.05,1.05,879,264
2020-10-07,4961,5709579,210323364,36.55,37.35,36.2,36.2,0.15,3036,124
2020-10-08,4961,5373257,199696321,36.6,37.55,36.6,37.25,1.05,2774,127
2020-10-12,4961,16492751,634776191,37.6,39.75,37.4,38.1,0.85,8427,55
2020-10-13,4961,4457668,166628965,37.65,38.1,37.0,37.15,-0.95,2473,161
2020-10-14,4961,2447700,90393742,37.4,37.4,36.7,36.85,-0.3,1537,248
2020-10-15,4961,1815522,66581172,36.7,37.25,36.45,36.45,-0.4,1059,285
2020-10-16,4961,2388500,87294674,36.5,37.3,36.0,36.0,-0.45,1500,250
2020-10-19,4961,2492201,91627235,36.15,37.3,35.85,36.65,0.65,1301,227
2020-10-20,4961,677770,24823793,36.5,37.0,36.45,36.5,-0.15,416,374
2020-10-21,4961,994280,36513542,36.7,37.15,36.4,36.5,0.0,603,350
2020-10-22,4961,1360000,48811950,36.5,36.6,35.4,35.85,-0.65,801,363
2020-10-23,4961,4689164,174259240,36.25,37.8,36.05,37.05,1.2,2692,138
2020-10-26,4961,3612200,135584745,37.3,37.95,36.85,37.4,0.35,2111,181
2020-10-27,4961,1933200,72287570,37.2,37.9,36.95,37.05,-0.35,1158,263
2020-10-28,4961,1524050,55848905,37.4,37.4,36.15,36.2,-0.85,915,304
2020-10-29,4961,1982350,70213095,35.5,35.85,34.8,35.4,-0.8,1024,260
2020-10-30,4961,1297000,45990000,35.6,36.2,35.05,35.05,-0.35,721,330
2020-11-02,4961,1427087,49294564,35.2,35.3,34.35,34.45,-0.6,784,292
2020-11-03,4961,812678,28639370,34.85,35.7,34.6,35.25,0.8,522,367
2020-11-04,4961,997321,35521756,35.9,35.95,35.2,35.75,0.5,532,347
2020-11-05,4961,378500,13498150,35.45,35.9,35.45,35.55,-0.2,257,439
2020-11-06,4961,880000,31373900,35.75,36.0,35.25,35.4,-0.15,470,361
2020-11-09,4961,2125406,77396670,35.65,37.0,35.65,36.6,1.2,1052,294
2020-11-10,4961,3137931,115587847,36.9,37.4,36.1,36.3,-0.3,1769,270
2020-11-11,4961,1127434,41265662,36.3,36.8,36.25,36.7,0.4,618,407
2020-11-12,4961,1419679,52245880,36.9,37.3,36.25,36.35,-0.35,817,352
2020-11-13,4961,1104103,40674197,36.35,37.1,36.3,37.0,0.65,767,362
2020-11-16,4961,2213350,82669014,37.65,37.7,37.1,37.45,0.45,1156,311
2020-11-17,4961,2117477,79573766,37.75,37.8,37.3,37.55,0.1,1257,308
2020-11-18,4961,3886282,147860228,37.75,38.5,37.6,37.8,0.25,2097,215
2020-11-19,4961,7571521,294146319,37.9,39.4,37.85,39.3,1.5,4089,141
2020-11-20,4961,7706898,298730311,39.5,40.2,38.05,38.35,-0.95,4197,120
2020-11-23,4961,3460613,134261836,38.3,39.1,38.2,38.9,0.55,2009,261
2020-11-24,4961,3645633,143044535,39.3,39.75,38.75,39.15,0.25,2150,255
2020-11-25,4961,19351431,795348782,39.85,42.25,39.5,41.6,2.45,9323,66
2020-11-26,4961,10880024,451775166,41.6,42.05,40.9,41.75,0.15,4653,89
2020-11-27,4961,8867870,376535695,42.0,43.5,41.5,42.45,0.7,4664,125
2020-11-30,4961,4756829,204719468,43.4,43.75,42.55,42.9,0.45,2534,229
2020-12-01,4961,5970584,257964756,43.35,44.15,42.05,43.1,0.2,2939,167
2020-12-02,4961,9991314,443226688,43.3,45.75,43.0,43.75,0.65,5458,120
2020-12-03,4961,20912817,979727536,45.75,48.1,44.75,46.3,2.55,9849,56
2020-12-04,4961,12007573,565844153,47.0,48.1,46.0,47.6,1.3,5782,89
2020-12-07,4961,16593311,855357353,49.1,52.3,49.05,52.3,4.7,5318,70
2020-12-08,4961,9795772,556006585,55.0,57.5,55.0,57.5,5.2,2562,102
2020-12-09,4961,4611670,291457541,63.2,63.2,63.2,63.2,5.7,1348,175
2020-12-10,4961,50290543,3241449049,64.3,66.6,61.3,64.9,1.7,25426,14
2020-12-11,4961,2532405,180560463,71.3,71.3,71.3,71.3,6.4,1168,241
2020-12-14,4961,3251918,254950363,78.4,78.4,78.4,78.4,7.1,1347,157
2020-12-15,4961,20000872,1693237919,85.9,86.2,82.0,86.2,7.8,9977,28
2020-12-16,4961,14793100,1285714243,86.1,92.3,83.1,84.2,-2.0,8556,33
2020-12-17,4961,6903926,614065399,86.3,92.6,85.0,92.6,8.4,3341,64
2020-12-18,4961,4684038,443347418,96.0,96.1,92.0,92.0,-0.6,2102,113
2020-12-21,4961,3127280,283971387,92.5,92.5,88.8,92.0,0.0,1540,152
2020-12-22,4961,3981125,347769835,90.2,93.0,82.8,82.8,-9.2,1727,153
2020-12-23,4961,3227682,284881353,86.0,91.0,85.9,91.0,8.2,1561,150
2020-12-24,4961,4695471,464478069,94.9,100.0,94.9,98.4,7.4,1879,84
2020-12-25,4961,2359757,243430776,103.5,105.0,100.5,103.0,4.6,1202,141
2020-12-28,4961,1666201,175796581,105.0,108.0,102.0,107.0,4.0,994,212
2020-12-29,4961,2531053,276382155,105.0,113.0,105.0,111.0,4.0,1221,161
2020-12-30,4961,2141690,239558313,114.0,114.0,109.5,112.0,1.0,1064,172
2020-12-31,4961,4400372,532244756,118.0,123.0,116.5,123.0,11.0,1749,89
2021-01-04,4961,25915943,3442244483,132.0,135.0,128.0,135.0,12.0,12148,15
2021-01-05,4961,26141725,3624899469,138.0,144.0,133.0,143.0,8.0,16972,17
2021-01-06,4961,22750259,3077047902,138.0,140.0,131.5,134.0,-9.0,13865,29
2021-01-07,4961,14278952,2030669871,139.0,147.0,137.0,147.0,13.0,9041,29
2021-01-08,4961,54665345,8184466973,152.0,159.0,136.0,141.5,-5.5,34950,9
2021-01-11,4961,2392608,338741119,136.5,145.0,136.5,142.0,0.5,1392,153
2021-01-12,4961,2581013,349595623,142.5,142.5,131.0,136.0,-6.0,1542,165
2021-01-13,4961,2091962,300229227,140.0,145.0,140.0,143.0,7.0,1255,164
2021-01-14,4961,4025939,611045890,151.0,155.0,148.0,155.0,12.0,2259,110
2021-01-15,4961,2376378,369099945,160.0,160.0,149.0,154.5,-0.5,1314,173
2021-01-18,4961,1759199,270969840,157.0,157.0,149.0,156.5,2.0,1012,173
2021-01-19,4961,1723850,274238147,161.0,161.0,154.5,158.0,1.5,1043,173
2021-01-20,4961,2926822,421095682,159.5,159.5,142.5,142.5,-15.5,1378,163
2021-01-21,4961,2819243,416765889,142.5,152.0,142.5,152.0,9.5,1589,120
2021-01-22,4961,3015183,466628165,152.0,159.0,152.0,155.0,3.0,1510,121
2021-01-25,4961,12527676,1780906333,155.0,155.0,139.5,139.5,-15.5,6650,27
2021-01-26,4961,24472244,3193053346,139.0,142.0,126.0,126.0,-13.5,11878,20
2021-01-27,4961,32887569,4124882927,125.5,132.0,117.5,127.0,1.0,19399,14
2021-01-28,4961,33413455,4464513861,122.0,139.5,119.0,136.0,9.0,19544,12
2021-01-29,4961,33194246,4410842180,140.0,141.5,125.5,127.0,-9.0,20914,12
2021-02-01,4961,25473867,3263526126,126.0,135.0,120.0,130.5,3.5,15963,11
2021-02-02,4961,34318010,4640855667,134.5,141.0,131.0,133.0,2.5,20986,10
2021-02-03,4961,50357545,7148365512,137.0,146.0,134.0,146.0,13.0,26034,8
2021-02-04,4961,102355198,15717588217,146.0,160.5,144.0,157.0,11.0,59447,2
2021-02-05,4961,88397990,14611193261,158.0,172.5,157.5,172.5,15.5,51524,3
2021-02-17,4961,4773508,902358748,189.0,189.5,185.0,189.5,17.0,2009,71
2021-02-18,4961,28942899,5864394363,203.0,208.0,195.5,208.0,18.5,17686,14
2021-02-19,4961,68679815,14735132655,212.0,224.0,206.0,206.5,-1.5,46830,2
2021-02-22,4961,4891492,976323132,200.0,207.0,195.0,198.0,-8.5,3189,62
2021-02-23,4961,2771088,543651620,197.0,206.0,192.5,206.0,8.0,1957,114
2021-02-24,4961,1709473,353953294,205.0,211.0,204.0,205.0,-1.0,1305,159
2021-02-25,4961,2035369,422788788,212.5,212.5,203.5,203.5,-1.5,1082,131
2021-02-26,4961,2213730,459843848,195.5,213.0,195.5,213.0,9.5,1560,145
2021-03-02,4961,2898036,628483921,223.0,223.0,205.5,205.5,-7.5,1706,94
2021-03-03,4961,2863663,615536053,205.5,221.0,205.5,221.0,15.5,1961,98
2021-03-04,4961,3027863,665822181,215.0,224.0,215.0,216.5,-4.5,1791,81
2021-03-05,4961,3356468,698532136,205.5,211.5,205.5,208.5,-8.0,1958,74
2021-03-08,4961,3476206,674158601,211.0,211.0,188.0,188.0,-20.5,2466,83
2021-03-09,4961,45931366,9155691888,192.0,206.5,190.0,203.5,15.5,27322,3
2021-03-10,4961,57711697,12021119329,205.0,218.0,194.5,199.0,-4.5,37280,2
2021-03-11,4961,44525274,9194642501,204.0,218.0,196.5,209.0,10.0,29672,4
2021-03-12,4961,31475708,6747825586,217.0,220.0,208.0,212.5,3.5,20412,9
2021-03-15,4961,28411866,6475527425,212.5,233.5,211.0,233.5,21.0,18219,7
2021-03-16,4961,15762428,3988696520,246.0,256.5,245.5,256.5,23.0,9820,14
2021-03-17,4961,31502190,8412314814,269.0,278.0,251.0,251.0,-5.5,23808,6
2021-03-18,4961,14753688,4026331215,267.0,276.0,265.0,276.0,25.0,8694,18
2021-03-19,4961,42086433,12188558046,275.5,299.0,273.5,290.0,14.0,28645,3
2021-03-22,4961,31879253,9286170166,297.5,302.5,283.0,284.0,-6.0,23553,5
2021-03-23,4961,3180085,838531844,279.0,279.0,256.0,270.0,-14.0,2458,74
2021-03-24,4961,1323310,362173461,263.0,278.5,263.0,278.0,8.0,1101,144
2021-03-25,4961,997494,271897885,278.0,278.0,269.0,270.0,-8.0,867,178
2021-03-26,4961,2109677,609617809,275.5,293.0,275.5,292.0,22.0,1593,94
2021-03-29,4961,1336836,388953111,297.0,297.0,286.0,289.0,-3.0,1086,146
2021-03-30,4961,1318126,383244146,292.0,293.0,288.0,291.0,2.0,955,138
2021-03-31,4961,1555657,455353426,295.0,296.0,287.0,287.0,-4.0,1136,143
2021-04-01,4961,2679919,797773395,289.0,300.5,289.0,300.5,13.5,2079,72
2021-04-06,4961,1861375,589967742,312.0,325.0,312.0,325.0,24.5,1684,107
2021-04-07,4961,1482929,489382689,340.0,340.0,322.0,337.5,12.5,1373,131
2021-04-08,4961,8234470,2992308833,358.0,371.0,351.0,371.0,33.5,5807,25
2021-04-09,4961,29615722,11224642716,378.0,395.0,353.5,366.5,-4.5,23632,7
2021-04-12,4961,23905057,8358099298,375.5,383.5,330.0,330.0,-36.5,20601,10
2021-04-13,4961,25967823,9170004937,335.0,363.0,330.5,352.0,22.0,18560,9
2021-04-14,4961,33527177,11339968443,368.0,370.0,317.0,335.5,-16.5,25641,7
2021-04-15,4961,30150085,10514092032,346.0,366.0,329.0,356.0,20.5,23400,4
2021-04-16,4961,28121283,10659835310,380.0,390.5,366.0,379.0,23.0,22632,6
2021-04-19,4961,19033202,7028419227,377.5,384.5,361.5,364.0,-15.0,15979,9
2021-04-20,4961,19681314,7378844439,370.0,386.5,364.0,366.5,2.5,15419,8
2021-04-21,4961,20831127,7558848145,371.5,378.0,349.0,377.5,11.0,16770,8
2021-04-22,4961,20998289,7817465468,384.5,387.5,347.5,350.0,-27.5,17395,14
2021-04-23,4961,24451417,8937126565,358.0,383.0,345.5,377.0,27.0,18910,9
2021-04-26,4961,14804398,5545989902,383.0,385.0,365.0,371.0,-6.0,11644,16
2021-04-27,4961,13747688,5013270514,374.0,376.0,354.0,354.0,-17.0,11033,19
2021-04-28,4961,18872046,6520130221,351.0,364.0,331.5,333.0,-21.0,15637,13
2021-04-29,4961,20206292,6770856029,335.0,349.5,323.0,330.0,-3.0,15878,13
2021-05-03,4961,18995463,5946166686,329.0,329.0,303.0,306.5,-23.5,15243,15
2021-05-04,4961,26683084,8158114432,311.5,323.0,286.0,319.0,12.5,19961,13
2021-05-05,4961,16035102,4869409020,315.0,319.0,287.5,287.5,-31.5,13436,15
2021-05-06,4961,30029911,8453132784,291.0,295.0,268.0,276.0,-11.5,21786,11
2021-05-07,4961,28218179,8210036309,287.0,303.5,274.0,303.5,27.5,20047,12
2021-05-10,4961,24877534,7489268633,309.0,318.5,285.0,286.5,-17.0,20373,12
2021-05-11,4961,9496427,2486847366,260.5,268.0,258.0,258.0,-28.5,8111,46
2021-05-12,4961,44039462,10683020551,251.0,266.0,232.5,232.5,-25.5,26018,13
2021-05-13,4961,31946493,7445118870,227.0,242.0,217.0,231.0,-1.5,23304,12
2021-05-14,4961,40768952,9895705325,243.0,254.0,222.0,232.0,1.0,25410,9
2021-05-17,4961,25528885,5619627041,220.0,232.5,209.0,210.5,-21.5,17440,15
2021-05-18,4961,18747450,4221346443,222.5,231.5,215.5,231.5,21.0,11733,19
2021-05-19,4961,25309918,6406821115,254.0,254.5,245.5,254.5,23.0,11927,13
2021-05-20,4961,41930029,10739011280,253.5,266.5,247.5,250.0,-4.5,30362,8
2021-05-21,4961,26882384,6710504999,253.0,259.0,242.0,251.0,1.0,20156,11
2021-05-24,4961,26560313,6951354961,247.5,276.0,241.0,276.0,25.0,17178,11
2021-05-25,4961,21442257,6393190978,287.0,303.5,286.0,303.5,27.5,12405,16
2021-05-26,4961,38025811,11883454635,310.0,322.0,302.0,307.0,3.5,29479,5
2021-05-27,4961,40607337,12888735105,305.0,332.5,298.0,321.5,14.5,31035,5
2021-05-28,4961,30277427,10148852260,331.0,343.0,329.5,330.0,8.5,24227,7
2021-05-31,4961,25534301,8632849870,338.0,346.5,333.5,334.0,4.0,19593,13
2021-06-01,4961,38737156,12873181150,336.0,347.0,307.0,312.5,-21.5,31006,7
2021-06-02,4961,25675054,7920853592,316.0,320.0,298.5,308.0,-4.5,21548,10
2021-06-03,4961,21037675,6689176421,321.0,323.0,311.0,317.5,9.5,16902,12
2021-06-04,4961,13378472,4235579093,317.5,322.5,310.5,315.0,-2.5,10380,18
2021-06-07,4961,12366155,3840574598,318.0,318.5,301.0,308.0,-7.0,10249,20
2021-06-08,4961,10999915,3455688815,313.0,319.5,309.0,309.5,1.5,9014,25
2021-06-09,4961,23072682,7409378362,309.5,331.5,308.5,325.0,15.5,17983,11
2021-06-10,4961,20867328,6868711448,333.0,337.5,320.5,320.5,-4.5,16690,8
2021-06-11,4961,8904747,2884146642,324.5,329.5,319.0,319.0,-1.5,6739,28
2021-06-15,4961,16994948,5636932837,326.5,341.5,322.0,337.5,18.5,12916,12
2021-06-16,4961,11565431,3777633482,336.0,336.5,318.0,320.0,-17.5,9995,19
2021-06-17,4961,5897654,1879163980,313.0,324.0,312.0,319.0,0.0,5277,34
2021-06-18,4961,6022336,1933474632,323.0,328.0,315.5,315.5,-3.5,5263,42
2021-06-21,4961,14439258,4309730037,310.0,312.5,287.5,290.0,-25.5,13418,19
2021-06-22,4961,12027033,3497327308,298.0,301.0,283.0,283.0,-7.0,10586,30
2021-06-23,4961,11236870,3306129576,289.0,302.0,285.0,293.0,10.0,9412,34
2021-06-24,4961,7258409,2117240605,296.0,299.5,286.0,293.0,0.0,6178,47
2021-06-25,4961,5422937,1591462328,296.5,298.5,290.0,290.0,-3.0,4605,61
2021-06-28,4961,6507612,1899069839,290.0,297.0,285.0,295.0,5.0,5797,51
2021-06-29,4961,10275410,3088876390,298.5,307.5,294.0,295.5,0.5,8485,32
2021-06-30,4961,11994663,3685941126,303.5,311.5,300.0,307.5,12.0,9501,23
2021-07-01,4961,16774299,5284855480,312.5,322.0,308.0,311.0,3.5,12900,20
2021-07-02,4961,11972775,3812505932,315.5,323.5,313.0,319.5,8.5,9618,29
2021-07-05,4961,23392267,7832974365,325.0,348.0,323.5,334.0,14.5,18704,15
2021-07-06,4961,13388374,4356156353,336.0,338.5,316.0,318.0,-16.0,11511,20
2021-07-07,4961,7759204,2460900099,318.0,325.5,310.5,311.5,-6.5,6754,41
2021-07-08,4961,5788933,1827497604,319.0,322.0,311.0,313.0,1.5,4559,52
2021-07-09,4961,4925194,1515376282,310.5,316.0,303.0,303.0,-10.0,4765,57
2021-07-12,4961,5791929,1767121418,310.0,311.5,301.0,301.0,-2.0,4883,58
2021-07-13,4961,6184009,1846592253,306.0,308.0,289.0,290.0,-11.0,5527,69
2021-07-14,4961,6245693,1837671635,290.5,301.0,285.0,297.5,0.0,5247,52
2021-07-15,4961,5591108,1659024740,303.0,305.5,290.5,294.5,-3.0,4987,47
2021-07-16,4961,5405214,1601301920,292.0,301.0,289.0,293.0,-1.5,4206,57
2021-07-19,4961,3498616,1033177964,295.0,299.5,290.0,298.0,5.0,2916,77
2021-07-20,4961,9363399,2672540268,295.0,296.0,277.5,280.0,-18.0,8830,33
2021-07-21,4961,10882874,2950790100,286.0,286.0,259.5,265.5,-14.5,10093,36
2021-07-22,4961,14864253,4240273456,270.0,292.0,268.5,292.0,26.5,11079,22
2021-07-23,4961,34932534,10642656007,297.5,319.0,292.0,293.0,1.0,26905,8
2021-07-26,4961,24713696,7648894836,300.0,316.5,299.5,308.0,15.0,18801,8
2021-07-27,4961,16351769,4978745383,313.0,316.5,293.5,294.0,-14.0,13286,17
2021-07-28,4961,13856630,3873340260,296.5,297.0,268.0,275.0,-19.0,11525,17
2021-07-29,4961,13050114,3620978638,281.0,284.0,268.5,277.0,2.0,9232,19
2021-07-30,4961,13633888,3884553117,277.0,296.0,274.5,280.0,3.0,10705,20
2021-08-02,4961,18881286,5743964760,291.0,308.0,287.0,308.0,28.0,9179,8
2021-08-03,4961,32742856,10024833778,308.0,313.0,295.5,302.5,-5.5,19854,6
2021-08-04,4961,17613917,5360876143,303.0,312.0,295.0,311.5,9.0,13587,12
2021-08-05,4961,19590343,6105796699,310.5,319.0,305.0,313.0,1.5,15053,10
2021-08-06,4961,16410544,5148907861,316.0,318.0,308.0,308.0,-5.0,12209,11
2021-08-09,4961,18451153,5586966877,311.0,315.5,288.0,291.0,-17.0,14180,8
2021-08-10,4961,13255859,3888894123,295.0,299.0,288.0,293.5,2.5,10430,12
2021-08-11,4961,19424508,5581738400,297.5,297.5,277.0,281.0,-12.5,15453,7
2021-08-12,4961,10173917,2850100629,283.0,285.0,276.0,277.0,-4.0,7802,17
2021-08-13,4961,10936050,2963312770,277.0,277.0,266.5,266.5,-10.5,9424,22
2021-08-16,4961,10846244,2860556286,261.5,273.0,256.0,263.5,-3.0,8348,18
2021-08-17,4961,9594112,2472629556,267.5,269.5,247.0,248.0,-15.5,8116,22
2021-08-18,4961,31023009,7328756023,235.0,252.5,223.5,245.5,-2.5,22824,9
2021-08-19,4961,17708697,4103995301,239.0,241.0,221.0,221.0,-24.5,14693,19
2021-08-20,4961,20340719,4637947538,225.5,238.0,219.5,228.0,7.0,15068,14
2021-08-23,4961,12994907,3051173301,232.5,239.0,230.0,234.0,6.0,10281,16
2021-08-24,4961,15156342,3425434359,238.0,238.0,218.5,222.5,-11.5,11936,23
2021-08-25,4961,14681931,3322821620,222.0,233.0,218.0,232.0,9.5,11236,22
2021-08-26,4961,10750097,2450618616,235.0,236.0,222.0,226.0,-6.0,8501,28
2021-08-27,4961,8334866,1874128656,224.0,229.5,220.5,226.5,0.5,6366,31
2021-08-30,4961,7512857,1689719314,227.5,229.0,221.5,226.5,0.0,5521,31
2021-08-31,4961,14741642,3412489743,227.5,237.0,225.5,229.0,2.5,11180,17
2021-09-01,4961,12593623,2968921935,229.0,241.5,228.5,237.0,8.0,10015,22
2021-09-02,4961,8907873,2068901683,236.0,238.5,227.5,228.0,-9.0,7045,35
2021-09-03,4961,13991810,3267686988,235.0,240.5,227.0,231.5,3.5,10748,15
2021-09-06,4961,16143655,3524248627,228.0,228.0,209.0,212.0,-19.5,13173,20
2021-09-07,4961,10813321,2325001647,215.0,219.0,211.0,213.0,1.0,8050,26
2021-09-08,4961,10672332,2232418863,212.0,216.0,204.0,207.0,-6.0,8431,24
2021-09-09,4961,8834403,1886627530,208.5,217.5,207.5,213.5,6.5,6601,23
2021-09-10,4961,10158704,2188483081,215.5,219.5,211.0,218.0,4.5,7512,21
2021-09-13,4961,6120559,1297345022,215.5,216.5,209.0,210.0,-8.0,4768,41
2021-09-14,4961,5403390,1139588265,213.0,214.5,208.5,210.0,0.0,4056,49
2021-09-15,4961,6744654,1398947448,210.0,211.5,203.0,210.5,0.5,5184,37
2021-09-16,4961,4920607,1029558805,210.5,212.5,205.0,206.0,-4.5,4356,53
2021-09-17,4961,5965344,1249145824,204.0,214.0,203.5,213.5,7.5,4332,56
2021-09-22,4961,8251200,1664347966,205.0,205.5,199.5,200.5,-13.0,6063,39
2021-09-23,4961,4595758,932191000,204.5,207.0,200.0,201.5,1.0,3640,59
2021-09-24,4961,6028091,1247387838,204.5,211.0,203.0,207.5,6.0,4573,48
2021-09-27,4961,4111445,869704874,208.5,214.5,207.0,214.0,6.5,3410,64
2021-09-28,4961,10132315,2169892294,215.5,218.5,208.5,208.5,-5.5,7237,29
2021-09-29,4961,5944432,1197066356,203.0,204.5,199.0,199.0,-9.5,6045,54
2021-09-30,4961,10742473,2092690975,199.5,202.0,188.5,195.5,-3.5,7929,30
2021-10-01,4961,9243519,1780780527,192.5,199.0,186.0,189.5,-6.0,7734,37
2021-10-04,4961,8580611,1574910819,192.0,194.0,178.0,178.0,-11.5,8303,40
2021-10-05,4961,16744582,3107753526,180.0,195.5,177.0,195.5,17.5,11939,19
2021-10-06,4961,18743112,3596865292,199.0,199.0,188.0,189.0,-6.5,18485,12
2021-10-07,4961,10616135,2053853274,191.0,197.0,190.5,191.5,2.5,7352,28
2021-10-08,4961,10451031,2015208725,194.0,198.5,187.0,188.5,-3.0,7596,27
2021-10-12,4961,5802836,1077668919,187.0,191.0,181.5,181.5,-7.0,5600,50
2021-10-13,4961,8482246,1524122322,185.0,186.0,175.5,177.0,-4.5,7286,29
2021-10-14,4961,8918817,1630688487,181.5,187.0,177.5,184.0,7.0,6893,30
2021-10-15,4961,9314286,1740288662,191.5,192.5,184.0,185.0,1.0,8737,32
2021-10-18,4961,5642461,1043437987,185.0,189.0,180.5,185.5,0.5,4621,52
2021-10-19,4961,8173175,1562950619,188.5,194.5,186.5,191.0,5.5,6930,34
2021-10-20,4961,5620590,1082001177,192.0,196.0,189.0,193.5,2.5,6634,49
2021-10-21,4961,21094994,4242971236,195.0,210.5,193.5,194.5,1.0,15524,17
2021-10-22,4961,7315536,1403233719,195.0,196.0,188.0,191.0,-3.5,5999,42
2021-10-25,4961,5206476,992457497,191.0,194.5,186.5,193.5,2.5,3998,52
2021-10-26,4961,13128488,2644451905,197.5,205.5,197.0,199.5,6.0,10126,23
2021-10-27,4961,7932449,1615885378,202.0,206.0,200.5,205.0,5.5,5935,40
2021-10-28,4961,18173440,3938152061,207.5,223.0,206.5,216.5,11.5,13374,15
2021-10-29,4961,10668866,2310063240,220.0,222.0,212.0,213.0,-3.5,10284,30
2021-11-01,4961,7096165,1493288487,217.0,217.5,208.0,208.5,-4.5,6334,50
2021-11-02,4961,6679508,1370715607,210.0,213.0,199.5,200.5,-8.0,5432,60
2021-11-03,4961,8008039,1662651531,205.0,211.5,204.0,208.5,8.0,6595,38
2021-11-04,4961,4459801,925139329,212.0,213.0,204.5,205.5,-3.0,6050,67
2021-11-05,4961,8862634,1871987641,208.0,215.0,206.5,211.5,6.0,7384,36
2021-11-08,4961,7523335,1619522121,213.0,217.5,212.0,216.0,4.5,7180,43
2021-11-09,4961,16654977,3763730393,225.5,232.5,220.0,221.5,5.5,14233,20
2021-11-10,4961,5877885,1288465310,221.5,223.0,215.5,219.5,-2.0,5469,54
2021-11-11,4961,6529368,1436187638,216.0,226.0,214.0,220.0,0.5,5411,55
2021-11-12,4961,4116877,914754030,222.0,224.5,220.5,221.0,1.0,3709,80
2021-11-15,4961,7359302,1672128720,226.0,231.0,225.0,226.0,5.0,6735,48
2021-11-16,4961,9827902,2272398822,229.0,235.0,227.0,232.0,6.0,8347,30
2021-11-17,4961,32139522,8006634108,238.0,255.0,236.5,255.0,23.0,24364,8
2021-11-18,4961,35282287,9486031982,257.0,278.0,256.5,264.5,9.5,29661,7
2021-11-19,4961,19029553,5163313967,276.0,278.0,265.0,268.5,4.0,15182,15
2021-11-22,4961,8859639,2374811362,271.5,273.0,263.5,265.5,-3.0,9665,30
2021-11-23,4961,8274401,2142542980,265.5,266.0,255.0,256.5,-9.0,8078,33
2021-11-24,4961,7041827,1807245818,258.5,262.0,251.0,257.5,1.0,7126,37
2021-11-25,4961,4501789,1152053658,259.5,261.0,251.5,253.0,-4.5,6393,52
2021-11-26,4961,9220437,2351114038,257.0,261.0,250.0,251.0,-2.0,8618,29
2021-11-29,4961,9301314,2263986070,246.0,248.5,235.5,246.5,-4.5,10552,26
2021-11-30,4961,4992528,1244165485,252.0,254.0,244.5,248.5,2.0,5811,82
2021-12-01,4961,7141563,1807825046,245.0,257.5,245.0,257.5,9.0,5682,37
2021-12-02,4961,7858591,2029238783,257.5,263.0,253.5,254.5,-3.0,8970,30
2021-12-03,4961,4124629,1054704534,256.0,259.0,253.5,254.5,0.0,5419,59
2021-12-06,4961,8460120,2212806764,257.0,265.0,255.0,264.5,10.0,7301,26
2021-12-07,4961,20225064,5505197478,271.0,279.5,265.0,267.0,2.5,21179,13
2021-12-08,4961,7532190,2039010266,275.5,276.0,267.5,268.5,1.5,10051,31
2021-12-09,4961,6128578,1628640017,271.0,272.0,261.0,261.5,-7.0,10913,38
2021-12-10,4961,5558471,1458141526,263.0,266.5,256.0,265.5,4.0,6672,31
2021-12-13,4961,5686222,1526414549,267.0,272.0,264.5,270.5,5.0,5318,36
2021-12-14,4961,5758550,1516992722,268.5,269.5,259.0,259.0,-11.5,8460,36
2021-12-15,4961,9346322,2506786002,261.0,272.5,260.5,272.5,13.5,9041,20
2021-12-16,4961,31342397,8973761687,280.0,292.0,280.0,287.0,14.5,24196,5
2021-12-17,4961,16728458,4805422679,285.0,291.0,282.0,290.5,3.5,19448,13
2021-12-20,4961,12970391,3721311468,292.0,293.5,282.0,282.5,-8.0,23156,14
2021-12-21,4961,8548798,2407973745,282.5,285.5,275.0,282.5,0.0,9513,25
2021-12-22,4961,5326539,1513517068,286.5,288.0,281.0,281.0,-1.5,6626,41
2021-12-23,4961,5176518,1470214776,283.5,287.0,281.5,282.0,1.0,6345,40
2021-12-24,4961,9628888,2756620982,288.5,291.5,282.0,282.5,0.5,11734,18
2021-12-27,4961,4241026,1196103469,283.0,284.5,278.5,284.0,1.5,5036,39
2021-12-28,4961,4849122,1366971440,286.0,286.5,278.5,278.5,-5.5,4638,33
2021-12-29,4961,2515119,701045525,279.0,280.5,277.0,278.5,0.0,3365,68
2021-12-30,4961,2432676,681957663,278.0,282.0,277.5,282.0,3.5,4164,76
2022-01-03,4961,3289210,930399424,284.0,285.5,280.5,282.5,0.5,5843,60
2022-01-04,4961,5985563,1704339239,284.5,289.0,282.0,282.5,0.0,4825,37
2022-01-05,4961,14961021,4057225255,284.0,284.5,261.0,262.5,-20.0,14129,16
2022-01-06,4961,12465310,3162418775,256.5,261.5,249.0,250.0,-12.5,10793,17
2022-01-07,4961,10095145,2466289960,251.5,254.0,239.0,240.0,-10.0,8458,20
2022-01-10,4961,5370338,1295299208,238.5,246.0,234.5,245.5,5.5,4692,39
2022-01-11,4961,5229723,1243367365,241.5,243.5,233.5,235.0,-10.5,5249,53
2022-01-12,4961,20735097,4557899414,227.0,233.0,212.0,216.5,-18.5,15888,10
2022-01-13,4961,9898875,2157495675,216.5,223.0,213.5,223.0,6.5,7416,27
2022-01-14,4961,6604670,1445576655,220.0,224.5,215.0,224.5,1.5,5330,39
2022-01-17,4961,4786848,1068472987,222.0,226.0,220.0,225.0,0.5,4261,45
2022-01-18,4961,5059397,1145210164,225.0,230.5,222.5,224.0,-1.0,4592,45
2022-01-19,4961,3697524,818717522,219.5,224.5,217.5,221.5,-2.5,3525,56
2022-01-20,4961,2337750,514512349,221.0,222.5,218.5,221.0,-0.5,2256,90
2022-01-21,4961,4374561,936522073,218.0,220.0,211.0,211.0,-10.0,4121,61
2022-01-24,4961,4777681,1000323250,207.0,214.0,203.5,213.5,2.5,3799,51
2022-01-25,4961,3570135,747217870,213.0,214.0,206.0,206.0,-7.5,3963,73
2022-01-26,4961,2775538,577431525,206.5,211.5,204.0,207.5,1.5,2474,77
2022-02-07,4961,3521895,725227596,211.5,211.5,201.5,208.0,0.5,3994,78
2022-02-08,4961,3432572,735208089,209.0,217.5,208.0,215.0,7.0,2936,67
2022-02-09,4961,4836108,1072330227,218.5,225.0,218.0,225.0,10.0,4668,55
2022-02-10,4961,4812826,1074090951,227.5,228.5,219.0,220.5,-4.5,4322,54
2022-02-11,4961,2796077,617018902,217.0,223.0,217.0,220.0,-0.5,2478,68
2022-02-14,4961,3398229,721064044,217.0,217.5,209.0,212.0,-8.0,3233,63
2022-02-15,4961,2085909,447198359,214.0,217.0,212.5,213.5,1.5,1825,80
2022-02-16,4961,2120491,464070970,219.5,221.5,217.0,219.0,5.5,2938,95
2022-02-17,4961,1929931,420996359,220.5,221.0,216.0,217.5,-1.5,1825,112
2022-02-18,4961,1648820,353869037,213.0,218.0,212.5,217.5,0.0,1658,114
2022-02-21,4961,1901520,412058281,215.0,219.0,213.0,218.5,1.0,1622,105
2022-02-22,4961,2329070,495990583,217.0,217.5,210.5,211.5,-7.0,2264,107
2022-02-23,4961,3784751,826555816,212.0,221.0,212.0,220.0,8.5,3302,57
2022-02-24,4961,3953268,856007231,216.5,221.0,212.0,213.5,-6.5,5846,77
2022-02-25,4961,4909456,1075729690,218.5,222.0,215.0,221.0,7.5,4195,69
2022-03-01,4961,4361672,971705146,223.5,225.0,220.0,222.5,1.5,4045,59
2022-03-02,4961,3589690,787951205,221.0,224.0,217.0,220.0,-2.5,2952,64
2022-03-03,4961,2522776,559799879,223.0,225.0,220.0,220.0,0.0,2510,96
2022-03-04,4961,1438729,314249205,217.5,220.0,217.0,217.5,-2.5,1504,138
2022-03-07,4961,3486395,726210718,215.0,215.0,205.0,205.5,-12.0,3494,98
2022-03-08,4961,3405330,685027393,200.0,207.0,198.0,198.0,-7.5,3573,97
2022-03-09,4961,2151571,438908513,202.0,207.0,201.0,204.5,6.5,2037,111
2022-03-10,4961,2245583,476171788,210.0,213.5,210.0,213.0,8.5,2024,113
2022-03-11,4961,1650257,346906967,209.5,212.5,208.0,210.5,-2.5,1849,125
2022-03-14,4961,1754032,374067337,214.0,215.0,210.5,214.5,4.0,1471,111
2022-03-15,4961,2235847,462935884,213.5,213.5,204.0,204.0,-10.5,2220,102
2022-03-16,4961,2151932,447498938,209.0,211.0,205.0,207.0,3.0,1809,114
2022-03-17,4961,3284576,705391991,213.0,217.0,212.0,215.5,8.5,2777,93
2022-03-18,4961,2113932,457556921,215.5,218.5,214.5,218.0,2.5,1844,128
2022-03-21,4961,1897984,414217129,219.0,221.5,216.0,217.5,-0.5,1647,111
2022-03-22,4961,1661532,355340806,216.0,216.0,212.0,213.5,-4.0,1547,120
2022-03-23,4961,1897779,411471485,215.5,218.5,215.5,216.0,2.5,1592,128
2022-03-24,4961,1456668,311873662,216.0,216.0,212.0,215.5,-0.5,1419,153
2022-03-25,4961,1559602,335285281,217.0,219.0,212.5,212.5,-3.0,1434,147
2022-03-28,4961,1529391,317774963,209.0,209.0,205.5,207.5,-5.0,1414,132
2022-03-29,4961,871311,182473797,210.5,212.5,207.5,208.0,0.5,948,190
2022-03-30,4961,1035396,216725456,211.0,212.0,207.5,209.0,1.0,1011,187
2022-03-31,4961,1024636,211677267,209.5,209.5,205.5,205.5,-3.5,1033,178
2022-04-01,4961,1089563,221899845,202.0,205.5,201.0,205.5,0.0,1083,157
2022-04-06,4961,995601,201479943,202.0,203.5,201.5,203.0,-2.5,1053,187
2022-04-07,4961,2974971,606449052,205.0,209.0,199.5,199.5,-3.5,2725,99
2022-04-08,4961,1075520,218001732,203.0,204.5,201.0,203.0,3.5,1258,174
2022-04-11,4961,1865970,373347825,203.0,203.5,198.0,201.0,-2.0,1775,141
2022-04-12,4961,1282747,255920483,199.5,201.5,197.5,199.5,-1.5,1211,164
2022-04-13,4961,924088,185657984,201.5,202.5,199.0,201.0,1.5,1051,189
2022-04-14,4961,856082,172364667,201.5,203.5,200.0,200.0,-1.0,898,190
2022-04-15,4961,2371463,458419938,198.0,198.5,190.0,191.0,-9.0,2656,107
2022-04-18,4961,1400002,263599019,188.5,192.0,185.5,186.0,-5.0,1500,146
2022-04-19,4961,1042517,196964395,188.5,191.5,186.5,187.5,1.5,1494,172
2022-04-20,4961,1187652,224301055,190.0,192.0,187.0,188.0,0.5,1453,190
2022-04-21,4961,2253059,422496038,187.0,189.5,185.5,188.0,0.0,2062,125
2022-04-22,4961,1515262,282591281,186.5,188.5,185.0,185.5,-2.5,1350,162
2022-04-25,4961,2464477,436124902,178.5,179.0,175.5,176.0,-9.5,2260,131
2022-04-26,4961,1851357,325150346,179.5,180.0,172.5,172.5,-3.5,1804,144
2022-04-27,4961,4400268,713632052,159.0,167.5,157.5,165.0,-7.5,3773,81
2022-04-28,4961,2619535,441709336,167.5,172.0,163.5,170.0,5.0,2415,106
2022-04-29,4961,3975074,702725567,175.0,180.0,173.5,175.5,5.5,3613,63
2022-05-03,4961,1585283,281912176,176.0,180.0,175.5,179.5,4.0,1991,112
2022-05-04,4961,1359347,243825188,180.5,181.0,178.0,179.0,-0.5,1280,125
2022-05-05,4961,2307762,422135235,183.0,185.0,181.0,181.0,2.0,2743,104
2022-05-06,4961,4033385,733650573,177.5,185.0,176.0,183.0,2.0,4304,64
2022-05-09,4961,2614158,463033737,180.0,180.5,175.0,175.0,-8.0,2871,101
2022-05-10,4961,2250474,397881148,171.0,181.0,170.0,180.0,5.0,1979,118
2022-05-11,4961,1417480,253044644,180.0,181.0,177.0,177.0,-3.0,3287,145
2022-05-12,4961,1654042,292569513,175.0,179.5,175.0,175.5,-1.5,1486,137
2022-05-13,4961,1292913,231630337,179.0,180.5,177.5,180.5,5.0,1132,149
2022-05-16,4961,2095625,378548010,184.0,184.5,176.5,176.5,-4.0,5459,116
2022-05-17,4961,1619123,292982125,179.0,183.0,178.0,182.5,6.0,1416,122
2022-05-18,4961,4340192,819614634,187.5,191.0,186.0,189.0,6.5,4875,66
2022-05-19,4961,2940295,543662916,182.0,189.5,182.0,189.5,0.5,2392,82
2022-05-20,4961,1587133,298492288,189.5,190.0,187.0,187.0,-2.5,1750,126
2022-05-23,4961,3011970,548655274,186.0,186.5,179.0,180.5,-6.5,6132,82
2022-05-24,4961,2000317,356317207,183.0,184.0,174.0,174.5,-6.0,2072,115
2022-05-25,4961,1297252,228673223,176.5,177.5,174.0,177.5,3.0,1170,147
2022-05-26,4961,1612497,282663730,178.5,179.0,172.5,173.5,-4.0,1887,136
2022-05-27,4961,1301124,228351406,176.0,176.5,174.5,176.0,2.5,1128,149
2022-05-30,4961,2553355,460232285,178.5,182.0,177.0,182.0,6.0,2000,113
2022-05-31,4961,2047608,374507195,181.0,184.5,180.5,184.0,2.0,1651,143
2022-06-01,4961,13285377,2627575366,185.0,202.0,183.5,199.0,15.0,10183,19
2022-06-02,4961,9468472,1883568675,199.0,202.5,196.0,196.0,-3.0,11379,25
2022-06-06,4961,3985566,758285487,193.0,193.5,188.0,190.5,-5.5,3653,60
2022-06-07,4961,2200640,412144356,189.0,190.0,186.0,186.5,-4.0,1986,87
2022-06-08,4961,1640336,306808104,187.5,189.0,185.5,186.0,-0.5,1517,120
2022-06-09,4961,1582395,292428778,186.0,186.0,184.0,185.0,-1.0,1423,110
2022-06-10,4961,2184781,396179021,183.0,183.5,179.0,180.5,-4.5,2035,86
2022-06-13,4961,2203764,383157626,174.0,176.0,172.0,172.5,-8.0,2144,114
2022-06-14,4961,2655789,457670333,171.0,176.5,169.0,176.5,4.0,2302,91
2022-06-15,4961,1609621,281587247,177.5,178.0,172.5,173.0,-3.5,2142,139
2022-06-16,4961,2694288,457154514,175.5,176.5,164.5,165.0,-8.0,2354,111
2022-06-17,4961,4593670,731061912,161.0,162.5,157.0,158.0,-7.0,3891,86
2022-06-20,4961,5110718,774039487,157.0,158.0,146.5,146.5,-11.5,4121,64
2022-06-21,4961,2918039,438568582,151.0,153.5,147.5,152.5,6.0,2307,109
2022-06-22,4961,5162963,742219158,151.0,151.5,139.0,140.5,-12.0,4143,74
2022-06-23,4961,3805493,541268272,143.0,145.0,138.5,141.5,1.0,2971,89
2022-06-24,4961,2630281,374097518,143.0,144.5,139.5,140.0,-1.5,2074,111
2022-06-27,4961,2215697,323174923,144.0,148.0,143.5,146.0,6.0,2011,121
2022-06-28,4961,2040946,288919397,146.5,146.5,139.5,140.5,-5.5,2302,111
2022-06-29,4961,2501258,351231651,138.0,143.5,136.0,140.5,0.0,1919,114
2022-06-30,4961,2652352,361383498,140.5,140.5,134.5,135.0,-5.5,2703,135
2022-07-01,4961,5040595,661403842,135.0,137.0,127.0,127.5,-7.5,3395,90
2022-07-04,4961,2999788,390516633,128.5,133.5,127.5,130.0,2.5,2593,107
2022-07-05,4961,6067858,769250360,130.0,132.0,122.0,128.5,-1.5,4656,64
2022-07-06,4961,3564398,450105146,128.0,131.5,122.0,122.5,-6.0,2975,104
2022-07-07,4961,3493782,439041510,124.0,129.5,121.5,128.5,6.0,2789,96
2022-07-08,4961,3252303,429510355,130.0,134.5,129.0,132.0,3.5,3313,105
2022-07-11,4961,1469187,190244813,133.0,133.0,127.5,129.0,-3.0,1583,148
2022-07-12,4961,2205123,275168785,126.0,127.5,123.0,124.5,-4.5,1730,128
2022-07-13,4961,3306748,431019781,129.0,132.5,127.5,130.0,5.5,2522,103
2022-07-14,4961,2242557,294792725,128.0,134.0,126.5,133.5,3.5,1786,132
2022-07-15,4961,2095332,280687723,132.5,136.5,131.5,134.5,1.0,1882,140
2022-07-18,4961,1834208,250194819,135.0,138.5,134.5,136.5,2.0,1586,162
2022-07-19,4961,1571189,215806687,136.0,139.0,135.0,139.0,2.5,1495,151
2022-07-20,4961,3922134,564859037,142.5,146.0,142.0,144.0,5.0,3199,96
2022-07-21,4961,2339759,340827364,144.5,147.0,144.0,147.0,3.0,1933,135
2022-07-22,4961,3304685,487105153,149.0,150.5,144.5,146.0,-1.0,2594,104
2022-07-25,4961,1302971,187941439,146.0,146.0,143.0,145.0,-1.0,1080,149
2022-07-26,4961,1782957,253035583,143.0,144.5,140.0,142.5,-2.5,1450,138
2022-07-27,4961,1573684,226752797,142.0,147.0,141.0,147.0,4.5,1304,136
2022-07-28,4961,2646432,383948333,149.0,149.5,143.0,143.0,-4.0,1963,99
2022-07-29,4961,2516640,359288637,144.0,145.0,141.0,141.5,-1.5,1968,117
2022-08-01,4961,1561323,220207844,142.0,142.5,139.5,141.0,-0.5,1304,144
2022-08-02,4961,2052128,281889460,140.0,140.0,136.0,136.0,-5.0,1837,132
2022-08-03,4961,4401661,587052202,135.5,138.0,130.5,130.5,-5.5,3004,65
2022-08-04,4961,7891209,834467930,105.0,108.5,103.0,104.5,0.0,5667,48
2022-08-05,4961,3173260,335864820,106.0,107.5,105.0,105.0,0.5,2301,110
2022-08-08,4961,4274687,457029616,105.0,109.0,104.0,107.0,2.0,2831,82
2022-08-09,4961,1561806,166916840,107.5,108.5,105.5,106.5,-0.5,1183,173
2022-08-10,4961,2052486,215502510,105.0,106.5,103.5,105.0,-1.5,1670,148
2022-08-11,4961,2636117,284130252,107.5,109.0,106.5,107.0,2.0,1936,139
2022-08-12,4961,7769093,889950470,108.0,117.5,108.0,117.5,10.5,4979,49
2022-08-15,4961,11918269,1462240835,120.0,125.0,120.0,123.5,6.0,9047,30
2022-08-16,4961,5138332,628075525,123.5,124.5,120.5,122.5,-1.0,5279,74
2022-08-17,4961,3051885,372349709,123.0,123.5,120.5,121.5,-1.0,2278,114
2022-08-18,4961,12226706,1574196420,121.5,133.0,120.5,130.0,8.5,8592,23
2022-08-19,4961,7507889,975578848,128.5,133.0,127.0,127.5,-2.5,5913,45
2022-08-22,4961,5737136,742382927,126.0,133.0,125.5,127.5,0.0,4350,54
2022-08-23,4961,3495089,439291116,126.0,128.0,124.5,125.0,-2.5,2721,81
2022-08-24,4961,2503601,314025619,126.5,128.0,124.0,124.0,-1.0,1964,118
2022-08-25,4961,2797187,353115030,125.5,128.0,125.0,125.5,1.5,1951,100
2022-08-26,4961,1780264,224748696,127.5,128.0,124.5,125.5,0.0,1421,155
2022-08-29,4961,2699162,327761860,119.0,124.0,119.0,122.5,-3.0,2007,118
2022-08-30,4961,1147696,142643313,125.0,125.5,123.0,124.5,2.0,986,181
2022-08-31,4961,2751403,346603072,123.0,128.0,122.0,127.5,3.0,2369,118
2022-09-01,4961,2549559,315747831,126.0,126.5,121.5,122.0,-5.5,2301,136
2022-09-02,4961,1505789,186420768,123.5,125.0,122.0,123.5,1.5,1188,164
2022-09-05,4961,4040637,476571385,123.5,123.5,115.5,116.0,-7.5,3301,84
2022-09-06,4961,2236784,258968772,116.5,118.0,114.0,115.0,-1.0,1752,137
2022-09-07,4961,1559755,177512911,113.0,116.5,111.5,114.0,-1.0,1486,167
2022-09-08,4961,1040178,120063044,115.5,116.5,114.0,115.5,1.5,848,195
2022-09-12,4961,1259101,148590994,117.5,119.5,116.5,117.0,1.5,936,199
2022-09-13,4961,1486374,172392336,117.5,119.0,114.0,114.5,-2.5,1275,175
2022-09-14,4961,1235291,138254067,110.0,113.0,110.0,113.0,-1.5,1091,198
2022-09-15,4961,1064325,120687832,113.5,115.0,112.0,112.0,-1.0,919,227
2022-09-16,4961,1362575,150142238,111.5,112.0,109.0,109.0,-3.0,1292,218
2022-09-19,4961,1044500,112956702,110.0,110.0,107.0,107.5,-1.5,882,198
2022-09-20,4961,1080087,117991473,109.0,110.5,108.0,110.0,2.5,809,188
2022-09-21,4961,897776,97344378,109.0,110.0,107.5,108.0,-2.0,760,222
2022-09-22,4961,1337532,143670043,106.5,109.0,105.0,109.0,1.0,1062,195
2022-09-23,4961,1639747,174656725,108.5,109.0,105.5,105.5,-3.5,1227,162
2022-09-26,4961,3974033,399087654,103.5,103.5,97.3,97.6,-7.9,2897,112
2022-09-27,4961,3602160,346817025,96.6,97.7,95.1,96.0,-1.6,3161,107
2022-09-28,4961,4113125,381354352,96.4,96.8,90.2,90.2,-5.8,3409,112
2022-09-29,4961,2181713,200167746,93.0,93.4,90.1,90.8,0.6,1847,163
2022-09-30,4961,2391948,217737766,88.6,93.3,88.6,93.2,2.4,2548,151
2022-10-03,4961,2073462,196575811,91.1,96.6,91.1,95.8,2.6,2388,132
2022-10-04,4961,2512303,249481565,98.2,101.5,97.5,101.0,5.2,2742,131
2022-10-05,4961,3797845,383696091,102.0,103.0,99.2,100.0,-1.0,3748,104
2022-10-06,4961,1864027,185179065,101.0,101.5,97.8,100.0,0.0,1894,147
2022-10-07,4961,1301250,130942363,99.5,102.0,99.3,100.5,0.5,1116,170
2022-10-11,4961,2324756,228421974,98.5,99.5,96.6,98.3,-2.2,2363,144
2022-10-12,4961,2685658,258303578,99.4,99.8,94.1,96.6,-1.7,2708,115
2022-10-13,4961,2992636,277507588,96.6,97.9,87.0,89.1,-7.5,3021,132
2022-10-14,4961,2823756,272821405,93.0,98.0,93.0,98.0,8.9,2261,124
2022-10-17,4961,9831539,1013742214,96.0,107.5,96.0,107.5,9.5,7770,39
2022-10-18,4961,26204051,2893869202,111.0,113.0,106.5,111.5,4.0,18841,13
2022-10-19,4961,9750466,1086263845,111.5,113.0,109.5,112.0,0.5,6714,30
2022-10-20,4961,8837115,969642602,110.5,111.5,107.5,110.5,-1.5,6021,52
2022-10-21,4961,10039436,1075741545,110.5,111.0,104.0,105.0,-5.5,7100,31
2022-10-24,4961,7488626,813033495,109.0,112.0,105.0,105.5,0.5,5414,45
2022-10-25,4961,5712035,598068684,105.5,107.0,102.0,103.5,-2.0,4014,63
2022-10-26,4961,4512039,467030271,103.5,106.0,101.5,104.5,1.0,3052,71
2022-10-27,4961,4394345,461550821,105.0,106.5,103.5,105.5,1.0,3125,82
2022-10-28,4961,4863005,495664707,105.0,105.5,100.0,102.0,-3.5,3874,68
2022-10-31,4961,3711918,388475792,104.0,106.0,103.5,104.0,2.0,2516,73
2022-11-01,4961,3194190,331212106,102.5,104.5,102.5,103.5,-0.5,2434,85
2022-11-02,4961,3627048,384182523,103.5,107.5,103.5,105.5,2.0,2620,82
2022-11-03,4961,2644849,280691045,104.0,108.0,103.5,108.0,2.5,2098,107
2022-11-04,4961,2758893,293025785,107.0,107.5,105.0,106.5,-1.5,2132,108
2022-11-07,4961,6955926,763390004,108.5,111.5,107.0,110.0,3.5,5176,49
2022-11-08,4961,7897181,931677602,112.0,121.0,111.0,121.0,11.0,5159,47
2022-11-09,4961,33730094,4227479477,122.0,128.5,122.0,125.5,4.5,21169,12
2022-11-10,4961,10002565,1257205211,125.0,128.0,124.0,125.0,-0.5,6719,33
2022-11-11,4961,11470507,1453368275,133.0,133.5,123.0,123.0,-2.0,8521,45
2022-11-14,4961,11565632,1386369691,122.0,123.5,116.0,123.5,0.5,8243,44
2022-11-15,4961,8381033,1041340343,123.5,127.5,121.0,127.5,4.0,6281,50
2022-11-16,4961,10412593,1344434414,128.0,133.0,125.5,129.0,1.5,7459,38
2022-11-17,4961,8380911,1070513816,130.5,132.5,124.5,127.0,-2.0,6631,43
2022-11-18,4961,4730395,595247336,127.0,129.0,123.0,123.0,-4.0,3724,74
2022-11-21,4961,3439896,419070417,124.0,124.5,119.5,120.0,-3.0,2613,88
2022-11-22,4961,2477773,299222206,121.0,122.0,119.5,120.5,0.5,2142,117
2022-11-23,4961,2223368,271645131,122.0,124.0,120.5,120.5,0.0,1682,127
2022-11-24,4961,2778395,343012017,122.0,125.0,121.5,124.5,4.0,2197,113
2022-11-25,4961,2580747,317369821,125.5,126.0,120.5,120.5,-4.0,2098,121
2022-11-28,4961,2418936,297336979,119.5,124.5,119.0,122.0,1.5,1938,119
2022-11-29,4961,2337198,281724772,121.0,122.0,119.0,121.0,-1.0,1981,138
2022-11-30,4961,3477933,431200039,121.0,126.0,121.0,125.0,4.0,2658,129
2022-12-01,4961,4191163,529768832,127.5,128.5,125.0,125.5,0.5,3350,114
2022-12-02,4961,4825308,615831144,125.0,129.5,125.0,128.0,2.5,3578,79
2022-12-05,4961,11297241,1474596803,130.5,136.0,127.5,128.0,0.0,7902,37
2022-12-06,4961,5755929,709360063,126.5,126.5,121.0,121.0,-7.0,4457,80
2022-12-07,4961,3583473,428022323,121.0,123.0,117.0,117.5,-3.5,2978,118
2022-12-08,4961,2054408,244327121,118.5,120.5,117.0,120.0,2.5,1614,147
2022-12-09,4961,1975898,235673767,121.5,122.0,117.5,118.0,-2.0,1645,156
2022-12-12,4961,1235818,143756622,117.0,117.0,115.5,116.5,-1.5,1064,199
2022-12-13,4961,1047502,122236791,117.5,118.5,115.5,115.5,-1.0,865,225
2022-12-14,4961,1912543,226122481,116.5,120.0,116.0,120.0,4.5,1469,162
2022-12-15,4961,6306749,777165650,121.0,125.0,120.5,122.5,2.5,4749,54
2022-12-16,4961,2990353,360232608,119.0,122.0,118.5,121.5,-1.0,2209,134
2022-12-19,4961,2197149,267020952,122.0,123.0,120.0,120.5,-1.0,1640,132
2022-12-20,4961,3038163,356716468,120.5,121.5,113.5,115.0,-5.5,2390,135
2022-12-21,4961,1263186,145067927,116.0,117.0,113.5,114.0,-1.0,1189,185
2022-12-22,4961,1409833,163301279,116.0,116.5,115.0,116.0,2.0,1093,173
2022-12-23,4961,1402261,160991538,114.5,117.0,113.0,117.0,1.0,1136,144
2022-12-26,4961,974039,113191694,118.0,118.0,115.0,116.5,-0.5,822,152
2022-12-27,4961,9204779,1127377932,118.0,125.0,118.0,121.5,5.0,6689,26
2022-12-28,4961,3850246,453119154,119.0,120.0,115.5,116.0,-5.5,3455,76
2022-12-29,4961,2290226,265407598,115.0,117.5,113.5,117.5,1.5,1659,104
2022-12-30,4961,1815735,212687014,119.5,120.0,115.5,115.5,-2.0,1524,117
2023-01-03,4961,10263789,1259475033,116.0,126.0,116.0,123.0,7.5,7254,28
2023-01-04,4961,8977476,1121813657,123.0,126.5,122.5,126.0,3.0,6432,32
2023-01-05,4961,14319627,1835991023,128.5,131.5,126.0,127.0,1.0,11110,21
2023-01-06,4961,22741599,2991781951,127.0,135.0,124.5,133.0,6.0,17063,9
2023-01-09,4961,24081437,3303971663,138.0,141.0,133.5,137.0,4.0,20429,14
2023-01-10,4961,16685651,2323866198,138.0,141.5,136.0,141.5,4.5,11909,12
2023-01-11,4961,12070132,1714551930,143.0,144.0,140.0,142.5,1.0,8762,17
2023-01-12,4961,10301601,1451691663,142.0,143.0,138.5,141.0,-1.5,9144,20
2023-01-13,4961,10747245,1494408115,142.5,143.0,136.0,139.5,-1.5,8030,25
2023-01-16,4961,5887568,817784948,141.0,141.5,137.5,138.0,-1.5,4858,35
2023-01-17,4961,4923342,667030035,137.0,137.0,134.0,135.5,-2.5,3826,44
2023-01-30,4961,6559394,926515779,142.0,142.5,138.5,142.0,6.5,4506,72
2023-01-31,4961,10845825,1569054947,142.0,148.0,141.0,144.0,2.0,8014,33
2023-02-01,4961,3721796,532962570,144.0,144.5,142.0,143.0,-1.0,3607,101
2023-02-02,4961,7225108,1052655659,144.5,148.0,143.5,148.0,5.0,4542,58
2023-02-03,4961,6997034,998532279,146.0,146.5,140.5,141.0,-7.0,6255,46
2023-02-06,4961,3596469,508730735,140.5,143.5,139.5,141.0,0.0,2443,73
2023-02-07,4961,5359081,775335813,141.0,146.5,141.0,146.5,5.5,4343,45
2023-02-08,4961,10612505,1569136555,148.0,150.0,145.0,147.5,1.0,8223,31
2023-02-09,4961,4350001,629090224,147.5,147.5,142.5,143.5,-4.0,3640,60
2023-02-10,4961,3735129,535343094,143.5,145.5,142.0,142.0,-1.5,2800,74
2023-02-13,4961,1703626,241154990,142.5,143.0,140.5,140.5,-1.5,1534,132
2023-02-14,4961,3321081,479436554,142.0,145.5,141.5,145.0,4.5,2600,75
2023-02-15,4961,3233326,469264645,144.0,147.5,143.5,144.5,-0.5,2662,86
2023-02-16,4961,10641275,1635899601,146.0,158.5,145.5,158.5,14.0,7627,28
2023-02-17,4961,61651449,10124271039,159.0,168.5,158.5,165.5,7.0,38735,3
2023-02-20,4961,26265540,4526971899,165.5,181.0,164.0,181.0,15.5,19999,5
2023-02-21,4961,21103348,3817950465,182.5,186.0,176.5,179.5,-1.5,15945,11
2023-02-22,4961,13155549,2248891030,176.0,177.0,167.5,169.0,-10.5,10199,24
2023-02-23,4961,10601456,1805658790,170.5,174.0,167.0,168.5,-0.5,21007,35
2023-02-24,4961,6006545,1010287863,170.0,171.5,165.0,166.5,-2.0,7254,61
2023-03-01,4961,7364348,1255183901,165.5,174.0,165.5,170.0,3.5,7177,45
2023-03-02,4961,9902199,1714104413,170.0,176.0,168.0,175.0,5.0,10765,31
2023-03-03,4961,14124298,2479763919,179.5,182.5,170.5,174.5,-0.5,15721,21
2023-03-06,4961,6532627,1153170070,176.5,179.0,173.5,176.0,1.5,5396,44
2023-03-07,4961,3468922,611099456,177.5,178.0,175.0,175.5,-0.5,4427,83
2023-03-08,4961,4292005,756896670,174.0,178.5,172.5,177.0,1.5,4194,77
2023-03-09,4961,7000012,1214280600,179.5,180.0,171.0,172.0,-5.0,10120,48
2023-03-10,4961,6870107,1149272886,168.0,170.5,164.5,165.5,-6.5,5284,50
2023-03-13,4961,5143633,837747540,163.5,165.0,161.0,163.5,-2.0,4488,60
2023-03-14,4961,3533439,578624789,163.0,166.5,160.5,166.0,2.5,3909,82
2023-03-15,4961,5342316,905436571,168.0,173.0,166.5,167.5,1.5,4398,55
2023-03-16,4961,3785463,638963606,167.0,171.0,166.5,168.0,0.5,5241,78
2023-03-17,4961,7127920,1232371264,175.0,178.0,170.0,171.0,3.0,6440,43
2023-03-20,4961,4251748,740112526,170.5,176.0,170.5,174.5,3.5,5110,62
2023-03-21,4961,5186454,915495407,178.0,180.0,174.0,175.5,1.0,6972,58
2023-03-22,4961,4521462,801665712,177.5,179.5,175.5,176.0,0.5,4027,60
2023-03-23,4961,3327660,584940413,175.5,178.0,173.0,177.0,1.0,4824,77
2023-03-24,4961,3598679,635303047,178.5,179.0,174.5,174.5,-2.5,8732,75
2023-03-27,4961,2835287,491380632,177.5,178.0,170.5,170.5,-4.0,3034,95
2023-03-28,4961,2414081,407940572,171.5,173.0,166.5,167.0,-3.5,2551,110
2023-03-29,4961,1897910,314318952,169.0,169.0,163.5,165.0,-2.0,2334,131
2023-03-30,4961,1223596,204523187,167.0,168.0,166.0,167.0,2.0,1569,177
2023-03-31,4961,1085068,182555340,168.5,169.0,167.0,168.5,1.5,1036,191
2023-04-06,4961,1185813,198812666,168.0,169.5,165.0,169.5,1.0,1200,182
2023-04-07,4961,6525967,1141674567,171.0,177.5,170.5,173.5,4.0,5522,36
2023-04-10,4961,2914155,501750473,174.5,176.0,170.5,170.5,-3.0,5888,85
2023-04-11,4961,9987569,1773089075,171.0,180.0,169.5,179.0,8.5,7586,28
2023-04-12,4961,5930812,1044124387,179.0,180.5,173.0,176.0,-3.0,13406,50
2023-04-13,4961,3538431,621364813,174.5,178.5,173.0,174.5,-1.5,2593,88
2023-04-14,4961,11618130,2093039503,174.5,183.5,174.5,182.5,8.0,9486,23
2023-04-17,4961,11313919,2068412427,182.5,187.5,179.0,181.0,-1.5,13106,23
2023-04-18,4961,8500916,1569716202,183.0,187.0,182.0,184.5,3.5,8485,32
2023-04-19,4961,11454695,2034885609,187.0,188.0,172.0,173.5,-11.0,17365,27
2023-04-20,4961,9785705,1627431357,166.5,170.5,163.5,163.5,-10.0,8271,27
2023-04-21,4961,6321857,1008135536,165.0,165.0,155.5,156.0,-7.5,5421,59
2023-04-24,4961,3941496,634347905,156.0,163.5,155.5,163.5,7.5,3123,61
2023-04-25,4961,4983708,793933409,163.5,164.0,155.0,157.5,-6.0,3869,68
2023-04-26,4961,2783740,434342654,155.5,158.5,153.5,156.5,-1.0,2282,108
2023-04-27,4961,2402664,374898651,155.5,159.0,153.0,156.5,0.0,1863,122
2023-04-28,4961,11187242,1822692967,165.5,171.0,158.0,158.0,1.5,7517,25
2023-05-02,4961,4718068,744207046,159.0,161.5,156.0,156.5,-1.5,3701,63
2023-05-03,4961,2720628,430337114,156.0,160.0,155.0,160.0,3.5,2626,93
2023-05-04,4961,6555556,1010633654,158.0,158.0,149.5,154.5,-5.5,5062,38
2023-05-05,4961,3399033,519704839,154.0,155.0,151.5,152.0,-2.5,2678,80
2023-05-08,4961,4157307,647367852,156.0,158.5,153.0,157.5,5.5,3063,71
2023-05-09,4961,2605719,401691063,157.0,157.0,152.5,153.5,-4.0,2253,109
2023-05-10,4961,4208343,656324321,154.5,158.5,153.5,156.5,3.0,3246,60
2023-05-11,4961,1908429,296692457,155.0,157.0,153.5,155.5,-1.0,1526,143
2023-05-12,4961,2549096,393113823,155.5,156.5,151.5,155.5,0.0,2066,109
2023-05-15,4961,6036021,893283990,154.0,154.0,145.0,148.0,-7.5,4983,48
2023-05-16,4961,3536253,538089493,149.0,154.0,149.0,153.5,5.5,2762,81
2023-05-17,4961,1615054,246814903,152.0,154.0,151.5,153.0,-0.5,1646,185
2023-05-18,4961,1645984,253238199,155.5,156.0,152.5,153.5,0.5,1316,179
2023-05-19,4961,1532575,235816859,154.0,155.5,152.0,152.5,-1.0,1251,194
2023-05-22,4961,1446848,224218849,154.0,157.0,154.0,154.5,2.0,1290,178
2023-05-23,4961,1628037,252901133,155.5,157.0,154.0,155.0,0.5,1282,169
2023-05-24,4961,1072752,164202537,154.0,154.0,152.0,153.5,-1.5,949,222
2023-05-25,4961,1190864,183330764,154.5,155.0,153.0,153.5,0.0,999,207
2023-05-26,4961,1919046,294345711,154.5,156.0,151.0,152.0,-1.5,1548,165
2023-05-29,4961,2528889,389543959,153.5,156.0,153.0,154.0,2.0,1766,126
2023-05-30,4961,1885012,291648423,155.5,156.0,153.0,155.5,1.5,2496,166
2023-05-31,4961,3536670,559278683,156.0,159.5,155.0,159.0,3.5,2847,132
2023-06-01,4961,2344290,370624407,160.5,160.5,156.0,158.5,-0.5,1955,145
2023-06-02,4961,1948788,309120696,159.5,160.0,157.5,159.0,0.5,1587,177
2023-06-05,4961,2515457,406175421,160.5,163.0,160.0,161.0,2.0,2292,155
2023-06-06,4961,1934810,307289133,161.5,162.0,157.0,160.0,-1.0,1624,174
2023-06-07,4961,2128779,343235910,160.0,162.0,159.5,162.0,2.0,1617,167
2023-06-08,4961,2003931,322064308,162.0,162.5,159.0,161.5,-0.5,1895,178
2023-06-09,4961,1605332,260264095,162.5,163.0,161.5,162.0,0.5,1416,189
2023-06-12,4961,5671104,942606804,164.0,168.0,164.0,168.0,6.0,4552,69
2023-06-13,4961,5466634,918344634,171.0,172.0,166.0,167.0,-1.0,4671,75
2023-06-14,4961,3868809,635659615,166.5,166.5,162.0,164.5,-2.5,3274,96
2023-06-15,4961,2492935,415879570,165.0,168.0,165.0,168.0,3.5,2033,155
2023-06-16,4961,7873853,1269468034,164.5,165.5,159.5,160.0,-8.0,6384,78
2023-06-19,4961,2223668,354996747,160.0,161.5,157.0,160.5,0.5,1815,165
2023-06-20,4961,1575723,250268456,160.5,161.0,157.5,157.5,-3.0,1317,191
