date,stock_id,Trading_Volume,Trading_money,open,max,min,close,spread,Trading_turnover,Trading_money_rank
2018-06-28,4989,9135161,291849161,31.0,34.1,30.4,33.3,0.0,4852,86
2018-06-29,4989,8573900,291641240,32.0,36.2,32.0,35.55,2.25,4114,90
2018-07-02,4989,9239438,335233799,36.0,37.25,35.4,36.4,0.85,4818,75
2018-07-03,4989,4121477,144455884,35.55,36.0,34.0,34.25,-2.15,2410,137
2018-07-04,4989,1537450,52416787,34.2,34.9,33.35,34.25,0.0,922,214
2018-07-05,4989,3755237,133684151,34.7,36.5,34.6,35.5,1.25,2144,132
2018-07-06,4989,2537003,87754851,34.9,35.45,33.5,34.9,-0.6,1462,185
2018-07-09,4989,1389021,47574212,34.85,35.0,33.8,34.0,-0.9,848,224
2018-07-10,4989,1352611,45107889,33.65,33.75,33.05,33.25,-0.75,856,236
2018-07-11,4989,1595010,54031100,33.1,35.2,32.7,35.1,1.85,1070,211
2018-07-12,4989,1432494,49674389,34.55,35.2,34.25,34.5,-0.6,883,221
2018-07-13,4989,1006398,34881798,34.6,35.1,34.4,34.55,0.05,574,274
2018-07-16,4989,909500,31390648,34.65,34.85,34.15,34.5,-0.05,530,283
2018-07-17,4989,1721242,60031516,34.5,35.45,34.4,35.3,0.8,1039,212
2018-07-18,4989,2407333,84697285,35.5,35.55,34.8,35.3,0.0,1285,204
2018-07-19,4989,1017300,32860405,32.5,32.5,32.1,32.2,0.0,673,267
2018-07-20,4989,986850,31139605,32.15,32.15,31.3,31.3,-0.9,592,272
2018-07-23,4989,5296482,178642538,33.1,34.4,32.4,34.15,2.85,2717,121
2018-07-24,4989,6647898,226020811,33.0,35.0,32.6,34.85,0.7,2684,99
2018-07-25,4989,11031502,401440169,35.0,38.2,34.85,37.4,2.55,5121,61
2018-07-26,4989,5315767,192507312,37.0,37.0,35.65,36.05,-1.35,2833,112
2018-07-27,4989,1787783,64215688,35.85,36.65,35.5,35.7,-0.35,1138,214
2018-07-30,4989,1930000,66490300,35.5,35.5,33.9,34.2,-1.5,1236,196
2018-07-31,4989,879090,29844390,34.2,34.5,33.6,33.8,-0.4,577,279
2018-08-01,4989,1026810,34629774,34.0,34.1,33.4,33.55,-0.25,624,274
2018-08-02,4989,1550032,50542780,33.5,33.55,32.1,32.35,-1.2,860,239
2018-08-03,4989,510250,16704437,33.15,33.15,32.55,32.65,0.3,337,364
2018-08-06,4989,473015,15297535,32.65,32.85,32.2,32.2,-0.45,326,378
2018-08-07,4989,583100,19087019,32.2,33.35,32.2,33.2,1.0,391,352
2018-08-08,4989,585390,19195714,33.15,33.15,32.6,32.65,-0.55,322,348
2018-08-09,4989,407260,13167835,32.65,32.9,32.2,32.25,-0.4,249,378
2018-08-10,4989,398600,12909130,32.4,32.7,32.15,32.2,-0.05,272,413
2018-08-13,4989,1105880,33839480,31.0,31.4,30.1,31.3,-0.9,654,353
2018-08-14,4989,1223050,38783210,31.8,32.15,31.1,31.9,0.6,724,257
2018-08-15,4989,469708,14635285,31.9,31.9,30.85,30.9,-1.0,335,417
2018-08-16,4989,311258,9509220,30.55,31.0,30.1,30.6,-0.3,212,452
2018-08-17,4989,276150,8453852,30.6,30.95,30.4,30.4,-0.2,168,437
2018-08-20,4989,579952,17218349,30.3,30.4,29.15,29.15,-1.25,383,354
2018-08-21,4989,678000,19551249,29.0,29.5,28.5,29.5,0.35,373,326
2018-08-22,4989,215800,6365770,29.65,29.85,29.35,29.4,-0.1,148,473
2018-08-23,4989,296689,8640548,29.4,29.45,28.95,29.0,-0.4,187,445
2018-08-24,4989,226200,6527400,29.0,29.0,28.8,28.8,-0.2,127,457
2018-08-27,4989,133000,3853300,28.65,29.15,28.65,29.0,0.2,100,540
2018-08-28,4989,210100,6114830,29.1,29.3,29.0,29.05,0.05,125,507
2018-08-29,4989,164100,4763415,29.0,29.25,28.8,29.05,0.0,105,537
2018-08-30,4989,132200,3840950,28.85,29.2,28.85,29.05,0.0,100,546
2018-08-31,4989,165000,4766300,29.0,29.05,28.7,29.0,-0.05,106,508
2018-09-03,4989,222000,6466100,29.0,29.8,28.85,28.85,-0.15,165,494
2018-09-04,4989,120000,3501550,28.9,29.35,28.9,29.15,0.3,94,550
2018-09-05,4989,141200,4085420,29.15,29.25,28.85,28.85,-0.3,100,533
2018-09-06,4989,429100,12143900,28.8,28.8,28.0,28.0,-0.85,276,392
2018-09-07,4989,556500,14813600,27.8,27.8,25.55,26.1,-1.9,371,429
2018-09-10,4989,328600,8270439,26.55,26.55,24.8,24.9,-1.2,224,535
2018-09-11,4989,173951,4351525,25.5,25.5,24.8,25.2,0.3,117,559
2018-09-12,4989,254550,6280574,25.1,25.1,24.5,24.5,-0.7,167,487
2018-09-13,4989,358370,8857639,24.4,25.1,24.2,24.7,0.2,205,433
2018-09-14,4989,235180,6024490,25.1,25.85,25.1,25.65,0.95,186,482
2018-09-17,4989,230200,5947139,25.9,26.3,25.5,25.65,0.0,153,432
2018-09-18,4989,134100,3427460,25.5,26.0,25.35,25.6,-0.05,89,556
2018-09-19,4989,143000,3646450,25.6,25.7,25.3,25.35,-0.25,102,600
2018-09-20,4989,88000,2215950,25.3,25.4,25.05,25.05,-0.3,56,640
2018-09-21,4989,95050,2386910,25.1,25.35,25.0,25.2,0.15,62,627
2018-09-25,4989,154005,3830675,25.2,25.25,24.7,24.9,-0.3,79,542
2018-09-26,4989,163282,4040114,24.65,25.0,24.55,24.6,-0.3,106,523
2018-09-27,4989,107000,2682000,24.8,25.4,24.75,25.05,0.45,87,593
2018-09-28,4989,682230,16576685,25.35,25.35,24.0,24.0,-1.05,381,353
2018-10-01,4989,1014100,23565000,24.0,24.0,22.95,23.2,-0.8,568,273
2018-10-02,4989,376000,8735850,23.35,23.6,23.0,23.0,-0.2,233,412
2018-10-03,4989,828200,18423350,23.0,23.05,21.95,22.1,-0.9,474,324
2018-10-04,4989,616600,13213970,22.15,22.4,21.1,21.2,-0.9,380,357
2018-10-05,4989,664100,13570570,21.0,21.0,20.15,20.35,-0.85,316,457
2018-10-08,4989,587000,11692250,20.7,20.7,19.2,20.0,-0.35,327,382
2018-10-09,4989,336200,6735550,20.0,20.35,19.9,19.95,-0.05,191,494
2018-10-11,4989,734100,13320420,18.05,18.7,18.0,18.05,-1.9,322,565
2018-10-12,4989,294400,5453079,18.0,19.2,17.9,18.85,0.8,240,610
2018-10-15,4989,185500,3540373,18.85,19.4,18.85,19.0,0.15,131,581
2018-10-16,4989,102300,1968425,19.4,19.4,19.1,19.25,0.25,71,648
2018-10-17,4989,149000,2845200,19.25,19.35,18.9,18.9,-0.35,105,603
2018-10-18,4989,135001,2543668,18.65,19.15,18.65,18.7,-0.2,79,563
2018-10-19,4989,122000,2217400,18.5,18.55,18.1,18.2,-0.5,79,619
2018-10-22,4989,305358,5546258,18.15,18.5,17.95,18.45,0.25,164,446
2018-10-23,4989,439006,7871021,18.5,18.5,17.55,17.8,-0.65,189,417
2018-10-24,4989,123007,2179886,17.95,17.95,17.55,17.55,-0.25,74,603
2018-10-25,4989,366808,6216241,17.2,17.25,16.7,16.7,-0.85,182,540
2018-10-26,4989,253045,4142878,16.9,16.9,16.05,16.15,-0.55,137,562
2018-10-29,4989,316100,5050150,16.6,16.6,15.7,15.95,-0.2,102,471
2018-10-30,4989,109000,1721400,15.95,15.95,15.7,15.75,-0.2,72,677
2018-10-31,4989,360290,5768654,15.85,16.25,15.8,16.0,0.25,189,457
2018-11-01,4989,567000,9633100,16.0,17.6,16.0,17.6,1.6,305,379
2018-11-02,4989,759047,13785610,18.2,18.5,18.0,18.2,0.6,471,349
2018-11-05,4989,179100,3181690,17.6,18.0,17.6,17.7,-0.5,115,503
2018-11-06,4989,153000,2691450,17.7,17.75,17.5,17.5,-0.2,102,541
2018-11-07,4989,158053,2786837,17.5,17.85,17.35,17.85,0.35,103,537
2018-11-08,4989,94000,1669400,18.0,18.0,17.6,17.6,-0.25,60,668
2018-11-09,4989,112000,1950800,17.6,17.6,17.3,17.45,-0.15,60,599
2018-11-12,4989,105000,1848850,17.25,17.85,17.25,17.55,0.1,81,614
2018-11-13,4989,194000,3318050,17.15,17.6,16.8,17.6,0.05,97,522
2018-11-14,4989,92000,1612550,17.45,17.7,17.4,17.7,0.1,61,647
2018-11-15,4989,327100,5848670,17.7,18.15,17.4,18.05,0.35,150,457
2018-11-16,4989,268000,4872100,18.1,18.45,18.0,18.3,0.25,171,496
2018-11-19,4989,336139,6280033,18.4,19.0,18.4,18.8,0.5,195,435
2018-11-20,4989,184000,3408600,18.65,18.65,18.4,18.5,-0.3,114,503
2018-11-21,4989,142000,2614150,18.3,18.55,18.25,18.5,0.0,88,543
2018-11-22,4989,157000,2905450,18.95,18.95,18.3,18.35,-0.15,97,537
2018-11-23,4989,149000,2708400,18.25,18.4,18.1,18.15,-0.2,88,556
2018-11-26,4989,85000,1551150,18.35,18.45,18.05,18.1,-0.05,65,653
2018-11-27,4989,487684,9420111,18.1,19.9,18.1,19.9,1.8,292,369
2018-11-28,4989,2073188,44293728,20.9,21.85,20.6,21.65,1.75,1158,251
2018-11-29,4989,988072,21089890,21.7,21.7,21.0,21.25,-0.4,528,335
2018-11-30,4989,346013,7286203,21.2,21.25,20.85,21.0,-0.25,234,481
2018-12-03,4989,650404,13973676,21.0,21.85,21.0,21.85,0.85,355,457
2018-12-04,4989,407308,8828986,21.85,21.9,21.45,21.55,-0.3,208,475
2018-12-05,4989,223668,4687628,20.85,21.25,20.8,21.2,-0.35,146,526
2018-12-06,4989,572100,11540890,20.9,20.9,19.65,19.75,-1.45,282,450
2018-12-07,4989,186000,3705150,20.1,20.2,19.55,20.0,0.25,119,525
2018-12-10,4989,165000,3226100,19.75,19.85,19.35,19.4,-0.6,91,554
2018-12-11,4989,114934,2267599,19.6,19.9,19.5,19.85,0.45,88,603
2018-12-12,4989,143000,2873650,19.9,20.25,19.85,20.15,0.3,105,591
2018-12-13,4989,149000,2988600,19.9,20.2,19.9,20.15,0.0,88,572
2018-12-14,4989,170000,3385950,20.1,20.1,19.85,20.0,-0.15,84,544
2018-12-17,4989,662000,13461600,20.0,21.2,19.8,20.45,0.45,206,350
2018-12-18,4989,1270405,27382899,20.4,22.0,20.1,22.0,1.55,670,297
2018-12-19,4989,3361107,78641939,23.05,24.1,22.95,24.1,2.1,1744,183
2018-12-20,4989,1936400,44566940,23.2,23.6,22.4,23.15,-0.95,934,236
2018-12-21,4989,4931923,121094439,23.25,25.45,22.8,25.45,2.3,2191,158
2018-12-22,4989,3932661,98306649,24.35,26.4,24.2,26.4,0.95,1651,79
2018-12-24,4989,5893344,156429952,26.4,28.0,25.7,27.8,1.4,2479,98
2018-12-25,4989,4008141,106832617,26.5,27.8,26.1,27.05,-0.75,2093,124
2018-12-26,4989,5001754,139906531,27.65,28.8,27.25,27.4,0.35,2607,92
2018-12-27,4989,2683000,72603599,27.75,28.1,26.1,26.65,-0.75,1434,174
2018-12-28,4989,1459514,38218206,26.65,27.0,25.6,25.6,-1.05,942,218
2019-01-02,4989,1182155,29484904,25.75,25.85,24.2,24.9,-0.7,741,221
2019-01-03,4989,911686,22186351,24.85,24.85,23.9,23.9,-1.0,582,259
2019-01-04,4989,867500,19993974,23.8,23.8,22.5,22.9,-1.0,560,288
2019-01-07,4989,1299430,32112864,23.8,25.15,23.7,25.15,2.25,741,243
2019-01-08,4989,2795600,71440280,25.2,26.0,25.15,25.25,0.1,1655,170
2019-01-09,4989,1317016,33258758,25.4,25.8,24.9,25.05,-0.2,761,278
2019-01-10,4989,1070104,26998528,25.2,25.75,24.7,24.7,-0.35,654,266
2019-01-11,4989,2926676,75099809,25.05,26.85,24.5,26.3,1.6,1649,185
2019-01-14,4989,1133200,29166259,26.3,26.3,25.35,25.35,-0.95,710,245
2019-01-15,4989,775000,19606900,25.35,25.75,24.95,25.1,-0.25,501,292
2019-01-16,4989,2198500,57243550,25.3,26.5,25.0,25.4,0.3,1278,205
2019-01-17,4989,466000,11832350,25.4,25.75,25.2,25.2,-0.2,342,367
2019-01-18,4989,604100,15217230,25.6,25.6,25.1,25.1,-0.1,353,327
2019-01-21,4989,365000,9139050,25.4,25.4,24.7,24.7,-0.4,254,405
2019-01-22,4989,786400,19813109,24.9,25.65,24.75,24.75,0.05,537,290
2019-01-23,4989,343000,8561650,24.75,25.25,24.7,24.85,0.1,216,361
2019-01-24,4989,6238290,165401014,25.1,27.3,25.1,27.3,2.45,2930,109
2019-01-25,4989,8541512,234565345,27.55,28.1,26.6,26.6,-0.7,3832,102
2019-01-28,4989,1346100,35481910,26.55,26.95,25.8,26.1,-0.5,796,254
2019-01-29,4989,748683,19107729,25.9,26.05,25.15,25.45,-0.65,544,299
2019-01-30,4989,1375030,35737713,25.5,26.3,25.5,25.55,0.1,689,245
2019-02-11,4989,913405,23797817,25.85,26.25,25.85,25.85,0.3,410,324
2019-02-12,4989,706140,18620753,26.2,26.7,26.05,26.35,0.5,450,345
2019-02-13,4989,783100,20363580,26.6,26.6,25.6,25.75,-0.6,459,366
2019-02-14,4989,400000,10361500,25.7,26.1,25.7,25.85,0.1,248,445
2019-02-15,4989,736000,18625700,26.1,26.1,24.7,25.2,-0.65,430,370
2019-02-18,4989,507100,12791185,25.25,25.85,25.0,25.35,0.15,314,418
2019-02-19,4989,281100,7104130,25.55,25.55,25.1,25.25,-0.1,185,474
2019-02-20,4989,354300,8956159,25.3,25.5,25.15,25.2,-0.05,216,486
2019-02-21,4989,493800,12567640,25.2,25.65,25.15,25.5,0.3,334,427
2019-02-22,4989,1335250,34779912,25.65,26.35,25.35,26.0,0.5,863,284
2019-02-25,4989,667233,17323623,26.2,26.25,25.75,25.85,-0.15,371,390
2019-02-26,4989,2412281,63409668,25.9,26.8,25.9,26.0,0.15,1143,234
2019-02-27,4989,669000,17243050,26.0,26.15,25.5,26.15,0.15,380,356
2019-03-04,4989,2362839,63016603,26.25,27.1,26.15,26.9,0.75,1237,228
2019-03-05,4989,663000,17528750,26.75,26.75,26.15,26.15,-0.75,436,345
2019-03-06,4989,591200,15415380,26.3,26.3,25.9,25.95,-0.2,329,375
2019-03-07,4989,714200,18289600,25.9,25.95,25.25,25.25,-0.7,397,359
2019-03-08,4989,230508,5836476,25.25,25.5,25.1,25.5,0.25,165,511
2019-03-11,4989,479200,12360590,25.55,26.05,25.3,25.95,0.45,267,400
2019-03-12,4989,348000,8994550,26.45,26.45,25.65,25.65,-0.3,222,487
2019-03-13,4989,189200,4848130,25.65,25.85,25.45,25.55,-0.1,125,542
2019-03-14,4989,249200,6352260,25.3,25.65,25.3,25.4,-0.15,131,526
2019-03-15,4989,242000,6203650,25.55,25.8,25.4,25.65,0.25,142,545
2019-03-18,4989,558000,14495900,25.85,26.15,25.7,25.8,0.15,347,418
2019-03-19,4989,712356,18736780,26.2,26.6,26.0,26.15,0.35,479,386
2019-03-20,4989,1659861,44054540,26.2,27.2,25.75,27.2,1.05,917,280
2019-03-21,4989,1369000,37018200,27.4,27.4,26.65,26.8,-0.4,829,304
2019-03-22,4989,684200,18189360,26.75,27.0,26.15,26.3,-0.5,412,402
2019-03-25,4989,530191,13623077,26.0,26.0,25.45,25.6,-0.7,277,427
2019-03-26,4989,233000,6001050,25.65,26.0,25.65,25.7,0.1,149,529
2019-03-27,4989,241000,6210450,25.9,25.9,25.7,25.7,0.0,134,539
2019-03-28,4989,360000,9335800,25.8,26.15,25.75,25.75,0.05,207,479
2019-03-29,4989,1541777,41199793,25.8,27.5,25.45,27.45,1.7,721,284
2019-04-01,4989,8089950,229271827,27.9,29.4,27.75,29.2,1.75,4120,117
2019-04-02,4989,2803136,80049409,28.8,28.95,28.2,28.3,-0.9,1612,223
2019-04-03,4989,1078000,30573950,28.3,28.75,28.0,28.3,0.0,656,324
2019-04-08,4989,2861363,82427401,28.55,29.7,27.85,29.15,0.85,1498,238
2019-04-09,4989,3329038,97441166,29.15,29.55,29.0,29.4,0.25,1586,200
2019-04-10,4989,1811000,53448700,30.0,30.0,28.9,28.9,-0.5,1011,275
2019-04-11,4989,1497500,42343349,28.5,28.75,28.1,28.15,-0.75,720,306
2019-04-12,4989,609100,17005420,28.15,28.35,27.55,27.55,-0.6,402,394
2019-04-15,4989,413200,11463930,27.55,28.25,27.4,27.75,0.2,282,458
2019-04-16,4989,532000,14865650,27.75,28.2,27.6,28.2,0.45,302,421
2019-04-17,4989,524000,14660900,28.4,28.4,27.8,27.8,-0.4,315,440
2019-04-18,4989,837259,22749653,27.9,27.9,26.45,26.7,-1.1,513,408
2019-04-19,4989,781000,21412800,26.9,28.15,26.7,28.1,1.4,477,341
2019-04-22,4989,2132262,61034342,28.5,28.95,28.3,28.55,0.45,1064,227
2019-04-23,4989,610000,17193050,28.55,28.55,28.0,28.0,-0.55,317,363
2019-04-24,4989,327000,9180150,28.2,28.4,27.8,27.8,-0.2,185,464
2019-04-25,4989,220113,6134652,27.8,28.2,27.6,27.7,-0.1,140,514
2019-04-26,4989,447000,12200700,27.7,27.7,27.1,27.1,-0.6,253,397
2019-04-29,4989,371100,9924250,27.1,27.2,26.5,26.5,-0.6,246,456
2019-04-30,4989,211000,5631950,26.6,26.9,26.6,26.6,0.1,120,511
2019-05-02,4989,246000,6635950,26.5,27.25,26.5,26.95,0.35,143,497
2019-05-03,4989,886630,24676097,27.0,28.25,27.0,28.25,1.3,492,319
2019-05-06,4989,1271450,34832044,27.1,27.8,27.1,27.3,-0.95,655,309
2019-05-07,4989,461100,12765510,27.4,27.95,27.4,27.4,0.1,265,400
2019-05-08,4989,249187,6799714,27.2,27.6,26.8,27.3,-0.1,176,503
2019-05-09,4989,599200,16015079,26.95,27.3,26.3,26.6,-0.7,302,429
2019-05-10,4989,340019,9016505,26.5,26.85,26.1,26.2,-0.4,206,505
2019-05-13,4989,484500,12434100,26.3,26.4,25.4,25.4,-0.8,277,468
2019-05-14,4989,360070,8977856,24.7,25.6,24.15,25.6,0.2,206,502
2019-05-15,4989,216000,5581650,25.6,26.0,25.6,25.85,0.25,132,527
2019-05-16,4989,381148,9600720,25.85,25.9,24.8,24.9,-0.95,242,463
2019-05-17,4989,332506,8188794,25.05,25.2,24.2,24.3,-0.6,190,495
2019-05-20,4989,269000,6454800,24.2,24.4,23.8,23.8,-0.5,181,495
2019-05-21,4989,243457,5814596,23.7,24.35,23.4,24.3,0.5,170,521
2019-05-22,4989,120086,2945615,24.5,24.65,24.45,24.5,0.2,88,591
2019-05-23,4989,191000,4562300,24.1,24.2,23.7,23.9,-0.6,120,557
2019-05-24,4989,156000,3719500,23.6,24.1,23.5,23.8,-0.1,96,553
2019-05-27,4989,95000,2250800,23.8,23.85,23.6,23.85,0.05,65,650
2019-05-28,4989,85000,2032400,23.85,24.0,23.8,23.9,0.05,60,633
2019-05-29,4989,67000,1591750,23.9,23.9,23.65,23.75,-0.15,45,677
2019-05-30,4989,82041,1964820,23.75,24.15,23.75,24.05,0.3,62,654
2019-05-31,4989,65000,1569450,24.0,24.25,23.8,24.15,0.1,50,692
2019-06-03,4989,79006,1888258,24.0,24.15,23.75,23.9,-0.25,44,675
2019-06-04,4989,51400,1238489,24.2,24.25,23.95,24.1,0.2,46,697
2019-06-05,4989,123000,2974150,24.3,24.35,24.0,24.0,-0.1,78,574
2019-06-06,4989,29000,694300,24.0,24.05,23.85,23.95,-0.05,22,762
2019-06-10,4989,67006,1617907,24.3,24.3,24.05,24.1,0.15,37,669
2019-06-11,4989,197000,4705800,24.1,24.15,23.8,23.8,-0.3,101,544
2019-06-12,4989,116100,2769530,24.0,24.15,23.65,23.8,0.0,69,590
2019-06-13,4989,373000,9005450,23.85,24.35,23.7,24.2,0.4,192,404
2019-06-14,4989,70000,1686550,24.2,24.25,24.0,24.0,-0.2,55,660
2019-06-17,4989,48000,1151400,24.0,24.0,23.95,23.95,-0.05,34,698
2019-06-18,4989,101600,2436960,23.95,24.1,23.9,23.9,-0.05,61,592
2019-06-19,4989,142000,3417350,24.0,24.2,23.95,24.1,0.2,83,615
2019-06-20,4989,315000,7733100,24.3,24.8,24.3,24.6,0.5,196,487
2019-06-21,4989,194000,4795400,24.6,24.9,24.55,24.55,-0.05,125,582
2019-06-24,4989,105000,2608800,24.65,25.05,24.65,24.7,0.15,87,649
2019-06-25,4989,104082,2553900,24.6,24.7,24.4,24.4,-0.3,72,625
2019-06-26,4989,75000,1828350,24.5,24.5,24.3,24.4,0.0,45,642
2019-06-27,4989,96000,2354200,24.4,24.6,24.3,24.5,0.1,71,649
2019-06-28,4989,107000,2638450,24.5,24.8,24.5,24.55,0.05,68,608
2019-07-01,4989,230000,5758550,25.0,25.2,24.8,25.0,0.45,129,559
2019-07-02,4989,243000,6116850,25.05,25.3,25.05,25.1,0.1,146,536
2019-07-03,4989,309814,7809577,25.15,25.35,25.05,25.05,-0.05,158,495
2019-07-04,4989,718590,18337654,25.3,25.65,25.3,25.6,0.55,413,359
2019-07-05,4989,438105,10567370,24.25,24.35,24.0,24.0,0.0,253,438
2019-07-08,4989,312258,7353400,23.95,23.95,23.4,23.45,-0.55,178,499
2019-07-09,4989,170221,3945827,23.4,23.4,23.1,23.2,-0.25,107,598
2019-07-10,4989,152000,3569200,23.2,23.6,23.2,23.5,0.3,74,621
2019-07-11,4989,126250,2983550,23.65,23.75,23.5,23.6,0.1,69,653
2019-07-12,4989,85120,2001214,23.65,23.65,23.4,23.45,-0.15,56,691
2019-07-15,4989,50000,1175300,23.45,23.6,23.45,23.55,0.1,31,749
2019-07-16,4989,137010,3260988,23.6,24.0,23.6,23.8,0.25,86,633
2019-07-17,4989,64000,1518400,23.8,23.95,23.6,23.7,-0.1,52,746
2019-07-18,4989,63200,1495110,23.7,23.85,23.5,23.5,-0.2,41,717
2019-07-19,4989,122000,2869400,23.6,23.75,23.45,23.45,-0.05,88,644
2019-07-22,4989,660045,15914073,23.5,24.65,23.5,23.85,0.4,333,407
2019-07-23,4989,129400,3100779,24.45,24.45,23.8,23.85,0.0,95,650
2019-07-24,4989,90065,2153756,23.9,24.0,23.8,23.95,0.1,77,706
2019-07-25,4989,152100,3660305,24.2,24.2,23.9,24.0,0.05,108,626
2019-07-26,4989,79000,1885050,24.0,24.0,23.8,23.9,-0.1,58,685
2019-07-29,4989,122205,2903279,24.05,24.05,23.6,23.6,-0.3,93,645
2019-07-30,4989,317045,7397367,23.9,23.9,23.1,23.3,-0.3,141,515
2019-07-31,4989,101000,2342400,23.3,23.4,23.1,23.2,-0.1,58,644
2019-08-01,4989,125000,2891450,23.2,23.3,23.0,23.0,-0.2,75,623
2019-08-02,4989,194000,4377550,23.0,23.0,22.35,22.55,-0.45,130,609
2019-08-05,4989,84300,1876260,22.55,22.55,22.1,22.15,-0.4,68,710
2019-08-06,4989,163000,3510700,21.0,22.35,21.0,22.2,0.05,92,645
2019-08-07,4989,85000,1894650,22.4,22.5,22.05,22.05,-0.15,52,651
2019-08-08,4989,85000,1902050,21.65,22.6,21.65,22.35,0.3,50,649
2019-08-12,4989,292000,6814250,22.4,23.85,22.3,23.2,0.85,191,506
2019-08-13,4989,111000,2542250,23.0,23.2,22.75,22.75,-0.45,84,639
2019-08-14,4989,1292054,31009850,23.35,24.9,22.95,24.35,1.6,790,315
2019-08-15,4989,409000,9655300,23.8,23.8,23.3,23.5,-0.85,281,481
2019-08-16,4989,271000,6296250,23.5,24.0,22.9,23.15,-0.35,201,506
2019-08-19,4989,147000,3430200,23.1,23.6,23.1,23.25,0.1,115,620
2019-08-20,4989,189002,4404850,23.55,23.7,23.1,23.15,-0.1,113,574
2019-08-21,4989,199000,4583500,23.3,23.3,22.85,22.95,-0.2,129,567
2019-08-22,4989,253080,5904718,23.0,23.6,23.0,23.1,0.15,137,532
2019-08-23,4989,1798500,43782399,23.4,24.85,23.4,24.4,1.3,1063,260
2019-08-26,4989,410073,9696331,23.85,23.9,23.4,23.55,-0.85,293,442
2019-08-27,4989,644000,15554800,24.0,24.6,23.7,23.8,0.25,393,369
2019-08-28,4989,223000,5287600,23.85,24.1,23.55,23.55,-0.25,140,514
2019-08-29,4989,140007,3317163,23.65,23.95,23.55,23.6,0.05,96,577
2019-08-30,4989,255007,6103018,23.85,24.1,23.8,23.8,0.2,144,523
2019-09-02,4989,199000,4778450,23.9,24.15,23.8,24.0,0.2,100,550
2019-09-03,4989,176000,4254950,24.1,24.4,23.85,24.0,0.0,106,549
2019-09-04,4989,3812411,98378050,24.25,26.4,23.8,26.4,2.4,2007,182
2019-09-05,4989,8305227,233581220,26.55,28.9,26.55,28.25,1.85,4060,117
2019-09-06,4989,5819463,167599482,28.8,29.4,28.3,28.55,0.3,2948,138
2019-09-09,4989,2945107,84717096,29.15,29.4,27.75,28.0,-0.55,1668,199
2019-09-10,4989,1542154,43414600,28.0,28.8,27.55,28.55,0.55,1005,254
2019-09-11,4989,3417378,98656874,28.75,29.4,28.3,28.9,0.35,1929,184
2019-09-12,4989,1965339,56871901,28.65,29.55,28.3,29.55,0.65,1107,210
2019-09-16,4989,4070190,118860200,29.8,30.15,28.45,28.8,-0.75,2161,156
2019-09-17,4989,1733400,48686020,28.45,28.95,27.55,27.55,-1.25,1065,237
2019-09-18,4989,1016300,28432890,27.75,28.5,27.6,27.7,0.15,626,304
2019-09-19,4989,808486,22079765,28.0,28.05,27.1,27.1,-0.6,482,324
2019-09-20,4989,751000,20678300,27.2,27.8,27.15,27.7,0.6,492,357
2019-09-23,4989,457000,12492150,27.8,27.8,27.15,27.25,-0.45,281,412
2019-09-24,4989,848000,22842700,27.25,27.25,26.7,26.8,-0.45,481,344
2019-09-25,4989,545000,14739450,26.8,27.4,26.8,26.9,0.1,303,390
2019-09-26,4989,266000,7150750,27.05,27.15,26.75,26.9,0.0,158,487
2019-09-27,4989,720380,18753253,26.9,26.9,25.65,25.8,-1.1,399,387
2019-10-01,4989,342000,8732250,26.0,26.0,25.25,25.65,-0.15,215,446
2019-10-02,4989,276000,7113200,25.45,26.05,25.4,26.05,0.4,167,441
2019-10-03,4989,177500,4603250,25.8,26.1,25.75,25.9,-0.15,113,510
2019-10-04,4989,403000,10265400,26.1,26.1,25.1,25.4,-0.5,234,409
2019-10-07,4989,196000,4974700,25.75,25.75,25.2,25.25,-0.15,115,521
2019-10-08,4989,266000,6695000,25.15,25.5,25.05,25.1,-0.15,157,487
2019-10-09,4989,277100,6874430,25.05,25.1,24.65,24.7,-0.4,173,495
2019-10-14,4989,203000,5109600,25.1,25.3,25.05,25.15,0.45,137,584
2019-10-15,4989,412600,10613150,25.15,26.1,25.15,25.5,0.35,267,447
2019-10-16,4989,316600,8187190,25.8,26.05,25.7,25.9,0.4,187,512
2019-10-17,4989,173000,4435500,25.95,25.95,25.55,25.55,-0.35,94,545
2019-10-18,4989,179000,4550650,25.6,25.6,25.3,25.5,-0.05,123,570
2019-10-21,4989,149000,3786000,25.8,26.0,25.15,25.35,-0.15,94,595
2019-10-22,4989,408400,10569670,25.4,26.2,25.4,25.9,0.55,233,453
2019-10-23,4989,349000,9054750,25.8,26.25,25.65,25.7,-0.2,210,475
2019-10-24,4989,136000,3489700,25.75,25.8,25.6,25.6,-0.1,86,590
2019-10-25,4989,180000,4608050,25.55,25.8,25.5,25.5,-0.1,105,535
2019-10-28,4989,224300,5764519,25.5,25.9,25.45,25.65,0.15,149,524
2019-10-29,4989,270000,6909450,25.65,26.05,25.2,25.25,-0.4,180,514
2019-10-30,4989,287000,7192450,25.2,25.25,24.9,24.95,-0.3,175,481
2019-10-31,4989,396000,9776900,24.9,25.0,24.5,24.55,-0.4,212,442
2019-11-01,4989,206000,5029600,24.7,24.7,24.3,24.4,-0.15,106,526
2019-11-04,4989,332100,8052400,24.4,24.45,24.1,24.3,-0.1,199,511
2019-11-05,4989,291000,7202800,24.3,25.1,24.25,24.7,0.4,168,516
2019-11-06,4989,150042,3689687,24.8,24.8,24.45,24.5,-0.2,104,606
2019-11-07,4989,311000,7460600,24.5,24.5,23.55,24.0,-0.5,166,506
2019-11-08,4989,125200,3011500,24.1,24.2,23.95,24.0,0.0,89,625
2019-11-11,4989,284082,6652181,23.95,23.95,23.3,23.35,-0.65,180,574
2019-11-12,4989,130000,3056600,23.3,23.7,23.3,23.5,0.15,79,626
2019-11-13,4989,185000,4338750,23.5,23.65,23.3,23.3,-0.2,95,578
2019-11-14,4989,268008,6146454,23.3,23.3,22.75,22.9,-0.4,160,549
2019-11-15,4989,210080,4855168,22.8,23.25,22.8,23.25,0.35,115,584
2019-11-18,4989,124000,2859350,23.05,23.15,23.0,23.0,-0.25,94,646
2019-11-19,4989,124000,2868250,22.8,23.4,22.8,23.0,0.0,87,633
2019-11-20,4989,67509,1552157,23.0,23.25,22.9,23.2,0.2,53,728
2019-11-21,4989,110000,2520700,23.1,23.1,22.85,22.9,-0.3,80,630
2019-11-22,4989,291043,6807956,23.3,23.7,23.15,23.2,0.3,172,478
2019-11-25,4989,141005,3259916,23.6,23.6,23.0,23.0,-0.2,94,619
2019-11-26,4989,63014,1456674,23.15,23.25,23.0,23.0,0.0,52,731
2019-11-27,4989,104000,2408800,23.0,23.5,23.0,23.05,0.05,75,648
2019-11-28,4989,85068,1976591,23.05,23.4,23.05,23.2,0.15,60,666
2019-11-29,4989,309015,7289231,23.45,23.8,23.3,23.55,0.35,187,510
2019-12-02,4989,119150,2792645,23.7,23.7,23.2,23.5,-0.05,79,618
2019-12-03,4989,110000,2585350,23.5,23.65,23.3,23.5,0.0,63,601
2019-12-04,4989,2854280,72268685,23.7,25.85,23.55,25.85,2.35,1636,191
2019-12-05,4989,5174933,137330052,26.2,27.2,25.4,25.4,-0.45,3140,137
2019-12-06,4989,898084,22805802,25.5,25.75,25.0,25.4,0.0,530,332
2019-12-09,4989,496774,12567072,25.45,25.95,25.1,25.2,-0.2,270,409
2019-12-10,4989,635001,16128875,25.5,25.7,24.9,24.9,-0.3,338,381
2019-12-11,4989,454001,11225324,24.9,25.0,24.6,24.7,-0.2,262,464
2019-12-12,4989,642580,16182863,24.7,25.85,24.65,24.85,0.15,363,416
2019-12-13,4989,372000,9197350,24.95,25.0,24.55,24.55,-0.3,217,508
2019-12-16,4989,131220,3247606,24.7,24.85,24.6,24.7,0.15,95,650
2019-12-17,4989,269000,6606700,24.7,24.8,24.35,24.5,-0.2,183,544
2019-12-18,4989,204250,5034225,24.25,24.9,24.25,24.65,0.15,153,608
2019-12-19,4989,238000,5820950,24.5,24.75,24.35,24.35,-0.3,134,552
2019-12-20,4989,140000,3410700,24.4,24.6,24.2,24.35,0.0,100,623
2019-12-23,4989,260000,6277300,24.35,24.5,24.0,24.05,-0.3,154,537
2019-12-24,4989,283000,6745000,24.05,24.2,23.7,23.75,-0.3,163,513
2019-12-25,4989,199082,4791482,23.85,24.3,23.8,23.95,0.2,142,559
2019-12-26,4989,145000,3501700,24.0,24.35,23.95,24.3,0.35,92,611
2019-12-27,4989,103245,2493616,24.3,24.3,24.05,24.1,-0.2,65,691
2019-12-30,4989,170027,4093065,24.0,24.25,23.95,24.15,0.05,93,627
2019-12-31,4989,201000,4912250,24.3,24.6,24.25,24.35,0.2,129,587
2020-01-02,4989,165000,4036850,24.35,24.55,24.35,24.4,0.05,112,629
2020-01-03,4989,177128,4282259,24.45,24.55,23.85,23.95,-0.45,116,632
2020-01-06,4989,168000,3992800,23.9,23.9,23.6,23.8,-0.15,104,623
2020-01-07,4989,219030,5169234,24.1,24.1,23.15,23.45,-0.35,143,580
2020-01-08,4989,157000,3645450,23.05,23.45,23.05,23.2,-0.25,89,624
2020-01-09,4989,106000,2469600,23.2,23.5,23.15,23.25,0.05,66,659
2020-01-10,4989,74081,1733725,23.3,23.5,23.3,23.35,0.1,51,712
2020-01-13,4989,131000,3065950,23.45,23.5,23.3,23.45,0.1,77,661
2020-01-14,4989,732110,16884950,23.4,23.45,22.85,22.85,-0.6,380,395
2020-01-15,4989,447229,10401696,22.95,23.8,22.8,23.8,0.95,245,436
2020-01-16,4989,153000,3617650,23.8,23.8,23.4,23.65,-0.15,105,596
2020-01-17,4989,130150,3044360,23.85,23.85,23.3,23.3,-0.35,96,625
2020-01-20,4989,118000,2731850,23.4,23.4,23.1,23.1,-0.2,81,683
2020-01-30,4989,445000,9628000,22.65,22.7,20.85,21.0,-2.1,247,650
2020-01-31,4989,231000,4866900,21.0,21.35,21.0,21.0,0.0,144,645
2020-02-03,4989,339100,6570690,20.5,20.5,18.95,19.6,-1.4,204,631
2020-02-04,4989,249102,5004443,20.05,20.3,19.8,20.15,0.55,146,598
2020-02-05,4989,206200,4225610,20.2,20.75,20.05,20.5,0.35,97,612
2020-02-06,4989,106100,2217545,20.7,21.2,20.7,20.95,0.45,76,708
2020-02-07,4989,159000,3250350,20.8,20.8,20.25,20.3,-0.65,86,681
2020-02-10,4989,120000,2406500,20.05,20.35,19.9,20.15,-0.15,70,690
2020-02-11,4989,53000,1076550,20.2,20.45,20.2,20.3,0.15,38,767
2020-02-12,4989,88000,1811200,20.3,20.7,20.3,20.6,0.3,58,708
2020-02-13,4989,258010,5437826,20.65,21.45,20.65,21.1,0.5,165,570
2020-02-14,4989,126035,2663912,21.4,21.4,20.95,21.1,0.0,66,623
2020-02-17,4989,125185,2634738,21.1,21.25,20.85,20.9,-0.2,74,655
2020-02-18,4989,92000,1929400,20.8,21.2,20.8,21.05,0.15,67,668
2020-02-19,4989,111000,2344450,21.45,21.45,20.95,21.1,0.05,57,653
2020-02-20,4989,101000,2152350,21.3,21.75,21.1,21.15,0.05,68,679
2020-02-21,4989,81096,1705120,21.2,21.2,20.95,21.0,-0.15,70,716
2020-02-24,4989,143400,2973410,20.9,21.35,20.5,20.65,-0.35,97,653
2020-02-25,4989,74000,1520900,20.6,20.7,20.35,20.6,-0.05,44,741
2020-02-26,4989,74000,1514600,20.6,20.6,20.4,20.45,-0.15,57,730
2020-02-27,4989,154000,3098300,20.45,20.45,19.9,19.95,-0.5,102,703
2020-03-02,4989,150000,2976700,19.8,20.15,19.3,20.0,0.05,109,715
2020-03-03,4989,97000,1985250,20.05,20.55,20.05,20.45,0.45,69,699
2020-03-04,4989,59000,1189900,20.45,20.45,20.05,20.15,-0.3,48,739
2020-03-05,4989,107000,2169250,20.45,20.5,20.1,20.35,0.2,66,691
2020-03-06,4989,82000,1638300,20.05,20.3,19.85,20.0,-0.35,59,732
2020-03-09,4989,284000,5455100,19.9,19.9,18.85,19.15,-0.85,175,676
2020-03-10,4989,271010,5141746,19.05,19.45,18.6,19.3,0.15,127,674
2020-03-11,4989,96105,1866755,19.45,19.6,19.35,19.4,0.1,56,735
2020-03-12,4989,294100,5377030,19.0,19.0,18.0,18.0,-1.4,165,719
2020-03-13,4989,740000,12000450,16.2,16.55,16.2,16.2,-1.8,287,634
2020-03-16,4989,238047,3696955,16.2,16.55,14.7,14.7,-1.5,167,701
2020-03-17,4989,304000,4187800,13.5,14.4,13.4,13.55,-1.15,161,711
2020-03-18,4989,431000,5852900,14.05,14.05,13.1,13.1,-0.45,218,651
2020-03-19,4989,392100,4657130,12.5,12.5,11.8,11.8,-1.3,207,755
2020-03-20,4989,323120,4073453,11.85,12.95,11.85,12.9,1.1,185,692
2020-03-23,4989,95027,1175068,12.85,12.85,11.8,12.45,-0.45,48,767
2020-03-24,4989,175040,2262845,12.5,13.15,12.5,12.95,0.5,92,710
2020-03-25,4989,232000,3201600,13.35,13.9,13.35,13.8,0.85,122,696
2020-03-26,4989,258053,3569552,13.95,14.2,13.15,13.8,0.0,113,642
2020-03-27,4989,143200,2005040,14.2,14.3,13.6,13.6,-0.2,98,741
2020-03-30,4989,103000,1417400,13.3,14.0,13.3,13.9,0.3,59,723
2020-03-31,4989,120000,1705150,14.9,14.9,14.0,14.0,0.1,83,718
2020-04-01,4989,45000,629400,13.7,14.1,13.7,14.0,0.0,34,817
2020-04-06,4989,196000,2704000,14.15,14.15,13.6,14.0,0.0,104,639
2020-04-07,4989,247000,3671500,14.35,15.3,14.3,15.2,1.2,183,648
2020-04-08,4989,245000,3744100,14.7,15.55,14.7,15.45,0.25,142,653
2020-04-09,4989,157000,2404400,15.45,15.55,15.1,15.1,-0.35,84,707
2020-04-10,4989,160005,2428277,15.1,15.4,14.8,15.35,0.25,85,688
2020-04-13,4989,311000,4958350,15.45,16.4,15.45,16.4,1.05,210,595
2020-04-14,4989,386583,6551144,16.4,17.4,16.3,17.25,0.85,238,581
2020-04-15,4989,225000,3934300,17.4,17.7,17.3,17.5,0.25,141,689
2020-04-16,4989,192000,3347800,17.3,17.65,17.0,17.5,0.0,100,667
2020-04-17,4989,312000,5446250,17.7,17.95,17.05,17.15,-0.35,166,651
2020-04-20,4989,155000,2623000,17.0,17.15,16.6,16.85,-0.3,95,660
2020-04-21,4989,189000,3065150,16.65,16.75,15.95,16.0,-0.85,134,702
2020-04-22,4989,55000,891000,16.0,16.35,15.95,16.15,0.15,43,782
2020-04-23,4989,105000,1709100,16.4,16.6,16.2,16.35,0.2,72,702
2020-04-24,4989,36000,588000,16.35,16.4,16.2,16.4,0.05,27,805
2020-04-27,4989,577016,10012034,16.85,17.95,16.45,17.6,1.2,284,530
2020-04-28,4989,229034,4044956,17.85,17.85,17.4,17.5,-0.1,138,631
2020-04-29,4989,970985,18244361,17.7,19.25,17.6,19.25,1.75,428,471
2020-04-30,4989,1044056,20085842,19.5,19.5,18.8,19.0,-0.25,546,488
2020-05-04,4989,745151,14618345,18.4,20.5,18.15,20.5,1.5,403,491
2020-05-05,4989,395100,8011350,20.4,20.5,20.0,20.15,-0.35,238,538
2020-05-06,4989,347101,7025269,20.1,20.55,19.95,20.2,0.05,189,579
2020-05-07,4989,1032129,22134013,20.25,22.15,19.6,22.15,1.95,526,422
2020-05-08,4989,1873050,41024402,22.15,22.4,21.05,21.05,-1.1,921,343
2020-05-11,4989,431236,8924488,21.0,21.05,20.4,20.5,-0.55,256,578
2020-05-12,4989,415000,8320000,20.15,20.65,19.6,19.75,-0.75,240,567
2020-05-13,4989,141000,2755950,19.3,19.8,19.3,19.55,-0.2,92,681
2020-05-14,4989,239000,4689050,19.65,19.95,18.8,19.2,-0.35,155,649
2020-05-15,4989,173000,3310750,19.75,19.75,18.85,19.2,0.0,116,686
2020-05-18,4989,195000,3743450,19.6,19.6,18.6,19.05,-0.15,121,649
2020-05-19,4989,115000,2218050,19.6,19.6,19.15,19.3,0.25,74,706
2020-05-20,4989,95237,1842426,19.65,19.65,19.25,19.25,-0.05,70,732
2020-05-21,4989,142000,2751050,19.35,19.5,19.2,19.3,0.05,78,684
2020-05-22,4989,74158,1433243,19.45,19.55,19.25,19.3,0.0,56,771
2020-05-25,4989,76000,1466600,19.3,19.5,19.2,19.3,0.0,56,753
2020-05-26,4989,119100,2328090,19.8,19.8,19.45,19.55,0.25,69,731
2020-05-27,4989,105100,2042510,19.6,19.6,19.3,19.45,-0.1,60,752
2020-05-28,4989,129000,2509650,19.8,19.8,19.2,19.2,-0.25,76,724
2020-05-29,4989,59500,1147800,19.2,19.65,19.05,19.2,0.0,49,746
2020-06-01,4989,80300,1563895,19.2,19.6,19.2,19.5,0.3,61,766
2020-06-02,4989,115000,2251850,19.75,19.75,19.5,19.55,0.05,75,697
2020-06-03,4989,124000,2436650,19.7,19.7,19.6,19.65,0.1,90,748
2020-06-04,4989,150000,2938350,19.9,19.9,19.35,19.7,0.05,86,710
2020-06-05,4989,104000,2051800,19.8,19.85,19.5,19.85,0.15,64,771
2020-06-08,4989,255000,5124050,19.95,20.3,19.75,20.2,0.35,145,681
2020-06-09,4989,182000,3690500,20.35,20.45,20.05,20.2,0.0,113,713
2020-06-10,4989,198100,3942250,19.95,20.05,19.85,19.85,-0.35,106,702
2020-06-11,4989,134000,2612600,19.85,19.85,19.2,19.2,-0.65,101,776
2020-06-12,4989,139000,2612550,18.7,19.1,18.55,19.1,-0.1,89,750
2020-06-15,4989,97000,1826650,18.7,19.1,18.7,18.75,-0.35,62,764
2020-06-16,4989,209463,4005013,18.95,19.4,18.95,19.35,0.6,69,675
2020-06-17,4989,351000,6808300,19.4,19.55,19.25,19.25,-0.1,94,600
2020-06-18,4989,78200,1512380,19.45,19.5,19.2,19.45,0.2,60,789
2020-06-19,4989,92000,1786450,19.65,19.65,19.35,19.35,-0.1,44,788
2020-06-22,4989,205400,4002879,20.0,20.0,19.1,19.2,-0.15,123,710
2020-06-23,4989,73073,1407458,19.5,19.5,19.15,19.3,0.1,32,792
2020-06-24,4989,63000,1210100,19.1,19.3,19.1,19.2,-0.1,44,800
2020-06-29,4989,151000,2810650,18.45,18.85,18.45,18.55,-0.65,97,726
2020-06-30,4989,81006,1515213,18.6,18.8,18.6,18.8,0.25,58,770
2020-07-01,4989,100000,1891950,18.85,19.0,18.8,18.8,0.0,50,757
2020-07-02,4989,240000,4551400,18.85,19.2,18.75,18.8,0.0,130,688
2020-07-03,4989,631057,12169568,19.2,19.75,18.75,19.35,0.55,222,563
2020-07-06,4989,255000,4973700,19.4,19.65,19.4,19.5,0.15,153,749
2020-07-07,4989,727000,14442550,19.55,20.1,19.4,19.95,0.45,218,577
2020-07-08,4989,260000,5182850,19.95,20.2,19.7,20.15,0.2,148,709
2020-07-09,4989,192000,3831700,20.15,20.15,19.8,19.8,-0.35,114,768
2020-07-10,4989,1383000,27565100,19.65,20.3,18.6,19.55,-0.25,336,474
2020-07-13,4989,191000,3690700,19.55,19.6,19.2,19.3,-0.25,105,741
2020-07-14,4989,129000,2462500,19.45,19.45,19.0,19.0,-0.3,74,770
2020-07-15,4989,107000,2025150,19.2,19.2,18.8,18.85,-0.15,73,793
2020-07-16,4989,69000,1310600,19.1,19.2,18.95,19.1,0.25,46,807
2020-07-17,4989,199000,3773500,18.95,19.2,18.8,18.85,-0.25,91,720
2020-07-20,4989,66000,1236600,18.75,19.0,18.7,18.7,-0.15,32,796
2020-07-21,4989,90100,1704220,18.85,19.05,18.8,18.9,0.2,70,803
2020-07-22,4989,173000,3294650,19.1,19.2,18.9,19.0,0.1,81,701
2020-07-23,4989,153051,2937020,19.4,19.4,18.95,19.15,0.15,73,714
2020-07-24,4989,121057,2295933,19.1,19.2,18.7,18.9,-0.25,71,780
2020-07-27,4989,97000,1808650,18.75,18.85,18.5,18.5,-0.4,62,793
2020-07-28,4989,82000,1474700,17.9,18.4,17.85,17.85,0.0,48,821
2020-07-29,4989,95000,1687000,17.8,17.95,17.5,17.7,-0.15,55,756
2020-07-30,4989,137000,2441750,17.8,18.1,17.7,17.85,0.15,65,698
2020-07-31,4989,37200,664360,18.0,18.0,17.8,17.8,-0.05,27,820
2020-08-03,4989,83000,1460550,17.5,17.8,17.5,17.55,-0.25,60,784
2020-08-04,4989,387084,6987871,17.65,18.3,17.55,18.3,0.75,151,567
2020-08-05,4989,259000,4748100,18.4,18.5,18.05,18.25,-0.05,86,622
2020-08-06,4989,109000,1999700,18.35,18.65,18.2,18.3,0.05,62,763
2020-08-07,4989,71010,1281833,18.3,18.3,18.0,18.0,-0.3,43,785
2020-08-10,4989,225000,3983900,18.05,18.25,17.5,17.55,-0.45,124,679
2020-08-11,4989,245084,4260449,17.55,17.55,17.3,17.35,-0.2,129,673
2020-08-12,4989,103000,1777950,17.2,17.4,17.15,17.3,-0.05,64,752
2020-08-13,4989,46000,801900,17.4,17.5,17.4,17.4,0.1,33,838
2020-08-14,4989,85000,1486050,17.5,17.6,17.35,17.35,-0.05,54,792
2020-08-17,4989,88000,1531600,17.3,17.5,17.3,17.45,0.1,51,827
2020-08-18,4989,111000,1937300,17.45,17.6,17.35,17.4,-0.05,54,769
2020-08-19,4989,554000,9790550,17.45,17.95,17.4,17.65,0.25,148,602
2020-08-20,4989,230008,3923735,17.7,17.7,16.6,16.8,-0.85,126,768
2020-08-21,4989,80000,1363200,17.0,17.3,16.8,17.15,0.35,61,812
2020-08-24,4989,40000,682000,16.9,17.2,16.9,16.95,-0.2,34,846
2020-08-25,4989,131000,2234550,17.0,17.2,16.85,17.0,0.05,65,752
2020-08-26,4989,1537000,26620150,17.0,17.7,17.0,17.45,0.45,309,412
2020-08-27,4989,119010,2073241,17.6,17.6,17.25,17.3,-0.15,66,761
2020-08-28,4989,52000,903350,17.6,17.6,17.25,17.35,0.05,34,821
2020-08-31,4989,82000,1414450,17.45,17.45,17.1,17.1,-0.25,48,809
2020-09-01,4989,64000,1099050,17.15,17.2,17.1,17.1,0.0,43,814
2020-09-02,4989,58000,996350,17.2,17.25,17.05,17.15,0.05,49,837
2020-09-03,4989,88000,1526100,17.45,17.45,17.2,17.3,0.15,62,809
2020-09-04,4989,103000,1759200,17.1,17.25,16.7,17.2,-0.1,63,797
2020-09-07,4989,235000,4090300,17.2,17.65,17.2,17.45,0.25,89,728
2020-09-08,4989,112550,1951370,17.55,17.6,17.2,17.2,-0.25,68,780
2020-09-09,4989,58450,1005239,17.1,17.4,17.0,17.4,0.2,46,835
2020-09-10,4989,98007,1698070,17.45,17.45,17.1,17.1,-0.3,43,804
2020-09-11,4989,152262,2563854,16.9,16.95,16.8,16.85,-0.25,94,759
2020-09-14,4989,45001,756418,17.0,17.0,16.65,16.85,0.0,38,865
2020-09-15,4989,96400,1633169,16.85,17.05,16.8,16.95,0.1,45,789
2020-09-16,4989,51175,863625,16.95,16.95,16.85,16.85,-0.1,41,860
2020-09-17,4989,66000,1117100,16.85,17.1,16.85,17.1,0.25,47,824
2020-09-18,4989,45000,767350,17.1,17.1,17.0,17.1,0.0,27,864
2020-09-21,4989,67000,1146700,17.05,17.15,17.05,17.05,-0.05,42,849
2020-09-22,4989,56000,944450,17.0,17.0,16.7,16.7,-0.35,37,836
2020-09-23,4989,36001,600966,16.7,16.7,16.65,16.7,0.0,19,877
2020-09-24,4989,171006,2765547,16.7,16.7,16.0,16.1,-0.6,102,797
2020-09-25,4989,127000,2018350,16.15,16.15,15.6,15.95,-0.15,65,800
2020-09-28,4989,67000,1074750,16.05,16.15,15.95,15.95,0.0,33,792
2020-09-29,4989,52001,823665,16.0,16.0,15.75,15.8,-0.15,37,807
2020-09-30,4989,31000,497150,16.0,16.1,16.0,16.1,0.3,17,834
2020-10-05,4989,615000,9995300,16.0,16.7,16.0,16.45,0.35,107,475
2020-10-06,4989,73096,1208322,16.7,16.7,16.45,16.55,0.1,50,801
2020-10-07,4989,45000,745050,16.5,16.65,16.45,16.65,0.1,31,838
2020-10-08,4989,49000,813550,16.7,16.75,16.4,16.75,0.1,36,845
2020-10-12,4989,47000,772900,16.55,16.6,16.25,16.35,-0.4,31,835
2020-10-13,4989,68120,1106082,16.4,16.4,16.0,16.3,-0.05,37,794
2020-10-14,4989,89000,1442250,16.3,16.4,15.9,16.2,-0.1,58,772
2020-10-15,4989,83120,1345248,16.2,16.35,16.1,16.15,-0.05,38,776
2020-10-16,4989,79000,1274800,16.1,16.2,16.1,16.1,-0.05,45,783
2020-10-19,4989,69000,1117250,16.1,16.3,16.0,16.3,0.2,45,817
2020-10-20,4989,43000,698200,16.3,16.3,16.1,16.3,0.0,23,816
2020-10-21,4989,59000,962450,16.5,16.55,16.2,16.3,0.0,43,815
2020-10-22,4989,82000,1319250,16.1,16.2,16.0,16.05,-0.25,64,755
2020-10-23,4989,117068,1914850,16.05,16.5,16.05,16.35,0.3,74,699
2020-10-26,4989,296000,5000600,16.5,17.2,16.5,17.0,0.65,166,607
2020-10-27,4989,126000,2169700,17.35,17.45,17.05,17.05,0.05,92,706
2020-10-28,4989,83183,1410252,17.0,17.25,16.7,16.95,-0.1,49,780
2020-10-29,4989,63000,1062900,16.6,17.1,16.55,16.85,-0.1,36,795
2020-10-30,4989,63057,1061640,17.0,17.0,16.7,16.7,-0.15,38,796
2020-11-02,4989,48140,802187,16.7,16.75,16.6,16.6,-0.1,29,821
2020-11-03,4989,58000,983450,17.0,17.1,16.65,16.7,0.1,45,792
2020-11-04,4989,36000,606150,17.0,17.0,16.7,16.85,0.15,32,836
2020-11-05,4989,39000,661000,16.7,17.1,16.7,16.9,0.05,31,814
2020-11-06,4989,53000,900650,17.2,17.2,16.8,16.8,-0.1,30,804
2020-11-09,4989,82001,1371466,16.85,17.0,16.5,16.6,-0.2,51,803
2020-11-10,4989,55001,922116,16.75,16.85,16.7,16.8,0.2,34,840
2020-11-11,4989,396055,6798323,16.9,17.4,16.75,17.4,0.6,149,662
2020-11-12,4989,1368000,24438550,17.3,18.3,17.25,18.15,0.75,522,456
2020-11-13,4989,166000,2983100,18.0,18.1,17.85,17.9,-0.25,101,699
2020-11-16,4989,454000,8392700,19.1,19.1,18.0,18.1,0.2,209,607
2020-11-17,4989,154000,2794250,18.5,18.5,18.0,18.15,0.05,70,759
2020-11-18,4989,95200,1722300,18.15,18.15,18.0,18.1,-0.05,54,805
2020-11-19,4989,157100,2828000,18.0,18.2,17.95,18.0,-0.1,58,724
2020-11-20,4989,98000,1749500,18.0,18.0,17.8,17.85,-0.15,50,786
2020-11-23,4989,521187,9631215,17.85,18.85,17.85,18.8,0.95,231,627
2020-11-24,4989,3466297,70363372,19.1,20.65,18.95,20.35,1.55,1269,343
2020-11-25,4989,2123356,42920013,20.05,20.9,19.65,20.5,0.15,985,420
2020-11-26,4989,1273116,25843221,20.8,20.9,19.8,20.1,-0.4,617,470
2020-11-27,4989,781288,15973971,20.1,20.8,20.1,20.3,0.2,349,553
2020-11-30,4989,1059056,22021953,20.55,21.25,20.4,20.6,0.3,421,565
2020-12-01,4989,681790,14400140,20.7,21.45,20.7,21.1,0.5,306,576
2020-12-02,4989,343799,7176698,21.1,21.2,20.7,20.75,-0.35,183,677
2020-12-03,4989,324000,6638500,20.65,20.7,20.3,20.4,-0.35,191,687
2020-12-04,4989,796288,16407282,20.4,21.15,20.2,20.7,0.3,215,553
2020-12-07,4989,261400,5425580,21.15,21.15,20.5,20.6,-0.1,126,721
2020-12-08,4989,1665060,35100930,20.6,21.4,20.3,20.6,0.0,316,445
2020-12-09,4989,128489,2637873,20.85,20.85,20.4,20.5,-0.1,85,797
2020-12-10,4989,303101,6081694,20.5,20.5,19.7,19.85,-0.65,162,695
2020-12-11,4989,329199,6445395,19.9,19.9,19.2,19.25,-0.6,131,695
2020-12-14,4989,202200,3873260,19.25,19.5,18.9,19.3,0.05,94,712
2020-12-15,4989,184710,3488904,19.7,19.7,18.7,18.8,-0.5,106,752
2020-12-16,4989,161000,3100000,18.95,19.55,18.9,19.35,0.55,109,788
2020-12-17,4989,318020,6283742,19.65,20.0,19.45,19.75,0.4,126,648
2020-12-18,4989,175000,3479750,19.6,20.0,19.6,19.9,0.15,94,739
2020-12-21,4989,2194179,47526808,20.0,21.85,20.0,21.85,1.95,707,422
2020-12-22,4989,2150253,46866061,22.05,22.45,21.25,21.95,0.1,880,442
2020-12-23,4989,6482307,154360405,22.0,24.1,22.0,24.0,2.05,2373,222
2020-12-24,4989,8159306,201903078,24.4,26.0,23.35,24.4,0.4,3858,188
2020-12-25,4989,2449768,59411165,24.4,25.0,23.7,24.15,-0.25,1302,347
2020-12-28,4989,4373247,109532061,24.0,26.0,23.5,25.4,1.25,2016,288
2020-12-29,4989,2470454,62069579,25.7,26.0,24.3,24.85,-0.55,1240,379
2020-12-30,4989,13223112,334063944,25.1,25.6,24.05,24.55,-0.3,2041,130
2020-12-31,4989,1578229,38522064,25.0,25.0,23.8,24.5,-0.05,736,442
2021-01-04,4989,742294,17886598,24.3,24.4,23.9,24.15,-0.35,397,589
2021-01-05,4989,1190268,29238787,24.05,25.15,24.05,24.65,0.5,638,503
2021-01-06,4989,1144706,27559269,24.9,25.15,23.05,23.85,-0.8,597,562
2021-01-07,4989,526399,12347124,23.75,24.0,23.15,23.6,-0.25,339,603
2021-01-08,4989,845250,19435618,23.35,23.55,22.6,22.95,-0.65,455,553
2021-01-11,4989,505208,11681094,23.0,23.45,22.95,23.0,0.05,252,641
2021-01-12,4989,484200,10819469,23.05,23.05,21.9,22.1,-0.9,308,658
2021-01-13,4989,479000,10746250,21.9,22.95,21.9,22.5,0.4,317,628
2021-01-14,4989,1098758,25130672,23.2,23.4,22.3,23.05,0.55,611,474
2021-01-15,4989,672799,15075743,22.9,23.05,22.0,22.1,-0.95,393,603
2021-01-18,4989,533389,11599518,22.0,22.4,20.7,22.3,0.2,312,595
2021-01-19,4989,764176,17536718,22.8,23.3,22.45,22.95,0.65,449,510
2021-01-20,4989,613694,13733440,22.95,23.15,21.75,21.75,-1.2,337,647
2021-01-21,4989,472000,10444750,21.9,22.75,21.8,21.95,0.2,247,608
2021-01-22,4989,994025,22497875,22.35,23.4,21.4,23.0,1.05,472,476
2021-01-25,4989,823139,19006166,23.0,23.6,22.5,23.0,0.0,430,501
2021-01-26,4989,1939369,45618299,23.0,24.15,22.85,23.55,0.55,949,360
2021-01-27,4989,1118050,25851680,23.45,23.65,22.6,23.25,-0.3,573,418
2021-01-28,4989,476803,10907344,23.0,23.1,22.6,22.8,-0.45,216,543
2021-01-29,4989,502000,11521950,23.0,23.4,22.65,22.65,-0.15,262,580
2021-02-01,4989,568081,12979726,22.25,23.4,22.0,22.9,0.25,248,519
2021-02-02,4989,332198,7602871,23.0,23.2,22.7,22.85,-0.05,197,582
2021-02-03,4989,368100,8370730,23.2,23.2,22.55,22.6,-0.25,185,542
2021-02-04,4989,512300,11566370,22.6,23.0,22.05,22.5,-0.1,207,495
2021-02-05,4989,2030930,48192573,22.5,24.35,22.5,23.55,1.05,1159,317
2021-02-17,4989,3599651,89673518,24.35,25.45,24.25,25.25,1.7,1540,314
2021-02-18,4989,1388005,34759271,25.25,25.25,24.75,25.2,-0.05,588,444
2021-02-19,4989,3710734,95873591,25.15,26.35,25.1,26.05,0.85,1788,319
2021-02-22,4989,1808174,47373262,26.0,26.7,25.8,26.1,0.05,957,446
2021-02-23,4989,1610196,42553103,26.1,27.1,25.8,26.25,0.15,876,455
2021-02-24,4989,1400100,36022559,26.15,26.45,25.2,25.45,-0.8,787,486
2021-02-25,4989,749402,19202339,25.95,26.1,25.3,25.45,0.0,352,544
2021-02-26,4989,763152,19260782,25.2,25.85,25.0,25.05,-0.4,361,545
2021-03-02,4989,704618,17603953,25.15,25.55,24.6,24.6,-0.45,265,551
2021-03-03,4989,590853,14858655,24.6,25.6,24.45,25.6,1.0,310,575
2021-03-04,4989,262105,6604767,25.5,25.55,25.0,25.25,-0.35,177,681
2021-03-05,4989,8175563,208952720,24.8,26.1,24.45,24.8,-0.45,1340,181
2021-03-08,4989,1100258,27875750,24.6,25.9,24.6,25.35,0.55,478,473
2021-03-09,4989,344050,8575125,25.5,25.5,24.6,24.9,-0.45,238,657
2021-03-10,4989,308000,7711150,25.05,25.35,24.85,25.0,0.1,139,651
2021-03-11,4989,557513,14149561,25.5,25.65,25.1,25.55,0.55,312,599
2021-03-12,4989,704342,18169742,25.8,26.5,25.4,25.55,0.0,344,544
2021-03-15,4989,1152432,29906776,25.65,26.15,25.65,25.9,0.35,441,482
2021-03-16,4989,840088,21753988,26.1,26.3,25.7,25.8,-0.1,341,539
2021-03-17,4989,4947396,138100621,25.8,28.35,25.65,28.35,2.55,1649,277
2021-03-18,4989,8616157,252426066,29.75,30.45,28.2,28.8,0.45,4090,201
2021-03-19,4989,6519252,201944479,28.5,31.65,28.5,31.65,2.85,2046,253
2021-03-22,4989,11389066,387088030,32.0,34.8,32.0,34.0,2.35,5327,147
2021-03-23,4989,9863971,339722834,35.0,35.55,33.25,34.8,0.8,5115,163
2021-03-24,4989,10596511,381059558,35.0,37.95,33.9,36.8,2.0,5209,138
2021-03-25,4989,6670891,238269225,36.8,37.25,34.65,36.0,-0.8,3610,202
2021-03-26,4989,6164759,225821922,36.25,37.8,35.6,36.5,0.5,3018,193
2021-03-29,4989,7876869,302833023,37.8,39.6,37.05,37.4,0.9,4077,175
2021-03-30,4989,3446878,130304357,37.4,38.45,37.2,38.3,0.9,1731,294
2021-03-31,4989,9927653,402193239,38.75,41.6,38.45,41.0,2.7,4891,156
2021-04-01,4989,8211493,340255418,41.0,42.85,40.2,41.4,0.4,4014,171
2021-04-06,4989,5338432,226992958,41.7,43.45,41.65,42.15,0.75,2529,238
2021-04-07,4989,4438946,181553394,42.15,42.4,40.05,40.75,-1.4,2361,284
2021-04-08,4989,4581469,184214976,40.5,41.75,39.3,39.4,-1.35,2409,310
2021-04-09,4989,3767912,151253502,41.1,41.1,39.2,39.8,0.4,1669,353
2021-04-12,4989,3846381,157711248,41.1,42.0,40.05,41.05,1.25,1796,373
2021-04-13,4989,2888809,115840355,40.65,41.0,39.0,39.05,-2.0,1389,412
2021-04-14,4989,3090107,120120213,39.35,40.3,36.9,39.95,0.9,1543,397
2021-04-15,4989,3284584,133836549,39.9,41.15,39.8,41.1,1.15,1334,315
2021-04-16,4989,12169242,529817003,42.2,45.0,41.5,44.95,3.85,5794,141
2021-04-19,4989,8050091,373599396,47.4,48.65,44.5,45.7,0.75,4247,213
2021-04-20,4989,3849753,178264567,46.1,47.3,45.3,46.3,0.6,2042,314
2021-04-21,4989,9105993,444547850,47.1,50.4,46.5,49.0,2.7,4781,184
2021-04-22,4989,12302880,619228212,50.1,52.7,46.5,47.45,-1.55,6680,183
2021-04-23,4989,4267760,204565675,48.4,49.6,47.0,47.1,-0.35,2585,261
2021-04-26,4989,5269143,239818019,47.4,47.7,44.85,45.2,-1.9,3063,259
2021-04-27,4989,3643988,167345359,45.65,46.9,45.0,45.5,0.3,2046,304
2021-04-28,4989,3425224,154472572,45.6,46.2,44.2,45.3,-0.2,1895,335
2021-04-29,4989,2319717,104541034,45.6,46.0,44.1,44.9,-0.4,1255,406
2021-05-03,4989,5185904,214377718,44.9,44.9,40.45,40.45,-4.45,2495,299
2021-05-04,4989,4962405,186591933,39.05,40.25,36.45,37.3,-3.15,2311,356
2021-05-05,4989,3382307,131722336,37.5,40.0,37.15,38.3,1.0,1626,300
2021-05-06,4989,3245191,129973594,39.0,41.3,38.85,39.35,1.05,1815,315
2021-05-07,4989,2037517,79357192,39.9,40.95,37.7,39.8,0.45,1118,374
2021-05-10,4989,2880493,116902971,39.8,41.85,38.15,41.6,1.8,1456,345
2021-05-11,4989,3308024,131071776,40.4,42.2,37.45,38.7,-2.9,1812,397
2021-05-12,4989,2614196,94429732,39.15,39.45,34.85,35.3,-3.4,1198,481
2021-05-13,4989,1865113,64064883,33.25,36.35,31.85,35.05,-0.25,965,465
2021-05-14,4989,2347587,84203837,37.9,37.9,34.0,34.45,-0.6,997,386
2021-05-17,4989,2087960,66114637,31.05,33.75,31.05,31.05,-3.4,941,458
2021-05-18,4989,1576235,52537754,31.3,34.15,31.3,34.15,3.1,720,443
2021-05-19,4989,2560765,94616999,35.95,37.55,35.0,37.55,3.4,1188,318
2021-05-20,4989,2538840,93576925,37.55,38.75,35.6,35.9,-1.65,1385,300
2021-05-21,4989,1631311,60078276,37.0,37.75,36.0,37.05,1.15,806,358
2021-05-24,4989,1378224,51894566,36.6,38.5,36.0,37.55,0.5,734,371
2021-05-25,4989,2195360,84838874,38.5,39.7,37.35,38.15,0.6,1254,357
2021-05-26,4989,1319141,50763952,38.15,39.4,37.0,38.95,0.8,744,375
2021-05-27,4989,1165290,44840094,38.7,39.4,38.1,38.25,-0.7,588,391
2021-05-28,4989,2127713,83953134,38.0,40.3,38.0,39.4,1.15,1138,334
2021-05-31,4989,8558461,352214134,40.3,42.3,39.55,40.65,1.25,3524,161
2021-06-01,4989,3951522,160333597,41.35,41.65,39.6,40.0,-0.65,2295,241
2021-06-02,4989,2095589,82682269,40.0,40.2,39.2,39.55,-0.45,956,349
2021-06-03,4989,824019,32614508,39.75,39.95,39.15,39.5,-0.05,512,452
2021-06-04,4989,1013450,39154158,39.0,39.4,38.5,38.55,-0.95,629,434
2021-06-07,4989,1461502,55902024,39.0,39.3,37.0,38.5,-0.05,657,383
2021-06-08,4989,694575,26515402,38.55,38.8,37.75,38.5,0.0,403,432
2021-06-09,4989,1814930,71529776,38.15,40.2,38.15,40.0,1.5,987,323
2021-06-10,4989,11935579,515491709,41.0,44.0,40.85,44.0,4.0,5208,120
2021-06-11,4989,28219498,1251368058,44.0,46.5,42.3,46.35,2.35,13561,59
2021-06-15,4989,16979248,807723025,47.15,48.95,46.6,47.2,0.85,9620,81
2021-06-16,4989,10897505,514961056,46.95,47.9,46.0,47.1,-0.1,5633,135
2021-06-17,4989,5038754,238108557,47.1,48.4,46.55,46.8,-0.3,2931,202
2021-06-18,4989,9713095,459360079,47.3,49.5,45.1,45.3,-1.5,5493,177
2021-06-21,4989,5843445,251447125,44.35,45.0,41.5,42.8,-2.5,3072,218
2021-06-22,4989,2247871,98607455,44.1,44.85,43.05,43.45,0.65,1354,314
2021-06-23,4989,2065353,91034836,44.7,45.0,43.55,43.65,0.2,1256,336
2021-06-24,4989,1225476,53696853,44.1,44.75,43.35,43.5,-0.15,789,397
2021-06-25,4989,1794040,78459874,44.0,44.55,42.8,42.95,-0.55,1035,359
2021-06-28,4989,1852572,79876599,41.85,43.75,41.85,43.6,0.65,914,355
2021-06-29,4989,1298672,56075134,43.65,44.1,42.6,42.75,-0.85,808,407
2021-06-30,4989,3279150,145330853,43.0,45.45,42.75,44.35,1.6,1956,287
2021-07-01,4989,1733785,75752957,44.35,44.35,42.8,44.15,-0.2,950,388
2021-07-02,4989,1291562,57047100,44.0,44.75,43.6,44.5,0.35,796,405
2021-07-05,4989,5802262,269005916,45.75,47.4,45.3,46.35,1.85,3272,230
2021-07-06,4989,3455042,155052289,46.6,46.75,43.5,44.1,-2.25,1992,273
2021-07-07,4989,1445385,63624934,44.3,44.55,43.6,43.8,-0.3,888,400
2021-07-08,4989,2150278,96272143,44.2,45.65,43.7,45.4,1.6,1206,347
2021-07-09,4989,11159096,529152642,45.2,48.85,44.6,47.95,2.55,6175,146
2021-07-12,4989,17630616,927886698,52.6,52.7,51.2,52.7,4.75,5341,107
2021-07-13,4989,19782349,1122395640,55.0,57.9,55.0,57.9,5.2,7513,106
2021-07-14,4989,24654105,1341695180,59.9,59.9,52.2,52.9,-5.0,13892,65
2021-07-15,4989,16062353,882157683,54.0,57.5,52.5,54.2,1.3,9425,90
2021-07-16,4989,12713669,686904628,53.4,56.8,51.2,52.0,-2.2,8012,112
2021-07-19,4989,4675694,246421328,52.0,53.8,51.5,52.8,0.8,2950,235
2021-07-20,4989,6378759,337822530,51.5,54.7,51.4,52.1,-0.7,4220,194
2021-07-21,4989,17872956,983945399,53.4,57.3,52.3,57.3,5.2,9877,86
2021-07-22,4989,18902309,1054012407,58.6,58.8,52.3,54.0,-3.3,10577,81
2021-07-23,4989,6932197,367218886,52.9,54.4,51.3,52.9,-1.1,3842,185
2021-07-26,4989,4155464,220210926,53.3,53.9,52.0,52.7,-0.2,2007,242
2021-07-27,4989,15234846,849538229,56.1,57.9,52.2,52.2,-0.5,7895,91
2021-07-28,4989,6446538,317106354,52.6,53.5,47.0,48.35,-3.85,3893,205
2021-07-29,4989,2812916,139807804,49.85,50.6,49.05,49.55,1.2,1829,263
2021-07-30,4989,1923624,95251272,49.1,50.6,48.15,48.25,-1.3,1332,313
2021-08-02,4989,2019871,99868896,48.5,50.4,48.0,50.1,1.85,1287,301
2021-08-03,4989,2510467,127442089,49.8,52.0,49.6,50.9,0.8,1482,252
2021-08-04,4989,1777543,90169027,51.2,51.8,50.0,50.0,-0.9,1091,303
2021-08-05,4989,2641665,131154810,50.4,50.8,48.4,49.6,-0.4,1457,276
2021-08-06,4989,3509536,172789545,49.8,50.4,48.25,49.6,0.0,1917,247
2021-08-09,4989,4165933,205032745,49.9,50.5,47.7,49.0,-0.6,1828,224
2021-08-10,4989,1872162,91119113,48.55,49.4,48.3,49.05,0.05,1199,312
2021-08-11,4989,2721318,128724054,48.65,49.15,45.6,46.8,-2.25,1408,281
2021-08-12,4989,3767865,184603085,48.6,49.9,47.6,49.4,2.6,1995,206
2021-08-13,4989,1954087,95767675,49.25,49.8,48.15,48.2,-1.2,1262,302
2021-08-16,4989,4988839,220856146,46.25,47.3,43.4,43.4,-4.8,2391,209
2021-08-17,4989,5389711,226745496,43.35,43.6,40.15,41.3,-2.1,2460,189
2021-08-18,4989,2446594,102751438,41.9,43.0,40.75,42.95,1.65,1278,293
2021-08-19,4989,1588965,65649919,42.25,42.5,40.25,40.3,-2.65,879,342
2021-08-20,4989,1494558,60770379,40.8,41.8,39.3,41.1,0.8,822,323
2021-08-23,4989,2167407,93147631,41.6,43.95,41.6,43.65,2.55,982,267
2021-08-24,4989,1394545,59693605,43.95,44.0,42.1,42.2,-1.45,754,310
2021-08-25,4989,1999440,87955548,42.25,44.9,42.25,44.5,2.3,1099,276
2021-08-26,4989,2696789,119135071,45.2,45.25,43.25,44.5,0.0,1562,252
2021-08-27,4989,2082324,92075055,44.05,45.2,43.55,43.55,-0.95,1071,260
2021-08-30,4989,1200966,53126009,44.4,44.8,43.7,43.75,0.2,749,314
2021-08-31,4989,711420,31308363,43.95,44.45,43.45,43.8,0.05,492,401
2021-09-01,4989,1147874,51099341,44.0,44.9,44.0,44.55,0.75,766,358
2021-09-02,4989,1025679,45351269,44.8,44.9,43.65,43.65,-0.9,715,361
2021-09-03,4989,844724,37164357,43.95,44.8,43.55,43.55,-0.1,586,381
2021-09-06,4989,2040244,88186652,43.9,43.9,40.8,43.45,-0.1,879,279
2021-09-07,4989,1029025,44534745,43.5,44.2,42.35,43.45,0.0,576,353
2021-09-08,4989,972847,41359454,43.4,43.6,41.6,42.4,-1.05,508,372
2021-09-09,4989,16221309,744666968,43.6,46.6,43.2,46.6,4.2,3670,61
2021-09-10,4989,7965949,355281524,45.0,45.2,44.15,44.3,-2.3,4538,116
2021-09-13,4989,4300461,189620485,44.25,44.95,43.4,43.4,-0.9,1700,178
2021-09-14,4989,2468789,105306106,43.7,44.05,42.3,42.4,-1.0,1585,240
2021-09-15,4989,2593187,109910902,42.65,43.25,41.85,42.5,0.1,1101,246
2021-09-16,4989,3456221,151318018,42.6,44.75,42.25,44.0,1.5,1954,204
2021-09-17,4989,1335853,58011847,44.3,44.3,42.95,43.3,-0.7,981,313
2021-09-22,4989,1525985,63261129,40.5,42.45,40.5,41.5,-1.8,864,313
2021-09-23,4989,2305974,100180191,41.6,44.3,41.6,43.6,2.1,1379,241
2021-09-24,4989,6991712,319097511,45.05,47.0,44.65,46.65,3.05,4192,137
2021-09-27,4989,12746957,616609574,47.5,49.9,46.5,48.9,2.25,7558,85
2021-09-28,4989,14494811,719653379,49.4,51.0,48.5,49.0,0.1,8978,76
2021-09-29,4989,4468772,209808358,47.5,48.55,45.45,45.6,-3.4,3229,205
2021-09-30,4989,2572290,119297675,46.1,47.0,45.5,46.85,1.25,1875,253
2021-10-01,4989,3677647,162668503,46.15,46.15,42.75,42.9,-3.95,2525,239
2021-10-04,4989,2482532,103826428,43.5,43.6,40.85,40.85,-2.05,1445,275
2021-10-05,4989,1897404,78533971,40.45,42.85,39.25,42.75,1.9,1292,287
2021-10-06,4989,1234649,52189752,43.1,43.5,41.75,42.0,-0.75,873,312
2021-10-07,4989,2211960,95415383,42.7,43.65,42.45,42.8,0.8,1272,263
2021-10-08,4989,2020840,84379778,42.8,42.8,41.05,41.45,-1.35,1248,256
2021-10-12,4989,2458039,96733748,39.95,40.3,38.5,38.7,-2.75,1466,259
2021-10-13,4989,1503638,56858698,38.5,39.0,37.05,37.3,-1.4,1059,294
2021-10-14,4989,1101190,41836850,37.55,38.75,37.3,38.05,0.75,749,328
2021-10-15,4989,1883382,75188565,38.9,40.55,38.75,40.15,2.1,1270,263
2021-10-18,4989,1490102,60464477,40.85,41.8,39.75,40.5,0.35,1005,299
2021-10-19,4989,1132941,46228592,40.6,41.25,40.3,41.0,0.5,663,336
2021-10-20,4989,1123273,46308810,41.4,42.15,40.55,40.8,-0.2,774,333
2021-10-21,4989,1131089,46562081,40.7,41.9,40.3,40.5,-0.3,761,421
2021-10-22,4989,1099245,43843591,40.7,40.75,39.6,39.7,-0.8,709,342
2021-10-25,4989,709843,28509978,39.55,40.65,39.45,40.55,0.85,532,384
2021-10-26,4989,1420481,58243184,40.8,41.4,40.5,40.9,0.35,838,347
2021-10-27,4989,792528,32708653,40.85,41.65,40.6,41.5,0.6,481,388
2021-10-28,4989,721635,29630789,41.35,41.5,40.75,40.8,-0.7,496,402
2021-10-29,4989,1341830,56070481,41.25,42.5,40.85,42.0,1.2,828,344
2021-11-01,4989,3068398,132901933,42.25,44.5,41.85,43.5,1.5,1780,250
2021-11-02,4989,2154652,92446428,43.8,44.15,41.85,42.8,-0.7,1413,312
2021-11-03,4989,1374187,59058592,43.45,43.75,42.3,42.5,-0.3,850,338
2021-11-04,4989,850665,36144945,43.05,43.05,42.15,42.35,-0.15,830,393
2021-11-05,4989,769250,32412806,42.9,42.9,41.9,41.9,-0.45,614,397
2021-11-08,4989,1107728,46886899,42.45,42.9,41.8,42.15,0.25,793,382
2021-11-09,4989,7882276,350551010,42.9,45.9,42.6,44.6,2.45,4052,154
2021-11-10,4989,6282799,279103521,44.8,45.55,43.1,44.05,-0.55,3567,169
2021-11-11,4989,1349577,58580301,43.6,44.0,43.0,43.0,-1.05,879,368
2021-11-12,4989,1441810,61300777,43.4,43.4,42.0,42.0,-1.0,1002,348
2021-11-15,4989,3488337,152974948,42.3,45.0,42.3,43.5,1.5,1985,258
2021-11-16,4989,1991938,85528751,43.65,44.15,42.5,42.55,-0.95,1488,314
2021-11-17,4989,1103471,47131112,42.7,43.15,42.3,42.8,0.25,666,394
2021-11-29,4989,1851363,87168026,46.9,48.1,46.0,46.7,0.0,3105,316
2021-11-30,4989,3972065,190381991,47.4,49.25,46.95,48.8,2.1,2930,237
2021-12-01,4989,3282365,161815823,48.8,49.85,48.3,49.35,0.55,3289,220
2021-12-02,4989,4812095,240730713,49.4,51.5,48.8,48.8,0.0,4826,187
2021-12-03,4989,3124847,157220722,49.8,51.5,49.35,49.6,0.8,2895,219
2021-12-06,4989,1622409,79438085,48.95,49.95,48.25,48.25,-1.35,4142,283
2021-12-07,4989,1489042,71322741,48.6,48.8,47.5,47.5,-0.75,2930,338
2021-12-08,4989,1186873,56395054,48.1,48.35,46.95,47.35,-0.15,1748,357
2021-12-09,4989,843689,40227663,47.7,48.3,47.0,47.1,-0.25,1419,392
2021-12-10,4989,817393,37862732,46.8,46.85,46.0,46.0,-1.1,1780,388
2021-12-13,4989,809384,36832586,46.0,46.15,45.15,45.15,-0.85,2335,419
2021-12-14,4989,883210,39042465,45.0,45.05,43.6,43.7,-1.45,1791,426
2021-12-15,4989,912212,39787935,43.9,44.3,43.1,43.9,0.2,1310,362
2021-12-16,4989,1109277,48793581,44.05,44.55,43.7,44.45,0.55,834,363
2021-12-17,4989,751872,32724803,44.05,44.2,43.05,43.15,-1.3,1983,438
2021-12-20,4989,639058,27193688,43.15,43.35,42.05,42.15,-1.0,1699,426
2021-12-21,4989,448864,19213780,42.25,43.3,42.25,42.9,0.75,511,449
2021-12-22,4989,608695,26648373,43.1,44.05,43.1,44.0,1.1,617,410
2021-12-23,4989,3351917,155781120,45.25,48.0,45.25,46.85,2.85,2743,227
2021-12-24,4989,1252086,58166782,47.0,47.0,46.1,46.3,-0.55,1186,339
2021-12-27,4989,1139876,53338490,46.65,47.15,46.45,46.9,0.6,3922,366
2021-12-28,4989,587260,27441994,47.15,47.35,46.4,46.4,-0.5,722,455
2021-12-29,4989,359280,16642354,46.2,46.6,46.2,46.25,-0.15,337,528
2021-12-30,4989,475079,21873888,46.1,46.6,45.85,46.0,-0.25,456,477
2022-01-03,4989,498246,22623538,46.1,46.1,45.1,45.25,-0.75,885,484
2022-01-04,4989,442297,19828173,45.25,45.55,44.35,44.45,-0.8,2885,495
2022-01-05,4989,322332,14373646,44.55,45.5,44.2,44.3,-0.15,376,548
2022-01-06,4989,439021,19299603,44.15,44.3,43.75,43.75,-0.55,455,488
2022-01-07,4989,733777,31434417,43.85,44.0,42.4,42.55,-1.2,1331,466
2022-01-10,4989,306216,12985837,42.0,43.0,41.9,42.5,-0.05,438,543
2022-01-11,4989,487236,20484468,42.5,42.7,41.65,41.75,-0.75,958,526
2022-01-12,4989,748206,31411966,41.6,43.05,41.25,43.05,1.3,782,433
2022-01-13,4989,1236366,54406573,43.55,44.6,43.2,43.8,0.75,979,345
2022-01-14,4989,621749,26903935,43.5,44.35,42.3,44.3,0.5,735,467
2022-01-17,4989,591957,26436501,44.9,44.9,44.35,44.35,0.05,508,407
2022-01-18,4989,528020,23505937,44.3,45.0,44.1,44.1,-0.25,727,429
2022-01-19,4989,605316,26536614,43.6,44.45,43.35,43.35,-0.75,489,402
2022-01-20,4989,303147,13230254,44.0,44.0,43.1,43.6,0.25,271,491
2022-01-21,4989,387618,16567938,42.85,43.7,42.1,42.15,-1.45,456,524
2022-01-24,4989,260981,10936526,42.1,42.65,41.2,42.25,0.1,315,570
2022-01-25,4989,324935,13523648,41.6,42.0,41.4,41.45,-0.8,624,546
2022-01-26,4989,403634,16997883,41.65,42.4,41.65,42.15,0.7,295,459
2022-02-07,4989,235452,10058647,42.1,43.3,42.0,43.3,1.15,188,561
2022-02-08,4989,393905,17321818,43.5,44.35,43.45,44.1,0.8,417,476
2022-02-09,4989,277312,12236408,44.55,44.55,43.8,44.1,0.0,307,545
2022-02-10,4989,305954,13614168,44.1,44.8,44.1,44.7,0.6,303,516
2022-02-11,4989,435234,19573036,44.65,45.3,44.1,45.0,0.3,458,462
2022-02-14,4989,329470,14437132,45.0,45.0,43.4,43.6,-1.4,600,515
2022-02-15,4989,242917,10654828,43.65,44.2,43.6,43.6,0.0,405,544
2022-02-16,4989,207333,9169576,44.15,44.4,44.0,44.25,0.65,261,563
2022-02-17,4989,240644,10674420,44.25,44.7,44.0,44.0,-0.25,276,557
2022-02-18,4989,153738,6746064,44.0,44.3,43.65,43.8,-0.2,375,612
2022-02-21,4989,169873,7460634,43.8,44.25,43.6,43.9,0.1,347,601
2022-02-22,4989,356309,15206565,43.6,43.65,42.3,42.5,-1.4,713,538
2022-02-23,4989,189140,8177885,42.95,43.85,42.85,43.0,0.5,262,557
2022-02-24,4989,548608,22986218,42.35,42.5,41.4,41.6,-1.4,1010,532
2022-02-25,4989,216341,9104093,42.5,42.55,41.85,42.0,0.4,329,587
2022-03-01,4989,213300,9035823,42.0,42.7,42.0,42.5,0.5,200,572
2022-03-02,4989,155399,6631159,42.9,43.05,42.3,42.7,0.2,313,600
2022-03-03,4989,434833,18364870,42.7,43.05,41.85,42.15,-0.55,469,475
2022-03-04,4989,222939,9406217,41.85,42.6,41.85,42.1,-0.05,219,569
2022-03-07,4989,517620,21034023,42.15,42.35,40.2,40.55,-1.55,688,540
2022-03-08,4989,492081,19683675,39.7,40.5,39.6,39.6,-0.95,789,534
2022-03-09,4989,212165,8458186,39.65,40.3,39.6,39.95,0.35,474,586
2022-03-10,4989,305854,12407929,40.35,40.85,40.05,40.4,0.45,264,539
2022-03-11,4989,404046,16231328,40.1,40.75,39.75,39.9,-0.5,538,468
2022-03-14,4989,223669,8892318,39.9,40.0,39.55,39.7,-0.2,321,547
2022-03-15,4989,342021,13292170,39.6,39.6,38.5,38.65,-1.05,281,532
2022-03-16,4989,280561,10760722,39.0,39.0,38.1,38.3,-0.35,254,561
2022-03-17,4989,237768,9319189,39.0,39.6,38.65,39.35,1.05,214,598
2022-03-18,4989,224470,8858390,39.45,39.7,39.25,39.55,0.2,149,571
2022-03-21,4989,605997,24923489,42.8,42.8,40.5,40.65,1.1,402,440
2022-03-22,4989,304520,12458651,41.1,41.3,40.5,41.0,0.35,192,517
2022-03-23,4989,481820,19906313,41.3,41.8,40.85,41.8,0.8,279,484
2022-03-24,4989,278578,11560700,41.5,41.8,41.3,41.3,-0.5,237,536
2022-03-25,4989,184323,7621439,41.5,41.7,41.05,41.6,0.3,166,606
2022-03-28,4989,170829,7004441,41.35,41.6,40.5,41.6,0.0,158,617
2022-03-29,4989,121958,5022239,41.6,41.6,40.85,40.85,-0.75,101,647
2022-03-30,4989,427190,17632604,41.0,41.75,40.65,41.75,0.9,252,502
2022-03-31,4989,98935,4076711,41.35,41.4,41.0,41.0,-0.75,101,683
2022-04-01,4989,139898,5688129,40.85,40.85,40.6,40.6,-0.4,128,639
2022-04-06,4989,89952,3613156,40.45,40.5,40.0,40.25,-0.35,97,706
2022-04-07,4989,213206,8434742,39.9,40.15,39.15,39.45,-0.8,392,654
2022-04-08,4989,115452,4562903,39.6,39.8,39.35,39.4,-0.05,190,685
2022-04-11,4989,179663,7052310,39.85,39.9,39.05,39.15,-0.25,183,673
2022-04-12,4989,192040,7440951,39.2,39.3,38.45,38.9,-0.25,245,618
2022-04-13,4989,145752,5728832,39.05,39.65,39.0,39.3,0.4,141,645
2022-04-14,4989,147344,5762107,39.15,39.35,39.0,39.15,-0.15,136,633
2022-04-15,4989,190714,7402323,39.4,39.4,38.5,39.2,0.05,174,603
2022-04-18,4989,211919,8232902,39.15,39.35,38.4,39.35,0.15,181,598
2022-04-19,4989,209074,8252073,39.45,39.8,39.0,39.8,0.45,145,559
2022-04-20,4989,143015,5716424,40.8,40.8,39.75,39.8,0.0,128,640
2022-04-21,4989,178067,7024313,39.7,39.8,39.2,39.2,-0.6,151,600
2022-04-22,4989,229070,8897732,38.8,39.25,38.6,38.85,-0.35,181,576
2022-04-25,4989,430633,16051652,37.05,38.0,36.85,37.75,-1.1,395,562
2022-04-26,4989,325137,12082447,37.8,37.85,36.95,37.0,-0.75,277,522
2022-04-27,4989,408424,14408172,35.8,35.85,34.7,35.3,-1.7,528,570
2022-04-28,4989,319158,11158138,35.5,35.6,34.6,34.85,-0.45,250,510
2022-04-29,4989,342356,11968246,35.05,35.5,34.7,34.85,0.0,369,499
2022-05-03,4989,201275,6996533,34.85,35.25,34.2,35.0,0.15,156,564
2022-05-04,4989,110856,3918550,35.15,35.75,35.1,35.25,0.25,88,636
2022-05-05,4989,214470,7722029,35.7,36.3,35.6,35.9,0.65,155,563
2022-05-06,4989,114472,4016552,35.05,35.35,34.95,35.25,-0.65,109,677
2022-05-09,4989,268791,9162128,35.3,35.3,33.75,33.75,-1.5,359,602
2022-05-10,4989,287891,9608141,33.0,34.0,32.75,33.8,0.05,179,558
2022-05-11,4989,135646,4500890,33.5,33.5,32.8,33.15,-0.65,127,664
2022-05-12,4989,403092,12927742,32.5,32.9,30.65,32.5,-0.65,375,559
2022-05-13,4989,252411,8250344,32.1,33.25,32.0,33.0,0.5,227,579
2022-05-16,4989,176753,5865481,33.15,33.7,32.65,32.85,-0.15,221,629
2022-05-17,4989,264333,8715184,32.15,33.45,32.15,33.45,0.6,192,560
2022-05-18,4989,204481,6974832,33.4,34.5,33.4,34.15,0.7,180,616
2022-05-19,4989,105996,3566258,33.7,33.95,33.25,33.8,-0.35,110,672
2022-05-20,4989,82401,2792696,33.8,34.3,33.5,33.75,-0.05,92,697
2022-05-23,4989,42031,1425211,33.75,34.1,33.75,33.85,0.1,47,791
2022-05-24,4989,69897,2344763,33.85,33.9,33.05,33.2,-0.65,99,715
2022-05-25,4989,63410,2115400,33.5,33.5,33.15,33.35,0.15,56,733
2022-05-26,4989,92626,3087888,33.3,33.7,33.0,33.0,-0.35,100,681
2022-05-27,4989,99516,3322064,33.05,33.5,33.05,33.3,0.3,128,661
2022-05-30,4989,240116,8180296,33.4,34.2,33.4,34.05,0.75,175,581
2022-05-31,4989,107845,3691112,34.2,34.5,34.05,34.15,0.1,98,662
2022-06-01,4989,126678,4365429,34.75,34.75,34.2,34.45,0.3,106,677
2022-06-02,4989,47380,1626568,34.75,34.75,34.2,34.25,-0.2,44,781
2022-06-06,4989,52200,1778524,34.15,34.2,33.95,34.1,-0.15,44,782
2022-06-07,4989,75214,2562448,34.1,34.2,33.85,34.05,-0.05,60,728
2022-06-08,4989,78336,2665861,34.1,34.2,33.8,33.8,-0.25,79,728
2022-06-09,4989,65642,2216173,33.75,34.1,33.6,33.75,-0.05,60,741
2022-06-10,4989,55803,1874129,33.75,33.75,33.35,33.4,-0.35,207,772
2022-06-13,4989,112185,3652551,33.0,33.0,32.25,32.55,-0.85,130,755
2022-06-14,4989,188595,5967152,32.75,32.75,31.2,31.65,-0.9,254,646
2022-06-15,4989,125224,4014067,31.7,32.55,31.7,31.85,0.2,160,693
2022-06-16,4989,170922,5420350,32.1,32.2,31.0,31.0,-0.85,186,669
2022-06-17,4989,160431,4854042,30.35,30.65,30.05,30.15,-0.85,302,676
2022-06-20,4989,498321,14402841,29.45,30.25,28.0,28.0,-2.15,521,554
2022-06-21,4989,167910,4877953,27.9,29.45,27.9,29.4,1.4,127,683
2022-06-22,4989,145313,4169042,30.0,30.0,28.05,28.1,-1.3,195,701
2022-06-23,4989,165146,4681011,28.3,28.95,27.95,28.4,0.3,129,692
2022-06-24,4989,236710,6785862,28.95,29.35,28.2,28.2,-0.2,167,627
2022-06-27,4989,221420,6386996,28.5,29.15,28.35,28.5,0.3,156,644
2022-06-28,4989,226355,6449579,28.6,28.8,28.2,28.5,0.0,144,555
2022-06-29,4989,67650,1928414,28.5,28.6,28.4,28.55,0.05,54,740
2022-06-30,4989,191786,5279094,28.4,28.5,27.0,27.0,-1.55,191,681
2022-07-01,4989,340434,8733790,26.6,26.7,24.6,24.7,-2.3,406,652
2022-07-04,4989,188688,4713510,24.35,25.45,24.35,24.85,0.15,142,670
2022-07-05,4989,217300,5549151,25.15,26.3,25.15,25.55,0.7,162,636
2022-07-06,4989,204782,5087012,25.0,25.25,24.4,24.4,-1.15,166,652
2022-07-07,4989,240287,6017036,24.4,25.45,24.4,25.05,0.65,160,617
2022-07-08,4989,607639,15927823,25.3,26.75,25.3,26.4,1.35,375,462
2022-07-11,4989,111304,2938689,26.45,26.6,25.9,26.45,0.05,71,691
2022-07-12,4989,246341,6158357,26.0,26.2,24.55,24.55,-1.9,215,633
2022-07-13,4989,330000,8376918,25.25,25.7,25.1,25.25,0.7,175,549
2022-07-14,4989,187366,4740567,25.1,25.65,24.75,25.55,0.3,166,613
2022-07-15,4989,158550,4050897,25.55,25.85,25.3,25.55,0.0,155,641
2022-07-18,4989,362600,9454989,25.6,26.3,25.6,26.1,0.55,222,536
2022-07-19,4989,293053,7622618,26.1,26.25,25.9,25.95,-0.15,220,526
2022-07-20,4989,1613888,44970974,26.8,28.5,26.6,28.5,2.55,931,343
2022-07-21,4989,4270442,129072417,30.05,31.35,29.5,30.1,1.6,3078,216
2022-07-22,4989,1126019,32833662,29.95,29.95,28.6,29.0,-1.1,1330,362
2022-07-25,4989,512599,14952115,29.2,29.7,28.8,28.8,-0.2,371,426
2022-07-26,4989,478245,13458454,29.25,29.25,27.8,27.8,-1.0,611,449
2022-07-27,4989,509798,14371173,27.8,28.5,27.8,28.5,0.7,394,426
2022-07-28,4989,366550,9872701,27.5,27.5,26.6,26.75,0.0,401,486
2022-07-29,4989,154563,4139751,26.65,27.2,26.65,26.7,-0.05,124,637
2022-08-01,4989,235098,6429733,26.85,27.65,26.85,27.2,0.5,195,585
2022-08-02,4989,177003,4728923,26.85,27.1,26.5,26.95,-0.25,202,652
2022-08-03,4989,305373,8006016,26.25,26.7,26.0,26.0,-0.95,252,555
2022-08-04,4989,357948,9153455,26.0,26.2,25.05,25.9,-0.1,217,562
2022-08-05,4989,161618,4253151,26.0,26.45,26.0,26.35,0.45,108,656
2022-08-08,4989,175075,4549417,26.45,26.5,25.85,26.1,-0.25,127,631
2022-08-09,4989,124880,3251060,26.3,26.3,25.85,26.1,0.0,84,688
2022-08-10,4989,83592,2176870,25.8,26.1,25.8,26.1,0.0,87,765
2022-08-11,4989,276747,7167192,26.1,26.2,25.7,25.8,-0.3,215,633
2022-08-12,4989,357223,9306974,25.8,26.4,25.75,26.35,0.55,239,604
2022-08-15,4989,225166,6020388,26.4,26.95,26.4,26.95,0.6,161,681
2022-08-16,4989,195449,5240202,26.85,27.15,26.55,26.6,-0.35,135,666
2022-08-17,4989,184821,4962587,26.6,27.0,26.55,26.8,0.2,106,696
2022-08-18,4989,2956754,85137834,26.65,29.45,26.65,28.25,1.45,1422,259
2022-08-19,4989,694819,19554318,28.2,28.5,27.8,28.2,-0.05,461,474
2022-08-22,4989,2547033,75175372,27.6,30.3,27.4,29.4,1.2,1321,268
2022-08-23,4989,3614450,108784502,29.4,30.45,29.2,30.45,1.05,1197,211
2022-08-24,4989,2881295,87534324,30.5,30.65,29.95,29.95,-0.5,1661,245
2022-08-25,4989,745908,22330323,29.8,30.15,29.5,30.0,0.05,540,438
2022-08-26,4989,482902,14367752,29.9,30.0,29.55,29.8,-0.2,306,522
2022-08-29,4989,311315,8897705,28.0,28.9,27.95,28.65,-1.15,419,618
2022-08-30,4989,146348,4223673,28.45,29.1,28.45,29.0,0.35,120,664
2022-08-31,4989,249500,7195802,29.2,29.2,28.7,28.85,-0.15,189,605
2022-09-01,4989,319107,8992842,28.55,28.55,28.0,28.0,-0.85,397,608
2022-09-02,4989,135537,3822739,28.2,28.5,27.95,28.1,0.1,113,686
2022-09-05,4989,113314,3152690,28.35,28.4,27.6,27.6,-0.5,95,736
2022-09-06,4989,225475,6119193,27.9,27.9,26.5,26.8,-0.8,157,654
2022-09-07,4989,208401,5519554,26.5,26.7,26.1,26.6,-0.2,136,657
2022-09-08,4989,82370,2224778,26.85,27.2,26.7,27.1,0.5,74,740
2022-09-12,4989,72097,1984117,27.6,27.8,27.3,27.55,0.45,71,787
2022-09-13,4989,94184,2611981,27.95,27.95,27.5,27.55,0.0,81,733
2022-09-14,4989,196611,5297212,27.05,27.25,26.7,27.25,-0.3,99,650
2022-09-15,4989,104877,2861324,27.0,27.65,27.0,27.1,-0.15,119,733
2022-09-16,4989,151385,4040928,26.9,26.95,26.55,26.6,-0.5,131,682
2022-09-19,4989,166632,4351153,26.6,26.8,26.0,26.05,-0.55,126,678
2022-09-20,4989,145577,3770627,26.15,26.15,25.75,25.95,-0.1,84,652
2022-09-21,4989,102030,2636879,26.15,26.15,25.7,25.75,-0.2,77,744
2022-09-22,4989,138174,3514045,25.5,25.75,25.2,25.6,-0.15,109,714
2022-09-23,4989,112058,2834958,25.6,25.6,25.0,25.25,-0.35,83,744
2022-09-26,4989,305739,7331069,25.0,25.0,23.3,24.0,-1.25,208,690
2022-09-27,4989,154821,3727174,24.0,24.4,23.75,24.1,0.1,109,685
2022-09-28,4989,341653,8050951,24.1,24.5,22.2,22.45,-1.65,233,657
2022-09-29,4989,137031,3221254,22.8,24.4,22.7,23.5,1.05,117,712
2022-09-30,4989,116858,2769312,22.85,24.15,22.85,24.1,0.6,110,729
2022-10-03,4989,113700,2734799,24.3,24.5,23.6,23.95,-0.15,77,676
2022-10-04,4989,109905,2677185,24.3,24.5,24.15,24.5,0.55,80,711
2022-10-05,4989,121153,2984222,24.75,24.95,24.3,24.3,-0.2,104,721
2022-10-06,4989,71571,1731317,24.3,24.3,24.0,24.25,-0.05,72,734
2022-10-07,4989,65002,1571748,24.15,24.25,24.1,24.1,-0.15,39,752
2022-10-11,4989,192853,4434218,23.3,23.3,22.6,22.9,-1.2,174,704
2022-10-12,4989,113220,2598184,22.6,23.3,22.6,22.95,0.05,88,731
2022-10-13,4989,197245,4328172,23.2,23.2,21.2,21.65,-1.3,161,744
2022-10-14,4989,125264,2803717,22.4,22.65,22.1,22.3,0.65,87,727
2022-10-17,4989,59623,1310749,22.25,22.65,21.45,22.65,0.35,51,788
2022-10-18,4989,97050,2228786,22.95,23.2,22.8,23.0,0.35,102,719
2022-10-19,4989,91209,2114966,23.2,23.8,22.8,22.8,-0.2,97,740
2022-10-20,4989,101507,2251980,22.8,22.8,22.0,22.55,-0.25,85,731
2022-10-21,4989,55001,1230672,22.85,22.85,22.2,22.4,-0.15,36,767
2022-10-24,4989,157356,3651157,22.7,23.45,22.7,23.1,0.7,140,642
2022-10-25,4989,128319,2966287,23.4,23.4,22.85,23.0,-0.1,85,683
2022-10-26,4989,329317,7769120,23.25,24.1,23.1,23.2,0.2,251,502
2022-10-27,4989,264158,6348456,23.35,24.6,23.35,23.85,0.65,223,546
2022-10-28,4989,98417,2323626,23.85,23.95,23.35,23.4,-0.45,78,660
2022-10-31,4989,187756,4563529,23.7,24.7,23.7,24.25,0.85,143,556
2022-11-01,4989,293361,7273042,24.4,25.5,24.25,24.8,0.55,279,504
2022-11-02,4989,1025170,26860828,25.0,26.9,24.85,25.7,0.9,684,326
2022-11-03,4989,696258,18303956,25.7,26.8,25.5,26.0,0.3,582,360
2022-11-04,4989,310170,7903786,25.75,26.0,25.2,25.75,-0.25,271,504
2022-11-07,4989,454197,11885706,25.8,26.5,25.8,25.85,0.1,324,490
2022-11-08,4989,212286,5436555,26.1,26.3,25.2,25.25,-0.6,240,632
2022-11-09,4989,150418,3825335,25.8,25.8,25.25,25.3,0.05,136,702
2022-11-10,4989,249432,6192309,25.3,25.3,24.65,24.9,-0.4,127,574
2022-11-11,4989,203170,5122733,25.75,25.75,24.95,25.15,0.25,134,698
2022-11-14,4989,345441,8931989,25.55,26.25,25.55,25.7,0.55,230,598
2022-11-15,4989,122198,3150222,25.95,25.95,25.55,25.8,0.1,141,738
2022-11-16,4989,151525,3906857,25.9,26.0,25.55,25.55,-0.25,126,718
2022-11-17,4989,234762,6107566,25.5,26.2,25.5,26.05,0.5,182,597
2022-11-18,4989,306304,8008755,26.1,26.7,25.6,25.9,-0.15,228,561
2022-11-21,4989,72721,1880733,25.8,26.1,25.65,25.8,-0.1,68,738
2022-11-22,4989,88830,2288314,25.55,25.95,25.55,25.7,-0.1,60,713
2022-11-23,4989,140514,3644893,26.25,26.25,25.7,26.0,0.3,108,656
2022-11-24,4989,98404,2564131,26.1,26.2,25.95,26.0,0.0,119,748
2022-11-25,4989,152650,3972634,26.1,26.55,25.55,25.7,-0.3,118,668
2022-11-28,4989,66522,1703224,25.7,25.8,25.3,25.7,0.0,88,771
2022-11-29,4989,69759,1786400,25.55,25.9,25.4,25.75,0.05,110,773
2022-11-30,4989,184400,4830109,25.75,26.35,25.75,26.3,0.55,118,695
2022-12-01,4989,2300445,64606973,26.65,28.75,26.65,28.4,2.1,1189,333
2022-12-02,4989,1221296,34420948,28.3,28.65,27.65,28.0,-0.4,808,386
2022-12-05,4989,127579,3549324,28.0,28.0,27.65,27.8,-0.2,172,741
2022-12-06,4989,290968,7917311,27.9,27.9,26.65,26.9,-0.9,362,612
2022-12-07,4989,234905,6164837,26.7,26.75,26.0,26.25,-0.65,240,641
2022-12-08,4989,75950,2011785,26.3,26.7,26.3,26.5,0.25,59,737
2022-12-09,4989,175207,4640262,26.8,26.85,26.1,26.35,-0.15,122,630
2022-12-12,4989,105500,2764219,26.35,26.35,25.75,26.2,-0.15,96,707
2022-12-13,4989,127803,3353084,26.65,26.65,25.9,26.05,-0.15,89,704
2022-12-14,4989,156634,4123080,26.5,26.7,26.2,26.25,0.2,85,677
2022-12-15,4989,257819,6884058,26.3,26.95,26.3,26.85,0.6,176,591
2022-12-16,4989,285492,7466619,26.2,26.55,26.0,26.35,-0.5,202,617
2022-12-19,4989,126356,3273948,26.2,26.2,25.8,25.8,-0.55,134,676
2022-12-20,4989,152216,3870255,25.8,26.2,25.0,25.15,-0.65,236,714
2022-12-21,4989,73559,1857256,25.15,25.6,25.05,25.1,-0.05,70,741
2022-12-22,4989,172392,4344264,25.3,25.55,25.1,25.1,0.0,153,602
2022-12-23,4989,132530,3279977,24.85,25.0,24.5,24.85,-0.25,147,638
2022-12-26,4989,24664,615279,25.5,25.5,24.9,24.95,0.1,36,852
2022-12-27,4989,72600,1810309,25.35,25.35,24.8,24.9,-0.05,61,721
2022-12-28,4989,75049,1864604,25.25,25.25,24.6,24.6,-0.3,59,763
2022-12-29,4989,75493,1837287,24.7,24.7,24.0,24.65,0.05,92,743
2022-12-30,4989,71932,1769667,25.2,25.2,24.4,24.85,0.2,168,724
2023-01-03,4989,177666,4367193,24.35,25.0,24.25,24.65,-0.2,175,591
2023-01-04,4989,194000,4847158,24.65,25.45,24.4,25.1,0.45,142,577
2023-01-05,4989,91493,2301929,25.4,25.4,25.0,25.0,-0.1,114,725
2023-01-06,4989,356473,9148373,25.3,26.0,25.3,25.9,0.9,289,463
2023-01-09,4989,1703699,46223171,26.8,27.55,26.15,27.55,1.65,883,308
2023-01-10,4989,3161159,86837638,26.85,28.1,26.6,27.9,0.35,1261,224
2023-01-11,4989,1883638,51127724,27.7,27.75,26.6,26.9,-1.0,1163,277
2023-01-12,4989,843475,22859693,27.0,27.6,26.5,26.5,-0.4,561,356
2023-01-13,4989,286288,7600824,26.6,26.95,26.25,26.65,0.15,365,518
2023-01-16,4989,242020,6467646,26.55,27.15,26.5,26.6,-0.05,181,536
2023-01-17,4989,199100,5280615,26.6,26.7,26.35,26.4,-0.2,193,568
2023-01-30,4989,516158,13933583,26.75,27.7,26.45,26.9,0.5,354,502
2023-01-31,4989,316075,8640644,27.05,27.6,27.0,27.35,0.45,258,569
2023-02-01,4989,666280,18542783,27.7,28.3,27.55,27.8,0.45,489,480
2023-02-02,4989,295306,8172451,28.0,28.0,27.5,27.6,-0.2,272,627
2023-02-03,4989,154246,4236012,27.6,27.6,27.35,27.45,-0.15,118,700
2023-02-06,4989,175314,4838314,27.4,27.85,27.4,27.65,0.2,144,654
2023-02-07,4989,158355,4321968,27.6,27.65,27.15,27.15,-0.5,179,676
2023-02-08,4989,220730,6064356,27.2,27.65,27.2,27.5,0.35,139,638
2023-02-09,4989,102353,2789718,27.5,27.6,26.75,27.35,-0.15,128,729
2023-02-10,4989,206781,5556098,27.35,27.35,26.65,26.95,-0.4,229,668
2023-02-13,4989,162898,4341307,27.1,27.1,26.5,26.6,-0.35,152,688
2023-02-14,4989,44533,1188546,26.6,26.8,26.6,26.75,0.15,46,838
2023-02-15,4989,125695,3347665,26.7,26.8,26.45,26.6,-0.15,83,733
2023-02-16,4989,198753,5343781,26.7,27.15,26.65,27.1,0.5,129,648
2023-02-17,4989,105548,2849991,27.15,27.2,26.85,27.0,-0.1,131,739
2023-02-20,4989,278398,7603538,27.2,27.5,27.1,27.4,0.4,165,660
2023-02-21,4989,142342,3894102,27.4,27.5,27.2,27.45,0.05,108,729
2023-02-22,4989,149010,4063679,27.4,27.5,27.1,27.25,-0.2,214,737
2023-02-23,4989,139221,3810755,27.25,27.5,27.25,27.4,0.15,107,775
2023-02-24,4989,205340,5567546,27.8,27.8,26.9,26.9,-0.5,269,721
2023-03-01,4989,105355,2805637,26.75,26.8,26.55,26.6,-0.3,259,782
2023-03-02,4989,55716,1484500,26.75,26.8,26.5,26.8,0.2,58,841
2023-03-03,4989,168263,4502895,27.0,27.0,26.65,26.8,0.0,98,730
2023-03-06,4989,153712,4162840,26.8,27.25,26.8,27.25,0.45,142,796
2023-03-07,4989,126900,3465493,27.1,27.45,27.1,27.35,0.1,100,800
2023-03-08,4989,135552,3689685,27.2,27.35,27.05,27.35,0.0,102,785
2023-03-09,4989,94610,2573651,27.35,27.4,27.1,27.2,-0.15,87,831
2023-03-10,4989,3115604,89835728,28.0,29.7,28.0,28.6,1.4,2265,330
2023-03-13,4989,887974,25094736,28.6,28.95,27.6,28.2,-0.4,569,504
2023-03-14,4989,3569182,107569022,28.2,31.0,28.1,29.9,1.7,2472,263
2023-03-15,4989,1485976,44413645,29.9,30.4,29.5,29.75,-0.15,1199,372
2023-03-16,4989,828866,23926534,29.3,29.4,28.4,28.45,-1.3,633,512
2023-03-17,4989,613683,17666803,28.5,29.4,28.5,28.65,0.2,365,502
2023-03-20,4989,514567,15138658,28.9,29.75,28.7,29.55,0.9,395,500
2023-03-21,4989,543490,16251163,29.65,30.2,29.65,29.85,0.3,430,512
2023-03-22,4989,845669,25792342,30.3,31.1,30.1,30.1,0.25,875,468
2023-03-23,4989,864179,26539966,30.5,31.3,30.35,30.4,0.3,754,461
2023-03-24,4989,543944,16359012,30.9,30.9,29.8,29.8,-0.6,363,544
2023-03-27,4989,689287,19885795,29.5,29.5,28.55,28.7,-1.1,549,505
2023-03-28,4989,430006,12254416,29.0,29.05,28.25,28.3,-0.4,402,581
2023-03-29,4989,287498,8175621,29.0,29.0,28.2,28.5,0.2,200,611
2023-03-30,4989,157312,4490455,28.85,28.85,28.35,28.55,0.05,119,696
2023-03-31,4989,170126,4882462,28.6,28.95,28.55,28.6,0.05,113,670
2023-04-06,4989,187707,5337762,28.9,28.9,28.2,28.35,-0.25,158,698
2023-04-07,4989,109833,3122636,28.65,28.65,28.35,28.45,0.1,98,765
2023-04-10,4989,134511,3847212,28.7,28.8,28.4,28.8,0.35,123,756
2023-04-11,4989,1298456,35352950,28.2,28.2,27.0,27.15,-1.65,1407,421
2023-04-12,4989,418002,11424437,27.15,27.65,26.85,27.55,0.4,327,618
2023-04-13,4989,161142,4391897,27.35,27.45,27.15,27.15,-0.4,153,767
2023-04-14,4989,108415,2963482,27.2,27.45,27.2,27.25,0.1,91,829
2023-04-17,4989,159035,4337072,27.1,27.35,27.1,27.3,0.05,191,792
2023-04-18,4989,106318,2907142,27.5,27.5,27.3,27.35,0.05,109,821
2023-04-19,4989,197838,5438573,27.5,27.6,27.4,27.5,0.15,153,747
2023-04-20,4989,321860,8713897,27.5,27.6,26.8,26.8,-0.7,227,675
2023-04-21,4989,227983,6065856,27.0,27.15,26.2,26.25,-0.55,176,746
2023-04-24,4989,52762,1389611,26.2,26.6,25.9,26.35,0.1,57,830
2023-04-25,4989,177897,4597684,26.35,26.4,25.5,25.6,-0.75,211,752
2023-04-26,4989,78158,1988148,25.3,25.65,25.3,25.65,0.05,73,813
2023-04-27,4989,75737,1943790,25.5,25.8,25.4,25.65,0.0,67,791
2023-04-28,4989,85602,2229013,26.1,26.2,25.9,26.05,0.4,174,792
2023-05-02,4989,147411,3879293,26.0,27.0,26.0,26.2,0.15,118,742
2023-05-03,4989,88451,2306748,26.2,26.2,25.95,26.1,-0.1,99,779
2023-05-04,4989,97335,2560909,26.3,26.45,26.15,26.2,0.1,118,779
2023-05-05,4989,71100,1876860,26.35,26.55,26.3,26.35,0.15,65,818
2023-05-08,4989,126867,3325054,26.4,26.4,26.1,26.2,-0.15,77,755
2023-05-09,4989,141660,3652668,26.0,26.1,25.7,25.75,-0.45,142,760
2023-05-10,4989,69002,1796116,25.9,26.2,25.9,26.05,0.3,47,816
2023-05-11,4989,88511,2269563,26.05,26.1,25.4,25.8,-0.25,96,849
2023-05-12,4989,36514,946027,25.8,25.95,25.8,25.95,0.15,50,878
2023-05-15,4989,66262,1700547,25.7,25.9,25.45,25.65,-0.3,58,842
2023-05-16,4989,116534,3018276,25.65,26.2,25.65,26.0,0.35,94,786
2023-05-17,4989,125807,3288827,25.95,26.4,25.95,26.05,0.05,108,825
2023-05-18,4989,72443,1891674,26.15,26.25,26.0,26.1,0.05,112,862
2023-05-19,4989,51494,1334876,25.9,26.15,25.85,25.95,-0.15,70,873
2023-05-22,4989,62113,1625615,25.95,26.3,25.95,26.25,0.3,59,845
2023-05-23,4989,190114,5080562,26.25,26.9,26.25,26.7,0.45,203,706
2023-05-24,4989,74075,1973443,26.6,26.7,26.6,26.7,0.0,53,845
2023-05-25,4989,64729,1715712,26.5,26.6,26.45,26.5,-0.2,94,841
2023-05-26,4989,75413,1995571,26.45,26.55,26.4,26.4,-0.1,65,840
2023-05-29,4989,52356,1386133,26.4,26.7,26.4,26.5,0.1,46,855
2023-05-30,4989,152743,3989092,26.45,26.45,26.0,26.15,-0.35,115,720
2023-05-31,4989,39814,1040827,26.1,26.2,26.1,26.15,0.0,44,877
2023-06-01,4989,50298,1315843,26.15,26.3,26.05,26.2,0.05,66,869
2023-06-02,4989,112645,2952853,26.4,26.4,26.05,26.15,-0.05,83,810
2023-06-05,4989,141798,3760155,26.5,26.7,26.35,26.65,0.5,131,800
2023-06-06,4989,344251,9346348,26.65,27.6,26.6,27.0,0.35,277,634
2023-06-07,4989,375916,10343084,27.0,27.8,27.0,27.55,0.55,243,635
2023-06-08,4989,188725,5129219,27.55,27.55,27.0,27.0,-0.55,290,730
2023-06-09,4989,92754,2529175,27.3,27.4,27.05,27.2,0.2,84,835
2023-06-12,4989,218404,6010200,27.6,27.8,27.3,27.4,0.2,163,739
2023-06-13,4989,129325,3542343,27.4,27.55,27.25,27.4,0.0,93,797
2023-06-14,4989,109152,2980740,27.4,27.5,27.25,27.3,-0.1,102,811
2023-06-15,4989,81706,2229251,27.25,27.55,27.15,27.5,0.2,89,850
2023-06-16,4989,91171,2487822,27.6,27.6,27.1,27.2,-0.3,92,849
2023-06-19,4989,76150,2057661,27.15,27.15,27.0,27.0,-0.2,60,842
2023-06-20,4989,83107,2261487,27.1,27.35,27.05,27.1,0.1,60,828
