date,stock_id,Trading_Volume,Trading_money,open,max,min,close,spread,Trading_turnover,Trading_money_rank
2021-10-25,5222,7546103,1295986905,160.0,185.0,157.0,181.0,0.0,5467,37
2021-10-26,5222,4754741,870831304,181.0,190.0,177.5,185.0,4.0,3741,78
2021-10-27,5222,3801996,703300400,182.0,191.5,177.0,190.0,5.0,3048,82
2021-10-28,5222,3279266,627089404,188.0,195.5,186.0,189.0,-1.0,2708,101
2021-10-29,5222,3664946,671434625,191.0,191.0,176.0,178.5,-10.5,3159,100
2021-11-01,5222,4332301,813060410,183.0,196.0,175.5,196.0,17.5,3093,88
2021-11-02,5222,8098916,1693503025,201.5,215.5,196.5,206.0,10.0,5446,47
2021-11-03,5222,4843885,955148838,198.0,207.5,187.5,207.5,1.5,3870,63
2021-11-04,5222,2845761,582970009,207.0,211.5,200.0,201.0,-6.5,2503,111
2021-11-05,5222,2299765,448683162,200.5,200.5,190.0,194.0,-7.0,2025,122
2021-11-08,5222,2780530,520880398,188.0,194.0,183.0,188.0,-6.0,2224,112
2021-11-09,5222,2236621,414234353,186.0,191.5,180.0,183.0,-5.0,1990,135
2021-11-10,5222,3963338,767897603,184.0,201.0,179.0,201.0,18.0,2965,92
2021-11-11,5222,5437192,1135218410,197.0,218.0,196.5,212.0,11.0,4353,70
2021-11-12,5222,3670651,799263038,215.5,225.0,212.0,218.0,6.0,3211,92
2021-11-15,5222,3470523,760558323,219.0,227.0,213.5,217.5,-0.5,3017,107
2021-11-16,5222,2618942,565848191,217.0,221.5,212.0,214.0,-3.5,2380,121
2021-11-17,5222,4225723,946441457,218.5,233.5,216.0,229.5,15.5,3540,82
2021-11-18,5222,4234193,932472917,224.0,225.5,216.0,216.5,-13.0,3910,81
2021-11-19,5222,1774126,387157352,218.0,222.0,214.0,216.5,0.0,1679,154
2021-11-22,5222,1177860,255780347,217.5,221.0,215.5,216.0,-0.5,1116,182
2021-11-23,5222,4515655,1021301104,219.5,234.0,217.0,225.0,9.0,3827,70
2021-11-24,5222,3054599,695571034,226.0,233.5,223.0,226.5,1.5,2719,85
2021-11-25,5222,2966652,653121010,227.0,229.0,215.5,216.0,-10.5,2812,87
2021-11-26,5222,2603314,541183272,212.0,216.0,202.0,204.5,-11.5,2705,103
2021-11-29,5222,1565850,320710287,199.0,213.0,196.5,208.5,4.0,1547,149
2021-11-30,5222,1232420,258385562,212.0,213.0,208.0,208.0,-0.5,1223,209
2021-12-01,5222,770766,160328434,207.0,210.5,205.0,209.0,1.0,784,222
2021-12-02,5222,1750372,356762940,208.0,208.0,200.5,201.5,-7.5,1613,144
2021-12-03,5222,810359,167993670,206.5,210.0,204.5,207.0,5.5,774,208
2021-12-06,5222,690237,142092853,207.0,210.0,203.0,206.5,-0.5,670,221
2021-12-07,5222,767021,160548565,207.0,212.0,206.5,207.0,0.5,808,239
2021-12-08,5222,2382905,517518838,211.5,222.0,209.0,219.0,12.0,2273,119
2021-12-09,5222,1317291,285044651,222.0,222.0,213.0,214.0,-5.0,1279,167
2021-12-10,5222,620799,132271040,214.0,216.5,210.0,213.5,-0.5,634,247
2021-12-13,5222,1208467,252328345,215.0,215.0,207.0,208.5,-5.0,1188,172
2021-12-14,5222,763957,157466256,207.0,209.5,205.0,205.5,-3.0,729,241
2021-12-15,5222,585011,119673472,206.5,207.5,201.5,205.5,0.0,466,248
2021-12-16,5222,701212,147726859,207.0,213.0,207.0,211.0,5.5,682,237
2021-12-17,5222,470301,98140109,210.5,212.0,207.0,207.0,-4.0,481,312
2021-12-20,5222,306934,63443511,207.0,209.5,205.5,205.5,-1.5,337,323
2021-12-21,5222,314906,64975152,207.0,208.0,204.5,206.5,1.0,333,313
2021-12-22,5222,372441,76826427,207.5,208.0,205.0,205.5,-1.0,396,290
2021-12-23,5222,910403,192596412,207.5,214.0,207.0,212.0,6.5,864,200
2021-12-24,5222,464559,97709406,213.5,214.5,208.5,209.0,-3.0,432,276
2021-12-27,5222,332946,70032849,210.0,212.5,209.0,209.0,0.0,349,331
2021-12-28,5222,458953,97026646,211.5,214.0,209.0,210.0,1.0,453,293
2021-12-29,5222,986349,211641508,212.5,219.5,210.0,216.0,6.0,920,194
2021-12-30,5222,556724,118712481,216.0,216.0,212.0,213.0,-3.0,566,268
2022-01-03,5222,501354,106031208,216.0,216.0,209.0,210.0,-3.0,488,291
2022-01-04,5222,544022,113691653,213.5,213.5,207.0,207.0,-3.0,585,278
2022-01-05,5222,509377,104519805,207.0,207.0,204.0,205.0,-2.0,550,299
2022-01-06,5222,1064861,214080145,201.0,204.5,199.0,199.5,-5.5,1093,207
2022-01-07,5222,1387567,267455355,200.0,202.0,189.0,190.0,-9.5,1655,203
2022-01-10,5222,613037,115033168,184.0,192.0,184.0,189.0,-1.0,728,261
2022-01-11,5222,1135828,206915549,189.0,189.0,177.5,180.0,-9.0,1304,214
2022-01-12,5222,617087,110901056,180.0,184.5,176.0,179.5,-0.5,617,270
2022-01-13,5222,1001256,174176079,179.5,181.0,171.0,171.0,-8.5,1134,209
2022-01-14,5222,1850666,302063469,171.0,171.0,159.0,165.0,-6.0,1576,154
2022-01-17,5222,608081,103546308,167.5,172.0,167.5,172.0,7.0,634,248
2022-01-18,5222,550360,96185567,174.5,177.0,173.0,174.0,2.0,595,263
2022-01-19,5222,319874,54415176,172.0,172.0,168.5,170.0,-4.0,387,318
2022-01-20,5222,145722,24818179,169.0,171.5,168.0,170.5,0.5,193,404
2022-01-21,5222,451411,74944381,168.0,169.5,163.5,164.0,-6.5,593,309
2022-01-24,5222,330499,53115494,161.5,166.0,157.0,165.0,1.0,433,331
2022-01-25,5222,293060,47193742,164.0,165.5,159.0,159.5,-5.5,372,351
2022-01-26,5222,333979,53831873,158.5,163.0,158.5,160.0,0.5,342,306
2022-02-07,5222,239151,38467353,162.5,165.5,158.5,161.0,1.0,272,365
2022-02-08,5222,297746,49092224,162.0,167.0,162.0,166.0,5.0,340,346
2022-02-09,5222,249124,41389515,167.0,168.5,163.5,168.5,2.5,293,370
2022-02-10,5222,253838,41950144,168.5,169.0,164.0,165.0,-3.5,315,363
2022-02-11,5222,211403,34319080,163.0,163.5,161.5,162.5,-2.5,256,379
2022-02-14,5222,375166,59309985,159.0,160.0,157.0,157.5,-5.0,495,315
2022-02-15,5222,227767,36054348,157.5,159.5,157.5,158.5,1.0,299,367
2022-02-16,5222,413868,67866534,161.0,167.5,159.5,165.5,7.0,437,288
2022-02-17,5222,291279,47491675,166.0,166.5,161.5,161.5,-4.0,345,361
2022-02-18,5222,149613,24092739,161.0,162.0,160.0,162.0,0.5,205,426
2022-02-21,5222,127497,20422552,161.5,161.5,159.5,160.0,-2.0,134,469
2022-02-22,5222,376077,59116668,160.0,160.0,156.0,156.0,-4.0,483,342
2022-02-23,5222,154720,24160632,154.5,157.0,154.5,157.0,1.0,219,412
2022-02-24,5222,659457,98953224,156.0,156.0,146.5,148.0,-9.0,876,324
2022-02-25,5222,329125,50088977,149.0,154.0,149.0,153.0,5.0,357,356
2022-03-01,5222,789128,130997081,158.5,168.0,158.5,168.0,15.0,709,250
2022-03-02,5222,1496692,262427836,165.5,182.0,163.5,179.0,11.0,1519,168
2022-03-03,5222,624285,109094514,179.0,179.0,171.0,171.5,-7.5,712,239
2022-03-04,5222,467005,80647448,171.5,177.0,168.0,170.5,-1.0,476,287
2022-03-07,5222,823137,132246397,166.0,166.5,158.0,158.0,-12.5,878,275
2022-03-08,5222,488697,76638589,155.5,163.0,152.5,154.5,-3.5,520,347
2022-03-09,5222,203538,31737864,156.0,157.5,154.5,155.0,0.5,249,403
2022-03-10,5222,323110,51782435,160.5,164.0,157.5,160.5,5.5,382,349
2022-03-11,5222,222285,34644402,156.5,157.5,154.5,155.0,-5.5,251,348
2022-03-14,5222,142516,22038632,157.5,157.5,153.5,154.0,-1.0,191,438
2022-03-15,5222,312022,46784979,154.0,154.0,148.0,149.0,-5.0,379,361
2022-03-16,5222,205369,30636276,154.0,154.0,148.0,150.0,1.0,212,415
2022-03-17,5222,220736,33945008,153.0,155.0,152.5,154.0,4.0,246,421
2022-03-18,5222,182033,28334542,154.0,157.5,154.0,157.5,3.5,204,425
2022-03-21,5222,1201345,204737652,162.0,173.0,160.0,172.0,14.5,1076,179
2022-03-22,5222,516706,87217800,168.0,171.5,166.5,169.0,-3.0,540,264
2022-03-23,5222,375475,63445715,171.0,171.5,167.0,167.5,-1.5,349,340
2022-03-24,5222,422516,69418930,168.0,168.0,162.5,164.0,-3.5,374,311
2022-03-25,5222,213858,35235985,165.0,166.0,164.0,164.0,0.0,231,404
2022-03-28,5222,218769,35333826,162.0,162.0,160.5,161.0,-3.0,238,400
2022-03-29,5222,193510,31646856,162.0,165.5,162.0,164.0,3.0,200,393
2022-03-30,5222,178655,29548236,164.0,166.5,164.0,164.0,0.0,183,432
2022-03-31,5222,174868,28449947,165.0,165.0,161.5,162.0,-2.0,204,413
2022-04-01,5222,136409,21640725,159.0,160.0,157.0,159.0,0.0,171,435
2022-04-06,5222,204128,31862188,159.0,159.0,155.0,155.5,-3.5,257,389
2022-04-07,5222,315646,47937200,152.0,153.5,151.0,151.5,-4.0,340,388
2022-04-08,5222,181872,27459688,153.0,153.0,150.0,151.0,-0.5,213,408
2022-04-11,5222,305619,45326054,151.0,151.0,147.0,147.0,-4.0,345,410
2022-04-12,5222,184287,26768530,145.0,147.0,142.0,147.0,0.0,234,451
2022-04-13,5222,213482,31936438,149.5,151.5,148.5,149.0,2.0,209,385
2022-04-14,5222,126937,19006706,151.0,151.5,148.5,149.0,0.0,153,469
2022-04-15,5222,218168,31749407,148.0,148.0,144.5,146.0,-3.0,265,420
2022-04-18,5222,220459,31587554,143.5,145.0,142.5,143.0,-3.0,237,411
2022-04-19,5222,98144,14154901,143.5,145.5,143.0,143.5,0.5,128,499
2022-04-20,5222,168477,23998075,143.5,144.5,141.5,142.0,-1.5,213,435
2022-04-21,5222,129609,18419702,142.0,144.0,141.0,142.0,0.0,167,472
2022-04-22,5222,246542,34296752,142.0,142.5,138.0,138.5,-3.5,269,393
2022-04-25,5222,429760,56790727,136.5,136.5,130.0,130.5,-8.0,438,366
2022-04-26,5222,176314,22863962,132.0,132.0,128.0,128.5,-2.0,221,447
2022-04-27,5222,556865,68026589,122.5,128.0,118.0,124.0,-4.5,541,348
2022-04-28,5222,106353,13184646,125.0,125.5,122.0,123.5,-0.5,134,488
2022-04-29,5222,136314,17093035,126.0,127.0,124.5,125.5,2.0,148,456
2022-05-03,5222,343703,44306299,126.0,132.0,126.0,129.5,4.0,332,309
2022-05-04,5222,111954,14538512,130.0,131.5,128.5,128.5,-1.0,117,443
2022-05-05,5222,199318,26330196,130.5,133.5,130.0,132.0,3.5,213,394
2022-05-06,5222,120199,15401799,129.0,129.0,127.0,128.5,-3.5,129,470
2022-05-09,5222,142600,17621580,127.5,127.5,122.0,122.5,-6.0,176,506
2022-05-10,5222,194566,23525502,116.5,124.0,116.5,123.5,1.0,186,441
2022-05-11,5222,177244,21321365,123.0,123.0,118.5,121.5,-2.0,181,433
2022-05-12,5222,279036,33383509,118.0,123.0,118.0,118.0,-3.5,234,423
2022-05-13,5222,460877,57327041,119.0,129.0,119.0,124.0,6.0,386,292
2022-05-16,5222,213350,26714531,128.0,128.0,123.0,123.5,-0.5,194,407
2022-05-17,5222,471438,60586534,124.0,135.0,124.0,131.5,8.0,355,259
2022-05-18,5222,271435,35670487,133.0,134.0,129.0,129.5,-2.0,282,351
2022-05-19,5222,172160,21787528,127.0,128.0,125.0,128.0,-1.5,187,398
2022-05-20,5222,130756,16643279,128.0,129.0,126.5,127.5,-0.5,135,430
2022-05-23,5222,79329,10064741,129.0,129.5,125.5,127.0,-0.5,84,504
2022-05-24,5222,162641,20135446,127.5,127.5,122.0,123.0,-4.0,195,414
2022-05-25,5222,153609,18755887,125.0,125.0,121.0,121.5,-1.5,173,417
2022-05-26,5222,191248,23377101,123.0,124.5,120.5,121.0,-0.5,160,388
2022-05-27,5222,202250,24527390,122.5,122.5,120.0,121.0,0.0,202,370
2022-05-30,5222,650402,85216911,123.0,133.0,123.0,133.0,12.0,487,250
2022-05-31,5222,1503629,207073943,134.0,141.5,133.0,137.0,4.0,1296,179
2022-06-01,5222,407335,55201454,137.0,138.5,134.0,136.0,-1.0,524,296
2022-06-02,5222,1242734,178562124,137.0,147.0,137.0,145.0,9.0,1277,171
2022-06-06,5222,617443,88708418,146.5,147.5,141.5,143.5,-1.5,758,231
2022-06-07,5222,335383,47261455,143.5,143.5,139.5,139.5,-4.0,322,287
2022-06-08,5222,1049629,155902365,142.0,152.5,142.0,146.0,6.5,937,185
2022-06-09,5222,635086,94193536,147.5,151.0,146.0,146.5,0.5,617,227
2022-06-10,5222,355735,50801529,143.0,144.5,142.0,143.5,-3.0,382,293
2022-06-13,5222,187386,26443072,139.5,143.5,139.0,142.5,-1.0,278,441
2022-06-14,5222,431369,59450208,140.5,143.0,135.0,138.5,-4.0,436,298
2022-06-15,5222,217119,30087104,139.0,141.5,136.0,137.0,-1.5,245,385
2022-06-16,5222,286894,39844210,139.5,141.0,136.5,137.0,0.0,277,367
2022-06-17,5222,308060,41729172,137.0,138.5,132.5,138.5,1.5,348,361
2022-06-20,5222,580757,81491071,140.0,143.5,135.5,135.5,-3.0,521,291
2022-06-21,5222,427518,60429517,139.0,145.0,137.0,144.0,8.5,422,295
2022-06-22,5222,505540,70840510,145.0,145.5,136.0,136.0,-8.0,597,289
2022-06-23,5222,495718,66278681,138.0,139.5,129.0,135.0,-1.0,432,288
2022-06-24,5222,196235,26496184,136.5,138.0,132.5,133.0,-2.0,220,400
2022-06-27,5222,364211,50380291,137.0,141.0,135.0,138.5,5.5,314,303
2022-06-28,5222,219880,29575789,139.0,139.0,132.5,133.5,-5.0,202,334
2022-06-29,5222,168936,22255904,133.0,134.0,130.5,132.5,-1.0,173,381
2022-06-30,5222,217968,28310410,132.5,133.0,129.0,130.5,-2.0,227,414
2022-07-01,5222,399005,49984685,130.5,132.0,120.5,122.0,-8.5,332,367
2022-07-04,5222,276790,33584718,123.0,124.5,119.5,120.5,-1.5,235,354
2022-07-05,5222,152888,18708797,123.5,125.0,120.0,124.5,4.0,182,447
2022-07-06,5222,1464401,197997375,132.0,136.5,131.5,135.0,10.5,1153,162
2022-07-07,5222,571464,76347511,134.5,136.0,130.5,135.5,0.5,509,257
2022-07-08,5222,751007,103183637,137.0,142.0,133.5,134.0,-1.5,757,236
2022-07-11,5222,207218,27582976,136.5,136.5,131.0,132.0,-2.0,228,370
2022-07-12,5222,326806,41677277,131.5,131.5,125.5,127.0,-5.0,303,341
2022-07-13,5222,200614,26062039,130.0,131.0,129.0,129.0,2.0,170,383
2022-07-14,5222,143875,18709965,126.5,132.5,126.5,130.5,1.5,180,403
2022-07-15,5222,199326,26193069,131.5,133.0,129.0,132.0,1.5,182,377
2022-07-18,5222,276300,37134819,133.5,136.0,133.0,134.0,2.0,305,351
2022-07-19,5222,104974,13917770,134.0,134.0,132.0,132.5,-1.5,136,452
2022-07-20,5222,394276,53297406,135.0,136.5,133.5,133.5,1.0,398,325
2022-07-21,5222,740473,102582157,134.0,141.0,134.0,140.0,6.5,670,234
2022-07-22,5222,376870,52327500,140.5,141.0,136.5,137.5,-2.5,375,302
2022-07-25,5222,238981,32182063,136.5,137.0,133.0,134.5,-3.0,216,319
2022-07-26,5222,346303,45506283,134.0,135.5,130.0,130.5,-4.0,277,305
2022-07-27,5222,812887,104507340,130.5,134.0,126.0,131.5,1.0,617,206
2022-07-28,5222,244179,31531153,133.0,133.0,128.0,128.0,-3.5,236,334
2022-07-29,5222,132194,17103144,129.0,130.0,128.5,129.0,1.0,112,425
2022-08-01,5222,126275,16261657,129.5,129.5,127.5,128.5,-0.5,106,451
2022-08-02,5222,1458785,197213460,128.0,140.0,127.0,134.0,5.5,1183,174
2022-08-03,5222,1963321,272475267,138.5,143.0,135.5,136.5,2.5,1720,126
2022-08-04,5222,724855,96605497,137.5,138.0,129.0,130.5,-6.0,715,237
2022-08-05,5222,490172,64312261,132.5,133.0,130.0,131.5,1.0,353,266
2022-08-08,5222,536574,68371601,127.5,128.5,126.0,128.0,-3.5,479,260
2022-08-09,5222,263074,33330838,127.0,128.0,125.5,126.5,-1.5,263,333
2022-08-10,5222,132339,16750435,125.5,127.5,125.5,126.5,0.0,133,453
2022-08-11,5222,148798,18981438,128.5,128.5,126.5,126.5,0.0,128,471
2022-08-12,5222,549676,68408385,123.0,127.0,121.5,126.5,0.0,470,289
2022-08-15,5222,577466,75045002,127.5,132.5,127.5,129.5,3.0,408,284
2022-08-16,5222,1046378,141136283,132.0,137.0,131.5,136.0,6.5,867,212
2022-08-17,5222,409492,55340199,136.5,137.5,133.5,134.0,-2.0,463,316
2022-08-18,5222,577744,78331232,134.5,138.0,134.0,135.0,1.0,512,265
2022-08-19,5222,327714,44406654,136.0,137.0,134.5,134.5,-0.5,257,355
2022-08-22,5222,206055,27466916,134.0,134.0,132.5,133.0,-1.5,202,417
2022-08-23,5222,139763,18426470,132.5,133.0,131.0,132.5,-0.5,142,445
2022-08-24,5222,81986,10833597,132.5,133.0,131.5,131.5,-1.0,97,561
2022-08-25,5222,322760,43465956,132.0,136.0,131.5,136.0,4.5,272,339
2022-08-26,5222,252826,34338415,138.0,138.0,134.5,135.5,-0.5,429,389
2022-08-29,5222,210285,27651861,131.5,133.0,129.5,132.5,-3.0,210,424
2022-08-30,5222,412870,56104882,133.5,137.5,133.0,137.0,4.5,345,279
2022-08-31,5222,2501230,365069833,137.0,150.5,136.5,150.5,13.5,2138,113
2022-09-01,5222,2153182,320606574,149.0,153.5,143.0,147.0,-3.5,1971,132
2022-09-02,5222,701835,103082818,149.5,150.0,143.5,145.0,-2.0,600,223
2022-09-05,5222,751869,110763750,148.0,150.0,145.5,146.5,1.5,613,221
2022-09-06,5222,3460633,527590862,150.0,156.0,148.0,152.5,6.0,2755,78
2022-09-07,5222,1832658,269512659,150.5,152.0,142.0,143.5,-9.0,1492,130
2022-09-08,5222,524911,75407643,145.5,145.5,142.0,143.5,0.0,536,251
2022-09-12,5222,2527127,386621855,146.0,157.5,144.0,155.5,12.0,1864,103
2022-09-13,5222,2006060,318000298,155.5,161.5,153.5,159.5,4.0,1626,122
2022-09-14,5222,1390355,220681514,154.5,161.5,154.5,161.0,1.5,1213,150
2022-09-15,5222,1541926,242198441,161.5,162.5,153.5,156.0,-5.0,1677,149
2022-09-16,5222,479996,74109819,155.5,157.0,152.5,154.0,-2.0,471,279
2022-09-19,5222,682724,102726675,155.0,155.0,148.0,150.5,-3.5,557,207
2022-09-20,5222,738148,113478880,153.0,155.0,151.5,154.0,3.5,542,190
2022-09-21,5222,398415,61144731,153.5,155.0,151.5,154.0,0.0,304,271
2022-09-22,5222,630402,97628746,154.0,157.5,152.0,157.5,3.5,539,223
2022-09-23,5222,1031234,160404795,157.0,159.5,151.0,156.0,-1.5,720,174
2022-09-26,5222,1777185,259831118,154.0,154.0,140.5,140.5,-15.5,1360,157
2022-09-27,5222,871002,121399120,141.5,142.5,135.5,140.5,0.0,842,203
2022-09-28,5222,1444687,191466911,141.0,141.5,127.0,128.5,-12.0,995,177
2022-09-29,5222,716293,96123203,133.0,138.0,131.5,132.0,3.5,564,230
2022-09-30,5222,404502,53205358,129.5,135.0,127.5,134.5,2.5,381,277
2022-10-03,5222,360413,48064052,132.0,135.0,131.5,132.5,-2.0,312,263
2022-10-04,5222,289397,39244997,135.5,137.0,134.5,136.0,3.5,234,300
2022-10-05,5222,529153,72552126,137.0,140.0,133.0,134.0,-2.0,404,255
2022-10-06,5222,458161,60690039,133.0,134.5,130.5,132.0,-2.0,329,255
2022-10-07,5222,199765,26177049,132.5,132.5,130.0,130.5,-1.5,203,337
2022-10-11,5222,945030,118377839,126.5,128.5,123.0,123.0,-7.5,642,207
2022-10-12,5222,493728,60192539,123.0,124.5,120.0,123.5,0.5,318,253
2022-10-13,5222,576151,68609806,124.5,124.5,114.0,117.5,-6.0,436,282
2022-10-14,5222,206947,25183573,121.0,123.0,120.5,121.5,4.0,180,365
2022-10-17,5222,289693,34003186,119.5,120.0,115.5,119.0,-2.5,315,317
2022-10-18,5222,154252,18359269,121.0,121.0,117.5,118.5,-0.5,149,385
2022-10-19,5222,176051,20999764,119.0,120.5,117.5,119.5,1.0,156,363
2022-10-20,5222,1655025,210952619,120.5,130.5,120.0,126.5,7.0,1402,166
2022-10-21,5222,2091417,271409974,129.0,134.0,123.5,123.5,-3.0,1789,104
2022-10-24,5222,744530,94515126,126.5,129.5,124.5,124.5,1.0,568,201
2022-10-25,5222,656632,82753825,126.0,129.0,123.5,124.0,-0.5,574,214
2022-10-26,5222,1069887,137194858,127.0,130.5,126.0,127.5,3.5,950,151
2022-10-27,5222,463259,59735287,128.0,130.0,127.0,129.5,2.0,420,242
2022-10-28,5222,534937,68169978,131.0,131.5,124.0,124.5,-5.0,494,225
2022-10-31,5222,202090,25447097,127.0,127.5,124.5,125.0,0.5,205,306
2022-11-01,5222,291227,37313471,126.5,129.0,125.5,128.0,3.0,272,278
2022-11-02,5222,226933,28963699,128.0,129.0,126.5,127.0,-1.0,230,316
2022-11-03,5222,520137,67424192,125.5,131.0,125.5,130.5,3.5,461,223
2022-11-04,5222,216504,27807661,130.0,130.5,127.5,127.5,-3.0,235,331
2022-11-07,5222,215308,27860846,129.5,130.5,128.0,129.5,2.0,200,367
2022-11-08,5222,431915,56127151,130.5,132.5,128.0,128.0,-1.5,353,299
2022-11-09,5222,231992,29980908,130.0,130.0,128.5,129.0,1.0,167,384
2022-11-10,5222,145243,18560818,128.0,128.5,127.0,127.5,-1.5,151,407
2022-11-11,5222,273400,35236147,130.5,130.5,127.5,129.0,1.5,244,390
2022-11-14,5222,172217,22187283,130.0,130.0,128.0,129.0,0.0,154,442
2022-11-15,5222,222408,28704817,129.0,130.0,128.5,129.0,0.0,172,386
2022-11-16,5222,1061509,143885768,130.0,139.0,130.0,134.0,5.0,944,218
2022-11-17,5222,389978,52245569,134.0,136.0,132.0,133.0,-1.0,381,309
2022-11-18,5222,298627,39319209,133.0,133.0,130.0,130.0,-3.0,242,340
2022-11-21,5222,166740,21644487,131.5,131.5,129.0,130.5,0.5,139,371
2022-11-22,5222,1495799,205728352,132.0,140.0,131.5,137.5,7.0,1188,139
2022-11-23,5222,1335296,181954568,139.0,141.0,133.0,134.0,-3.5,1056,154
2022-11-24,5222,356108,47437233,135.0,135.0,132.0,133.5,-0.5,770,306
2022-11-25,5222,394992,52440805,134.5,135.0,130.5,130.5,-3.0,358,297
2022-11-28,5222,528125,68088982,129.0,133.0,125.5,132.0,1.5,465,250
2022-11-29,5222,960878,130070845,132.0,138.5,130.0,133.5,1.5,858,214
2022-11-30,5222,337972,45325386,135.0,136.0,132.5,133.5,0.0,309,343
2022-12-01,5222,737319,100736755,136.0,138.5,134.5,136.0,2.5,585,300
2022-12-02,5222,793173,110325976,136.5,141.0,136.5,139.0,3.0,687,263
2022-12-05,5222,3175101,478909264,142.5,152.5,142.5,152.5,13.5,1995,113
2022-12-06,5222,2994393,452987664,151.0,154.0,148.0,150.5,-2.0,1929,114
2022-12-07,5222,2322609,340809653,153.5,154.0,142.0,143.0,-7.5,1845,139
2022-12-08,5222,510572,72924517,142.5,144.0,141.5,143.0,0.0,499,260
2022-12-09,5222,302523,43315707,145.5,145.5,142.0,144.0,1.0,278,337
2022-12-12,5222,766900,111782652,143.0,149.0,143.0,144.5,0.5,561,223
2022-12-13,5222,577983,81752464,146.5,146.5,139.0,140.5,-4.0,487,270
2022-12-14,5222,204035,28926116,141.5,143.0,140.0,142.0,1.5,179,391
2022-12-15,5222,400037,57333929,142.5,146.0,141.0,141.5,-0.5,347,308
2022-12-16,5222,491279,67933422,138.5,140.5,136.5,136.5,-5.0,435,317
2022-12-19,5222,126643,17277365,137.0,138.0,135.0,137.0,0.5,151,434
2022-12-20,5222,240028,32520897,138.0,139.0,133.0,134.0,-3.0,240,399
2022-12-21,5222,313769,43069907,135.0,140.0,134.0,140.0,6.0,296,316
2022-12-22,5222,200310,27920084,141.0,142.0,137.5,137.5,-2.5,214,346
2022-12-23,5222,131611,17744561,134.5,136.0,133.5,134.5,-3.0,159,410
2022-12-26,5222,310075,42965742,137.0,140.0,134.5,139.5,5.0,292,270
2022-12-27,5222,193350,26966852,142.0,142.5,138.0,139.0,-0.5,186,331
2022-12-28,5222,151830,20836075,138.0,138.0,136.5,137.5,-1.5,154,396
2022-12-29,5222,202681,28049311,141.0,141.0,137.5,137.5,0.0,184,341
2022-12-30,5222,229131,32023182,139.0,141.5,138.0,139.0,1.5,239,307
2023-01-03,5222,151473,20947429,140.5,140.5,136.0,138.5,-0.5,134,354
2023-01-04,5222,406726,57537004,138.5,144.0,138.5,143.0,4.5,341,251
2023-01-05,5222,444251,63526041,144.0,146.0,141.0,142.0,-1.0,499,253
2023-01-06,5222,915483,130878457,145.0,147.0,139.5,139.5,-2.5,809,160
2023-01-09,5222,442504,62147271,140.5,142.5,139.0,139.5,0.0,485,268
2023-01-10,5222,303511,42755224,140.0,142.0,140.0,141.0,1.5,269,313
2023-01-11,5222,197794,27734193,142.0,142.0,139.0,139.5,-1.5,191,357
2023-01-12,5222,179648,24834698,140.0,140.5,136.5,137.0,-2.5,202,349
2023-01-13,5222,161908,22100047,138.0,138.0,135.5,137.5,0.5,169,356
2023-01-16,5222,322123,45251695,139.0,142.5,137.0,141.5,4.0,282,264
2023-01-17,5222,373112,53220614,141.5,144.5,140.0,142.5,1.0,366,239
2023-01-30,5222,598033,86138046,145.0,146.0,142.5,143.5,1.0,485,266
2023-01-31,5222,505748,71229582,144.0,144.0,140.0,140.5,-3.0,425,299
2023-02-01,5222,549056,78793985,141.0,145.0,141.0,143.0,2.5,477,289
2023-02-02,5222,531531,76640010,143.0,145.5,142.5,145.5,2.5,444,312
2023-02-03,5222,509749,73163109,145.5,145.5,142.0,142.0,-3.5,419,298
2023-02-06,5222,614752,88608300,141.0,146.5,141.0,143.5,1.5,527,246
2023-02-07,5222,415392,58966999,143.5,145.0,140.5,142.0,-1.5,364,294
2023-02-08,5222,567904,80135651,143.0,143.5,139.0,140.5,-1.5,498,265
2023-02-09,5222,580913,80807993,140.5,140.5,138.0,138.5,-2.0,503,259
2023-02-10,5222,3121143,457712678,139.0,151.0,138.5,146.0,7.5,2427,90
2023-02-13,5222,3551983,525453660,149.5,152.0,143.5,143.5,-2.5,2796,70
2023-02-14,5222,2599418,385920554,144.0,151.0,144.0,149.5,6.0,2017,91
2023-02-15,5222,1219669,177410603,147.0,148.5,143.0,145.0,-4.5,1339,167
2023-02-16,5222,429978,62144023,144.5,146.0,143.5,144.0,-1.0,428,279
2023-02-17,5222,1129222,161231832,143.0,146.0,141.5,142.0,-2.0,887,174
2023-02-20,5222,2089831,308875981,144.0,150.0,143.5,146.5,4.5,1671,126
2023-02-21,5222,5157431,808900760,150.5,161.0,150.0,157.0,10.5,4055,67
2023-02-22,5222,2850126,429780544,154.5,157.0,146.5,148.5,-8.5,2322,104
2023-02-23,5222,1530833,229583726,150.0,153.0,147.5,148.5,0.0,1303,162
2023-02-24,5222,1756407,264541322,150.5,154.0,148.5,149.0,0.5,1467,171
2023-03-01,5222,638460,94434589,148.5,149.5,146.5,148.5,-0.5,665,265
2023-03-02,5222,601020,88857107,149.0,150.0,147.0,147.5,-1.0,598,273
2023-03-03,5222,746908,111725303,148.5,151.5,148.0,148.5,1.0,659,256
2023-03-06,5222,1616439,246832346,152.0,155.5,151.0,151.0,2.5,1259,168
2023-03-07,5222,928440,140245936,153.0,153.5,149.5,149.5,-1.5,859,235
2023-03-08,5222,913098,137587381,149.0,152.5,149.0,150.5,1.0,764,250
2023-03-09,5222,1058530,161381119,152.0,154.0,151.0,152.5,2.0,882,239
2023-03-10,5222,1320849,196219038,152.5,152.5,147.0,148.0,-4.5,1081,230
2023-03-13,5222,792479,115194540,146.5,148.0,143.0,146.5,-1.5,740,279
2023-03-14,5222,515088,74634789,146.0,146.0,143.5,145.0,-1.5,479,305
2023-03-15,5222,398256,58114843,149.0,149.0,144.0,144.5,-0.5,333,337
2023-03-16,5222,942563,137416546,146.5,149.0,143.0,144.0,-0.5,990,243
2023-03-17,5222,1094287,162937696,146.0,151.0,145.0,149.5,5.5,1065,221
2023-03-20,5222,669606,100909462,151.0,151.5,148.5,151.0,1.5,662,235
2023-03-21,5222,533632,80528645,153.0,153.0,149.5,150.0,-1.0,1171,283
2023-03-22,5222,516802,78343302,151.0,152.5,150.0,152.0,2.0,549,289
2023-03-23,5222,7677427,1266696443,154.5,167.0,154.0,167.0,15.0,4666,34
2023-03-24,5222,11629880,2063041726,173.5,182.0,172.0,179.0,12.0,10483,24
2023-03-27,5222,4783647,921857079,185.0,196.5,184.5,196.5,17.5,3268,59
2023-03-28,5222,12424927,2417274912,200.0,208.0,184.5,185.0,-11.5,9682,17
2023-03-29,5222,6286673,1186004555,189.5,193.0,183.5,187.5,2.5,5180,35
2023-03-30,5222,3555945,661285003,185.5,190.0,182.5,183.0,0.0,3940,59
2023-03-31,5222,2319897,425014137,185.5,185.5,180.0,183.5,0.5,2280,97
2023-04-06,5222,3061307,564938449,186.0,189.0,181.0,182.0,-1.5,3084,80
2023-04-07,5222,10889287,2077446709,181.0,196.0,180.5,191.5,9.5,8825,17
2023-04-10,5222,8694474,1690732291,197.0,200.0,188.0,190.0,-1.5,9842,20
2023-04-11,5222,4058013,753822521,189.5,190.0,183.0,183.0,-7.0,3541,65
2023-04-12,5222,4206286,790848870,185.0,191.5,183.0,189.5,6.5,3873,61
2023-04-13,5222,17479567,3481076560,192.5,205.5,191.5,195.0,5.5,14699,11
2023-04-14,5222,7408759,1459915847,198.0,203.5,192.5,195.0,0.0,7443,42
2023-04-17,5222,11317747,2302926618,195.0,208.5,193.0,201.5,6.5,9288,19
2023-04-18,5222,6005911,1184996613,201.5,204.5,193.5,194.0,-7.5,6404,46
2023-04-19,5222,2034815,397719714,196.0,198.5,193.0,196.0,2.0,2062,139
2023-04-20,5222,6791476,1333703198,199.0,202.5,187.0,190.5,-5.5,6111,39
2023-04-21,5222,5098232,944871396,191.0,191.0,180.5,185.0,-5.5,3932,62
2023-04-24,5222,1544562,290688608,184.0,190.5,184.0,188.5,3.5,1609,130
2023-04-25,5222,6229975,1214413241,190.0,200.0,189.0,190.0,1.5,5128,46
2023-04-26,5222,4254548,828598466,192.0,197.5,191.0,197.0,7.0,4019,58
2023-04-27,5222,7166606,1410736868,200.0,201.5,191.5,192.0,-5.0,6142,29
2023-04-28,5222,3697542,728177635,196.0,200.0,193.0,197.5,5.5,4518,73
2023-05-02,5222,12543608,2630207033,202.0,215.5,202.0,208.5,11.0,14134,20
2023-05-03,5222,20880403,4535566557,213.0,223.5,210.0,218.5,10.0,16034,10
2023-05-04,5222,9541681,2067343332,218.0,221.0,212.0,219.5,1.0,8370,18
2023-05-05,5222,5663693,1223292774,221.0,221.5,213.5,215.0,-4.5,5143,35
2023-05-08,5222,5776044,1223888353,217.0,217.0,206.0,206.0,-9.0,4910,36
2023-05-09,5222,3871258,779271901,206.0,206.5,198.0,200.0,-6.0,6168,62
2023-05-10,5222,2303935,467182387,201.5,205.0,198.0,204.5,4.5,2418,82
2023-05-11,5222,3871093,763125030,203.0,204.5,193.5,193.5,-11.0,3283,66
2023-05-12,5222,1966940,381013305,195.0,196.0,190.0,192.5,-1.0,2008,112
2023-05-15,5222,1916220,365402454,193.0,193.5,187.0,191.0,-1.5,3200,94
2023-05-16,5222,1453227,279048099,194.0,195.5,189.0,191.0,0.0,3468,143
2023-05-17,5222,2164256,422931810,191.0,198.5,191.0,195.0,4.0,2190,126
2023-05-18,5222,1813552,350729808,197.5,197.5,191.0,192.5,-2.5,1712,144
2023-05-19,5222,3117486,613260847,194.5,201.0,193.0,193.5,1.0,2737,102
2023-05-22,5222,1187023,232564414,196.0,198.5,193.0,195.5,2.0,1092,175
2023-05-23,5222,1520249,299392397,195.5,199.5,193.0,198.5,3.0,1607,148
2023-05-24,5222,6371403,1306198615,201.5,208.5,201.5,202.5,4.0,5303,38
2023-05-25,5222,2031830,403565403,201.5,202.0,197.0,198.0,-4.5,3511,132
2023-05-26,5222,1764126,343351772,199.0,199.0,193.0,193.5,-4.5,1621,144
2023-05-29,5222,1509345,298231926,194.5,199.5,194.5,198.0,4.5,1257,162
2023-05-30,5222,1247760,243351561,199.0,199.5,193.5,193.5,-4.5,1375,187
2023-05-31,5222,696668,135473535,193.5,196.0,193.5,194.5,1.0,955,264
2023-06-01,5222,699917,135478754,195.0,195.0,192.5,193.0,-1.5,885,260
2023-06-02,5222,707427,137261967,195.0,195.0,193.5,193.5,0.5,651,277
2023-06-05,5222,1168237,230172810,195.5,199.0,195.0,195.5,2.0,1093,202
2023-06-06,5222,2196028,437002614,199.0,201.0,195.5,200.5,5.0,2412,132
2023-06-07,5222,2293907,461939080,204.0,204.5,199.0,199.5,-1.0,3700,127
2023-06-08,5222,3247523,658146122,203.0,207.0,198.5,201.5,2.0,3543,94
2023-06-09,5222,1109583,222067896,202.5,203.0,199.0,199.0,-2.5,3343,213
2023-06-12,5222,1213020,239161150,201.5,202.0,194.5,194.5,-4.5,1910,202
2023-06-13,5222,1176096,229169668,198.0,198.0,193.0,195.0,0.5,984,223
2023-06-14,5222,701510,136821513,197.0,197.0,194.0,194.0,-1.0,1500,282
2023-06-15,5222,1065348,209710716,194.0,199.0,193.0,199.0,5.0,999,226
2023-06-16,5222,1401423,278815933,199.0,203.0,196.0,196.0,-3.0,1238,217
2023-06-19,5222,5678411,1159628899,196.0,208.0,195.5,203.5,7.5,4939,61
2023-06-20,5222,3119454,629682077,206.5,208.0,198.5,198.5,-5.0,7196,101
2023-06-21,5222,907722,179428144,200.0,200.0,196.0,197.0,-1.5,2285,238
2023-06-26,5222,891350,176873102,199.0,201.5,196.0,196.5,-0.5,871,223
2023-06-27,5222,2490368,469044224,197.5,199.0,181.0,183.0,-13.5,2913,110
2023-06-28,5222,1400729,260954280,185.5,189.0,183.0,186.5,3.5,2031,176
2023-06-29,5222,1148449,211619488,185.5,187.0,183.0,183.5,-3.0,1194,200
2023-06-30,5222,985962,178845629,183.5,183.5,180.0,182.0,-1.5,1065,215
2023-07-03,5222,713808,130436931,183.5,185.0,181.0,182.5,0.5,734,278
2023-07-04,5222,842243,152947505,184.0,184.0,181.0,181.0,-1.5,1007,267
2023-07-05,5222,679793,125102063,181.5,186.5,181.5,183.5,2.5,605,304
2023-07-06,5222,2299071,434843578,190.0,194.0,186.0,186.0,2.5,2052,144
2023-07-07,5222,591736,109151070,186.0,187.5,182.0,183.5,-2.5,660,317
