date,stock_id,Trading_Volume,Trading_money,open,max,min,close,spread,Trading_turnover,Trading_money_rank
2018-05-09,6288,7403960,165592366,22.8,22.85,21.5,22.1,0.0,3596,140
2018-05-10,6288,3141000,68547850,22.25,22.5,21.15,21.45,-0.65,1531,208
2018-05-11,6288,1945030,42171250,21.55,22.0,21.35,21.4,-0.05,850,285
2018-05-14,6288,3358000,75372550,21.65,23.0,21.65,22.65,1.25,1388,226
2018-05-15,6288,1398460,30887811,22.4,22.6,21.85,22.15,-0.5,601,319
2018-05-16,6288,1440369,31017082,22.25,22.25,21.15,21.4,-0.75,685,332
2018-05-17,6288,2573399,59124526,22.0,23.5,22.0,23.5,2.1,1046,236
2018-05-18,6288,5310787,131646143,25.85,25.85,23.9,24.25,0.75,2275,145
2018-05-21,6288,2375735,57535973,24.1,24.85,23.5,24.25,0.0,1065,230
2018-05-22,6288,1141251,27704411,24.45,24.7,24.05,24.25,0.0,563,314
2018-05-23,6288,3993556,101963106,24.7,26.45,24.45,26.0,1.75,1941,162
2018-05-24,6288,2230249,57265610,25.8,26.3,25.2,25.95,-0.05,1148,219
2018-05-25,6288,1389080,35445132,25.6,25.85,25.3,25.35,-0.6,766,283
2018-05-28,6288,1552000,39244600,25.35,25.85,24.9,25.1,-0.25,759,267
2018-05-29,6288,875000,22084150,25.4,25.75,24.9,25.05,-0.05,454,343
2018-05-30,6288,938360,23230856,24.8,24.95,24.6,24.6,-0.45,522,356
2018-05-31,6288,1083000,26612800,24.75,25.0,24.3,24.35,-0.25,519,376
2018-06-01,6288,1034100,25723930,24.2,25.3,24.2,25.0,0.65,499,362
2018-06-04,6288,975000,24122950,25.1,25.15,24.45,24.55,-0.45,491,391
2018-06-05,6288,952000,23227250,24.85,24.9,24.15,24.15,-0.4,478,392
2018-06-06,6288,533100,12959250,24.45,24.55,24.2,24.25,0.1,284,486
2018-06-07,6288,1331560,33073576,24.5,25.3,24.5,24.6,0.35,615,363
2018-06-08,6288,1062100,25878360,24.65,24.9,24.15,24.35,-0.25,470,366
2018-06-11,6288,1322000,31242250,24.4,24.5,23.1,23.2,-1.15,664,342
2018-06-12,6288,848042,19595537,23.2,23.55,22.95,23.25,0.05,434,432
2018-06-13,6288,746076,17125440,23.3,23.55,22.6,22.65,-0.6,428,431
2018-06-14,6288,386000,8735650,22.9,22.9,22.3,22.65,0.0,217,521
2018-06-15,6288,2285000,55381800,22.7,24.9,22.7,24.9,2.25,982,276
2018-06-19,6288,3985502,102765199,26.5,26.5,24.95,25.45,0.55,1806,196
2018-06-20,6288,2000020,48148989,24.65,24.95,22.95,24.3,-1.15,1043,275
2018-06-21,6288,711318,17320244,24.3,24.8,24.0,24.35,0.05,386,382
2018-06-22,6288,680000,16473400,24.5,24.5,23.95,24.15,-0.2,322,384
2018-06-25,6288,2864617,73250602,24.8,26.1,24.45,25.6,1.45,1389,206
2018-06-26,6288,5333814,140230628,25.5,27.0,24.6,26.9,1.3,2353,152
2018-06-27,6288,3309010,85686610,26.5,26.7,25.4,25.6,-1.3,1645,197
2018-06-28,6288,1390268,34869100,25.55,25.6,24.75,24.9,-0.7,705,282
2018-06-29,6288,1319119,32731725,25.0,25.4,24.45,24.7,-0.2,626,283
2018-07-02,6288,975000,24208100,25.0,25.15,24.5,24.7,0.0,398,322
2018-07-03,6288,1559397,37283539,24.7,25.0,23.4,23.4,-1.3,734,291
2018-07-04,6288,549000,12966950,23.4,23.9,23.3,23.8,0.4,267,396
2018-07-05,6288,615000,14446400,24.1,24.3,23.2,23.25,-0.55,310,394
2018-07-06,6288,796400,18526439,23.8,23.8,23.0,23.4,0.15,343,382
2018-07-09,6288,515050,12016357,23.55,23.7,23.1,23.15,-0.25,221,395
2018-07-10,6288,402030,9312190,23.3,23.35,23.05,23.15,0.0,207,439
2018-07-11,6288,692010,15865728,23.15,23.3,22.8,22.8,-0.35,334,343
2018-07-12,6288,532000,12180450,22.8,23.2,22.6,23.1,0.3,250,380
2018-07-13,6288,716020,16390958,23.45,23.45,22.75,22.85,-0.25,336,359
2018-07-16,6288,705170,16016743,23.1,23.1,22.45,22.9,0.05,340,359
2018-07-17,6288,764200,17228349,22.9,22.9,22.4,22.4,-0.5,304,346
2018-07-18,6288,901144,20001854,22.8,22.8,21.95,22.15,-0.25,412,348
2018-07-19,6288,563500,12382900,22.15,22.45,21.85,21.9,-0.25,274,391
2018-07-20,6288,491490,10814152,21.9,22.2,21.9,22.15,0.25,253,402
2018-07-23,6288,568000,12488600,22.5,22.5,21.75,21.75,-0.4,234,371
2018-07-24,6288,587004,12664137,21.75,21.75,21.5,21.5,-0.25,314,377
2018-07-25,6288,383000,8176700,21.3,21.55,21.2,21.35,0.0,197,427
2018-07-26,6288,496700,10925914,21.35,22.6,21.35,22.05,0.7,299,426
2018-07-27,6288,248000,5457700,22.05,22.2,21.85,22.05,0.0,144,520
2018-07-30,6288,351000,7629850,22.2,22.2,21.5,21.6,-0.45,190,469
2018-07-31,6288,147000,3179500,21.6,21.9,21.4,21.55,-0.05,93,584
2018-08-01,6288,315000,6779250,21.6,21.8,21.4,21.4,-0.15,180,494
2018-08-02,6288,405000,8567100,21.4,21.45,20.6,20.7,-0.7,219,470
2018-08-03,6288,930000,19017350,21.1,21.15,20.0,20.15,-0.55,457,341
2018-08-06,6288,573500,12007049,20.3,21.25,20.2,21.0,0.85,301,414
2018-08-07,6288,317000,6693150,21.35,21.35,20.95,21.2,0.2,167,513
2018-08-08,6288,224000,4707000,21.2,21.4,20.85,20.85,-0.35,133,555
2018-08-09,6288,206000,4265850,20.85,20.9,20.5,20.75,-0.1,89,554
2018-08-10,6288,245000,5150200,20.95,21.2,20.9,20.95,0.2,143,556
2018-08-13,6288,619000,12284300,20.9,20.9,19.4,19.85,-1.1,325,520
2018-08-14,6288,221000,4387750,19.9,20.15,19.65,19.85,0.0,128,584
2018-08-15,6288,411068,7984543,20.0,20.0,19.15,19.5,-0.35,202,505
2018-08-16,6288,831000,15530200,19.2,19.2,18.5,18.6,-0.9,401,378
2018-08-17,6288,1292549,25798226,19.2,20.45,19.0,20.45,1.85,674,294
2018-08-20,6288,1612339,34387937,21.0,22.0,20.6,21.4,0.95,828,268
2018-08-21,6288,517001,10834970,21.4,21.4,20.65,20.8,-0.6,289,400
2018-08-22,6288,310000,6465250,20.8,21.1,20.7,20.85,0.05,169,470
2018-08-23,6288,504300,10207480,20.85,20.85,20.0,20.0,-0.85,260,411
2018-08-24,6288,215150,4311265,20.0,20.3,19.9,20.05,0.05,130,506
2018-08-27,6288,250000,5080250,20.1,20.85,20.05,20.5,0.45,126,495
2018-08-28,6288,273098,5585634,20.95,20.95,20.25,20.25,-0.25,148,521
2018-08-29,6288,532000,10665800,20.3,20.5,19.9,19.9,-0.35,219,418
2018-08-30,6288,336000,6701400,19.9,20.15,19.8,20.0,0.1,169,468
2018-08-31,6288,253000,5023150,20.0,20.2,19.65,20.2,0.2,113,492
2018-09-03,6288,232000,4561250,19.6,20.05,19.5,19.5,-0.7,126,546
2018-09-04,6288,90000,1771650,19.5,19.9,19.5,19.7,0.2,60,677
2018-09-05,6288,306000,6105450,19.6,20.15,19.5,19.8,0.1,136,476
2018-09-06,6288,85000,1697850,19.8,20.25,19.65,19.95,0.15,64,677
2018-09-07,6288,552000,11172050,20.35,20.75,19.8,19.95,0.0,330,466
2018-09-10,6288,440000,8585750,20.1,20.1,19.15,19.15,-0.8,240,528
2018-09-11,6288,299000,5753750,19.5,19.5,19.05,19.25,0.1,192,518
2018-09-12,6288,400000,7568200,19.25,19.5,18.65,19.1,-0.15,201,456
2018-09-13,6288,179000,3395800,19.3,19.3,18.85,18.9,-0.2,116,584
2018-09-14,6288,222000,4234400,19.0,19.4,18.9,18.9,0.0,140,526
2018-09-17,6288,164000,3084350,19.05,19.05,18.65,18.7,-0.2,94,529
2018-09-18,6288,132100,2471230,18.5,18.9,18.5,18.7,0.0,84,596
2018-09-19,6288,158000,2970450,18.8,18.95,18.75,18.75,0.05,83,634
2018-09-20,6288,151000,2860550,18.75,19.15,18.75,18.75,0.0,74,603
2018-09-21,6288,186500,3515024,18.8,19.05,18.7,18.75,0.0,102,574
2018-09-25,6288,227000,4207050,18.9,18.9,18.4,18.4,-0.35,127,521
2018-09-26,6288,951000,17053550,18.4,18.5,17.6,17.85,-0.55,416,321
2018-09-27,6288,232001,4130717,17.9,18.05,17.65,17.65,-0.2,127,526
2018-09-28,6288,1121000,19184550,17.65,17.65,16.85,17.2,-0.45,408,333
2018-10-01,6288,244000,4241300,17.2,17.7,17.0,17.6,0.4,154,522
2018-10-02,6288,131000,2287000,17.6,17.9,17.3,17.45,-0.15,69,612
2018-10-03,6288,125000,2146100,17.4,17.4,17.05,17.25,-0.2,84,636
2018-10-04,6288,107000,1820550,17.25,17.25,16.9,17.05,-0.2,53,666
2018-10-05,6288,507000,8198850,16.65,16.95,15.6,16.0,-1.05,266,533
2018-10-08,6288,337000,5376650,15.9,16.25,15.75,15.95,-0.05,145,522
2018-10-09,6288,438095,6829622,15.95,15.95,15.4,15.45,-0.5,195,490
2018-10-11,6288,779500,10913374,14.0,14.95,13.95,13.95,-1.5,297,592
2018-10-12,6288,496000,6770750,13.95,14.0,13.15,13.75,-0.2,245,570
2018-10-15,6288,185000,2582100,13.9,14.35,13.75,14.0,0.25,103,619
2018-10-16,6288,166000,2329450,13.9,14.2,13.9,14.0,0.0,98,628
2018-10-17,6288,336000,4713200,14.05,14.25,13.9,14.05,0.05,127,521
2018-10-18,6288,183000,2562150,14.2,14.2,13.9,13.95,-0.1,97,561
2018-10-19,6288,132000,1818450,13.8,13.9,13.7,13.75,-0.2,53,650
2018-10-22,6288,136000,1880400,13.75,14.0,13.7,13.95,0.2,71,592
2018-10-23,6288,188314,2635911,14.0,14.15,13.85,13.95,0.0,95,562
2018-10-24,6288,256000,3575600,14.0,14.1,13.85,13.9,-0.05,118,536
2018-10-25,6288,310000,4205900,13.5,13.9,13.1,13.9,0.0,174,615
2018-10-26,6288,610000,9301350,15.25,15.25,15.1,15.25,1.35,231,435
2018-10-29,6288,970076,14584962,15.4,15.7,14.2,14.2,-1.05,479,325
2018-10-30,6288,360060,5022450,13.8,14.2,13.8,14.0,-0.2,170,472
2018-10-31,6288,340075,4823110,13.95,14.35,13.95,14.25,0.25,140,488
2018-11-01,6288,222000,3169600,14.25,14.4,14.2,14.25,0.0,124,563
2018-11-02,6288,500000,7321950,14.35,15.0,14.1,14.65,0.4,237,439
2018-11-05,6288,114000,1650700,14.25,14.7,14.25,14.6,-0.05,64,609
2018-11-06,6288,224000,3283500,14.85,15.1,14.5,14.55,-0.05,103,513
2018-11-07,6288,320000,4767650,14.9,15.05,14.6,15.0,0.45,134,460
2018-11-08,6288,226000,3395850,15.1,15.3,14.85,14.85,-0.15,115,547
2018-11-09,6288,156000,2307800,15.0,15.0,14.65,14.75,-0.1,66,564
2018-11-12,6288,1193000,18971750,15.5,16.2,15.15,16.2,1.45,494,277
2018-11-13,6288,2393000,39395250,14.75,17.45,14.75,17.35,1.15,731,207
2018-11-14,6288,3466000,61985950,17.9,18.7,17.5,18.4,1.05,1464,183
2018-11-15,6288,1889004,33752623,18.2,18.4,17.55,17.6,-0.8,1055,244
2018-11-16,6288,2237500,39619423,17.8,18.3,17.1,17.5,-0.1,1002,224
2018-11-19,6288,2384000,43009700,17.45,18.4,17.3,18.4,0.9,974,210
2018-11-20,6288,6397530,118867884,18.1,19.0,17.95,18.6,0.2,1775,136
2018-11-21,6288,4030000,74718800,18.3,18.8,17.8,18.65,0.05,1262,169
2018-11-22,6288,2320000,42803200,18.6,18.75,18.2,18.45,-0.2,768,214
2018-11-23,6288,4157100,77691465,18.55,18.85,18.4,18.75,0.3,1149,161
2018-11-26,6288,6986000,132190750,18.9,19.5,18.55,19.0,0.25,2589,128
2018-11-27,6288,1491050,28064902,18.85,19.0,18.6,18.65,-0.35,805,265
2018-11-28,6288,1726200,31564450,18.7,18.75,18.05,18.05,-0.6,912,288
2018-11-29,6288,994015,18004442,18.2,18.45,17.8,17.85,-0.2,524,351
2018-11-30,6288,896022,16042246,18.0,18.1,17.75,17.85,0.0,410,386
2018-12-03,6288,1267300,23315350,18.35,18.6,18.05,18.5,0.65,544,376
2018-12-04,6288,3501175,67477048,18.95,19.6,18.85,18.95,0.45,1617,225
2018-12-05,6288,1044000,19237550,18.15,18.8,18.1,18.25,-0.7,516,330
2018-12-06,6288,910115,16343797,18.4,18.4,17.55,17.8,-0.45,466,409
2018-12-07,6288,541000,9740050,18.3,18.3,17.8,17.9,0.1,289,385
2018-12-10,6288,1429296,26041213,17.95,18.65,17.6,17.95,0.05,688,263
2018-12-11,6288,1039902,18366435,18.05,18.05,17.5,17.65,-0.3,507,300
2018-12-12,6288,1057144,18541705,17.75,17.8,17.3,17.45,-0.2,453,342
2018-12-13,6288,475000,8297600,17.4,17.65,17.3,17.45,0.0,227,432
2018-12-14,6288,7384204,136727304,17.55,19.15,17.4,19.15,1.7,2244,139
2018-12-17,6288,12201850,236881728,19.15,19.85,18.7,19.5,0.35,4245,70
2018-12-18,6288,2950400,57190060,19.5,19.75,19.0,19.0,-0.5,1431,215
2018-12-19,6288,2655106,51454032,19.35,19.55,19.05,19.5,0.5,1160,213
2018-12-20,6288,3370250,64277837,19.7,20.15,17.85,18.15,-1.35,1725,207
2018-12-21,6288,1839600,32408699,17.95,18.3,17.1,17.7,-0.45,1020,273
2018-12-22,6288,1496100,26607800,17.55,18.4,17.25,18.35,0.65,660,193
2018-12-24,6288,1607000,29283950,18.4,18.5,17.9,18.1,-0.25,804,246
2018-12-25,6288,916168,15971773,17.8,17.85,17.1,17.3,-0.8,456,321
2018-12-26,6288,1628100,28892515,17.6,18.05,17.5,17.5,0.2,640,244
2018-12-27,6288,2312108,41505971,17.95,18.15,17.75,18.1,0.6,972,210
2018-12-28,6288,720000,12749350,18.0,18.15,17.55,17.55,-0.55,376,338
2019-01-02,6288,282150,4933925,17.6,17.65,17.4,17.45,-0.1,199,434
2019-01-03,6288,517201,8973017,17.5,17.65,17.15,17.2,-0.25,281,366
2019-01-04,6288,718150,11806575,16.8,16.8,16.0,16.35,-0.85,400,363
2019-01-07,6288,387000,6488650,16.65,16.95,16.6,16.7,0.35,226,434
2019-01-08,6288,373300,6193845,16.8,16.95,16.45,16.5,-0.2,220,426
2019-01-09,6288,335000,5577500,16.6,16.75,16.6,16.7,0.2,169,504
2019-01-10,6288,368150,6126982,16.7,16.8,16.55,16.65,-0.05,187,448
2019-01-11,6288,644000,10593150,16.55,16.75,16.2,16.35,-0.3,310,380
2019-01-14,6288,709000,11267100,16.3,16.35,15.7,15.75,-0.6,349,346
2019-01-15,6288,287000,4545750,15.75,15.95,15.75,15.8,0.05,176,470
2019-01-16,6288,715137,11596596,15.85,16.5,15.75,16.15,0.35,408,379
2019-01-17,6288,833146,13791459,16.25,16.8,16.25,16.3,0.15,399,358
2019-01-18,6288,296000,4875800,16.35,16.7,16.25,16.4,0.1,144,475
2019-01-21,6288,388000,6416950,16.6,16.7,16.45,16.45,0.05,168,456
2019-01-22,6288,260000,4301700,16.65,16.65,16.45,16.45,0.0,105,476
2019-01-23,6288,152000,2503250,16.45,16.55,16.4,16.5,0.05,82,533
2019-01-24,6288,190000,3137250,16.5,16.6,16.45,16.45,-0.05,92,544
2019-01-25,6288,501000,8280650,16.6,16.65,16.45,16.45,0.0,201,418
2019-01-28,6288,289000,4820650,16.65,16.8,16.55,16.6,0.15,164,496
2019-01-29,6288,428000,7040350,16.6,16.7,16.35,16.35,-0.25,196,423
2019-01-30,6288,442000,7216150,16.4,16.55,16.2,16.25,-0.1,169,427
2019-02-11,6288,430006,6973006,16.3,16.35,16.15,16.2,-0.05,149,473
2019-02-12,6288,560000,9124800,16.3,16.55,16.1,16.45,0.25,288,441
2019-02-13,6288,423000,6963500,16.6,16.6,16.3,16.45,0.0,183,504
2019-02-14,6288,1011200,16986770,16.45,17.0,16.45,16.85,0.4,442,388
2019-02-15,6288,4009076,72488379,17.5,18.5,17.45,17.65,0.8,1917,213
2019-02-18,6288,1126000,19824800,17.9,17.9,17.35,17.45,-0.2,486,363
2019-02-19,6288,529456,9326975,17.45,17.8,17.45,17.55,0.1,247,439
2019-02-20,6288,923000,16017600,17.75,17.8,17.15,17.35,-0.2,411,386
2019-02-21,6288,2564756,46363983,17.45,18.5,17.2,18.2,0.85,1272,262
2019-02-22,6288,3692370,68172608,18.5,18.8,18.0,18.0,-0.2,1898,211
2019-02-25,6288,849000,15186000,18.05,18.15,17.65,17.95,-0.05,393,411
2019-02-26,6288,610000,10818950,18.0,18.0,17.65,17.7,-0.25,302,458
2019-02-27,6288,313000,5498250,17.7,17.7,17.5,17.6,-0.1,199,536
2019-03-04,6288,1006011,18189950,17.85,18.3,17.7,18.1,0.5,480,368
2019-03-05,6288,609000,10999800,18.1,18.35,17.9,18.0,-0.1,284,409
2019-03-06,6288,1635526,30223558,18.1,18.7,18.1,18.65,0.65,834,289
2019-03-07,6288,1281000,23485000,18.55,18.75,17.95,18.05,-0.6,586,327
2019-03-08,6288,3708441,69671058,18.6,19.3,18.4,18.6,0.55,1934,199
2019-03-11,6288,1952421,36768588,18.75,19.1,18.55,18.65,0.05,931,272
2019-03-12,6288,1117252,20723810,18.75,18.9,18.35,18.35,-0.3,512,359
2019-03-13,6288,947000,17164500,18.5,18.5,17.9,17.9,-0.45,455,352
2019-03-14,6288,1169039,20737598,18.0,18.2,17.5,17.55,-0.35,526,369
2019-03-15,6288,640000,11425600,17.6,17.95,17.6,17.8,0.25,320,447
2019-03-18,6288,930100,16900835,18.15,18.5,17.85,18.35,0.55,426,394
2019-03-19,6288,1210100,21960785,18.45,18.45,17.85,17.85,-0.5,606,362
2019-03-20,6288,887000,16011750,17.95,18.35,17.85,18.15,0.3,374,401
2019-03-21,6288,1736500,31812300,18.05,18.65,17.95,18.6,0.45,733,316
2019-03-22,6288,4341100,82103075,19.0,19.3,18.5,19.25,0.65,1909,235
2019-03-25,6288,3047000,57685050,18.8,19.6,18.5,19.6,0.35,1277,246
2019-03-26,6288,8541387,176726775,20.0,21.25,19.9,20.1,0.5,4088,135
2019-03-27,6288,1823000,36302450,20.2,20.45,19.6,19.8,-0.3,955,291
2019-03-28,6288,3304570,67423563,19.9,20.75,19.85,20.2,0.4,1657,221
2019-03-29,6288,4889000,101682550,20.15,21.25,20.15,20.5,0.3,2153,188
2019-04-01,6288,2278156,46959308,20.6,21.05,20.25,20.25,-0.25,934,285
2019-04-02,6288,3700000,77011198,20.4,21.55,20.0,21.25,1.0,1660,227
2019-04-03,6288,7988028,174945026,21.0,22.8,20.9,22.3,1.05,3786,140
2019-04-08,6288,7121159,163903330,23.8,23.8,22.2,22.35,0.05,3381,161
2019-04-09,6288,3460102,77196196,22.5,22.9,21.65,22.0,-0.35,1700,224
2019-04-10,6288,1624241,36098643,22.05,22.55,22.05,22.25,0.25,863,311
2019-04-11,6288,1655000,36597600,22.5,22.6,21.75,21.8,-0.45,791,330
2019-04-12,6288,2025000,43411050,21.9,22.05,21.0,21.15,-0.65,1061,278
2019-04-15,6288,2872095,63654356,21.7,22.55,21.6,22.2,1.05,1485,241
2019-04-16,6288,5064000,115336550,22.1,23.2,21.85,22.7,0.5,2397,190
2019-04-17,6288,2194000,49594600,22.9,23.1,22.35,22.5,-0.2,1131,297
2019-04-18,6288,2080100,45737150,22.8,22.8,21.55,21.55,-0.95,1032,310
2019-04-19,6288,1017100,22068600,21.8,22.1,21.5,21.55,0.0,550,338
2019-04-22,6288,762000,16457150,21.7,21.8,21.45,21.55,0.0,346,383
2019-04-23,6288,1044000,22550550,21.7,21.95,21.35,21.55,0.0,490,329
2019-04-24,6288,675000,14611050,21.95,21.95,21.55,21.55,0.0,366,403
2019-04-25,6288,2422000,53800600,21.65,22.55,21.65,22.0,0.45,1375,243
2019-04-26,6288,3043002,63703192,22.0,22.0,20.0,20.8,-1.2,1667,224
2019-04-29,6288,3179000,63152150,20.7,20.95,19.45,19.5,-1.3,1536,234
2019-04-30,6288,2044000,39679350,19.6,20.0,19.05,19.9,0.4,1271,251
2019-05-02,6288,946000,18949300,19.9,20.3,19.65,20.25,0.35,392,345
2019-05-03,6288,752324,15318827,20.25,20.45,20.2,20.45,0.2,347,381
2019-05-06,6288,959000,19077450,19.8,20.15,19.6,19.85,-0.6,433,405
2019-05-07,6288,499000,10071150,19.9,20.4,19.9,20.15,0.3,294,438
2019-05-08,6288,638048,12634402,19.65,19.95,19.4,19.85,-0.3,325,408
2019-05-09,6288,1910082,36614403,19.7,19.9,18.5,18.95,-0.9,744,319
2019-05-10,6288,1528000,28981150,19.15,19.35,18.6,18.6,-0.35,597,336
2019-05-13,6288,819000,15025300,18.6,18.9,18.0,18.05,-0.55,374,428
2019-05-14,6288,822105,14579565,17.1,18.35,17.1,18.25,0.2,393,423
2019-05-15,6288,556052,10177409,18.25,18.45,18.1,18.2,-0.05,267,438
2019-05-16,6288,594000,10746000,18.3,18.4,17.75,17.8,-0.4,277,443
2019-05-17,6288,939429,16530807,17.9,18.1,17.3,17.3,-0.5,437,393
2019-05-20,6288,623000,10632700,17.4,17.55,16.7,17.2,-0.1,257,415
2019-05-21,6288,477009,8220270,16.9,17.55,16.8,17.45,0.25,226,463
2019-05-22,6288,352453,6194986,17.55,17.85,17.2,17.3,-0.15,205,471
2019-05-23,6288,595050,10083352,17.35,17.35,16.8,16.95,-0.35,343,425
2019-05-24,6288,174000,2969100,16.95,17.2,16.95,17.05,0.1,103,587
2019-05-27,6288,275000,4710100,17.3,17.3,16.95,17.1,0.05,165,552
2019-05-28,6288,211000,3625100,17.1,17.3,17.1,17.3,0.2,105,566
2019-05-29,6288,223000,3847800,17.2,17.4,17.1,17.4,0.1,115,575
2019-05-30,6288,218000,3807850,17.4,17.6,17.25,17.55,0.15,124,561
2019-05-31,6288,532000,9540350,17.65,18.15,17.6,17.85,0.3,314,448
2019-06-03,6288,452000,7843650,17.9,17.9,17.1,17.25,-0.6,270,441
2019-06-04,6288,240000,4154400,17.2,17.5,17.2,17.3,0.05,125,516
2019-06-05,6288,207000,3631550,17.45,17.65,17.45,17.55,0.25,103,550
2019-06-06,6288,390000,6726200,17.55,17.55,17.05,17.25,-0.3,187,454
2019-06-10,6288,179009,3096470,17.45,17.45,17.25,17.25,0.0,104,586
2019-06-11,6288,677005,11984944,17.35,18.0,17.25,18.0,0.75,378,411
2019-06-12,6288,306000,5430150,17.95,17.95,17.65,17.7,-0.3,150,493
2019-06-13,6288,133000,2347500,17.75,17.8,17.6,17.6,-0.1,98,596
2019-06-14,6288,218000,3851100,17.65,17.75,17.6,17.6,0.0,148,536
2019-06-17,6288,171000,3010000,17.7,17.7,17.5,17.5,-0.1,91,574
2019-06-18,6288,238000,4164700,17.55,17.6,17.4,17.45,-0.05,148,522
2019-06-19,6288,296000,5238400,17.6,17.9,17.55,17.85,0.4,161,555
2019-06-20,6288,227000,4056850,18.0,18.0,17.8,17.9,0.05,146,574
2019-06-21,6288,372000,6641550,18.0,18.05,17.6,17.65,-0.25,191,537
2019-06-24,6288,225000,3970600,17.8,17.8,17.5,17.6,-0.05,114,595
2019-06-25,6288,3248065,60518135,17.85,19.0,17.85,18.6,1.0,1629,205
2019-06-26,6288,1249150,23376300,18.8,18.9,18.5,18.65,0.05,567,288
2019-06-27,6288,1375095,26196412,18.65,19.5,18.4,19.5,0.85,573,305
2019-06-28,6288,1524000,29250650,19.5,19.55,18.85,19.4,-0.1,660,272
2019-07-01,6288,772156,15044470,19.7,19.75,19.3,19.5,0.1,327,408
2019-07-02,6288,579000,11147700,19.45,19.5,19.1,19.15,-0.35,270,452
2019-07-03,6288,1222000,23916350,19.35,19.75,19.3,19.55,0.4,568,338
2019-07-04,6288,1573007,31157089,19.75,20.0,19.6,19.9,0.35,611,290
2019-07-05,6288,626000,12413800,19.95,20.0,19.7,19.85,-0.05,244,416
2019-07-08,6288,766000,14795000,19.8,19.8,19.15,19.15,-0.7,388,402
2019-07-09,6288,1470000,28960100,19.7,19.95,19.5,19.5,0.35,623,326
2019-07-10,6288,1744000,35071400,19.8,20.25,19.75,20.15,0.65,773,292
2019-07-11,6288,1069000,21507200,20.2,20.4,19.9,20.1,-0.05,438,376
2019-07-12,6288,657000,13128350,20.3,20.3,19.85,19.85,-0.25,308,431
2019-07-15,6288,1801084,37002038,20.0,20.9,20.0,20.55,0.7,873,291
2019-07-16,6288,996067,20550664,20.6,20.95,20.4,20.4,-0.15,459,391
2019-07-17,6288,1025000,20589700,20.6,20.6,19.9,19.95,-0.45,484,362
2019-07-18,6288,769200,15241200,20.0,20.05,19.7,19.7,-0.25,343,392
2019-07-19,6288,610300,12197350,19.7,20.15,19.7,19.9,0.2,290,454
2019-07-22,6288,641135,12958540,19.85,20.35,19.85,20.25,0.35,307,431
2019-07-23,6288,1031000,20932700,20.25,20.6,20.0,20.1,-0.15,437,380
2019-07-24,6288,789199,15852089,20.2,20.25,19.9,20.05,-0.05,333,429
2019-07-25,6288,706000,14058850,19.7,20.0,19.7,19.8,0.0,307,434
2019-07-26,6288,785200,15759630,19.75,20.25,19.7,20.1,0.3,364,391
2019-07-29,6288,7543547,163385787,20.55,22.1,20.55,22.1,2.0,2546,135
2019-07-30,6288,11613202,261530294,22.6,23.4,21.7,21.95,-0.15,5699,114
2019-07-31,6288,2871836,62483307,21.8,22.35,21.25,21.75,-0.2,1400,222
2019-08-01,6288,1353000,28997700,21.55,21.6,21.25,21.35,-0.4,714,299
2019-08-02,6288,2457000,50063650,20.95,20.95,19.9,20.45,-0.9,1196,272
2019-08-05,6288,987200,20196690,20.35,21.0,20.3,20.3,-0.15,536,367
2019-08-06,6288,1786000,34634300,19.2,19.9,19.0,19.75,-0.55,940,307
2019-08-07,6288,1978000,38430050,19.85,20.05,19.15,19.2,-0.55,992,268
2019-08-08,6288,763000,14793800,19.4,19.5,19.25,19.4,0.2,354,364
2019-08-12,6288,1407000,26948400,19.45,19.45,18.95,19.05,-0.35,609,311
2019-08-13,6288,1344836,25156732,18.85,19.1,18.5,18.55,-0.5,704,321
2019-08-14,6288,787008,14736198,18.8,18.95,18.6,18.6,0.05,374,412
2019-08-15,6288,581000,10556900,18.0,18.3,17.9,18.2,-0.4,323,464
2019-08-16,6288,443508,8255304,18.5,18.9,18.3,18.75,0.55,266,471
2019-08-19,6288,651000,12320350,19.0,19.2,18.75,18.75,0.0,409,432
2019-08-20,6288,288050,5436275,18.85,19.0,18.8,18.8,0.05,173,545
2019-08-21,6288,600000,11360500,18.85,19.05,18.8,18.95,0.15,324,438
2019-08-22,6288,1333050,25596850,19.05,19.55,18.85,18.9,-0.05,593,325
2019-08-23,6288,335000,6356100,18.9,19.1,18.85,19.0,0.1,204,498
2019-08-26,6288,563000,10519100,18.65,18.85,18.55,18.55,-0.45,301,428
2019-08-27,6288,4260000,85694500,19.5,20.4,19.45,20.4,1.85,1740,203
2019-08-28,6288,10645301,224227090,21.5,21.8,20.45,20.7,0.3,4515,97
2019-08-29,6288,1514343,31168661,20.65,20.9,20.45,20.5,-0.2,725,281
2019-08-30,6288,915100,18717909,20.7,20.7,20.2,20.2,-0.3,536,366
2019-09-02,6288,1368050,28205430,20.15,20.9,20.15,20.7,0.5,671,312
2019-09-03,6288,868000,17904950,20.8,20.9,20.4,20.5,-0.2,430,371
2019-09-04,6288,1158335,24125901,20.5,21.05,20.5,20.9,0.4,582,330
2019-09-05,6288,1015250,21157924,21.1,21.15,20.6,20.9,0.0,439,363
2019-09-06,6288,577000,12040600,21.0,21.1,20.7,20.9,0.0,300,432
2019-09-09,6288,1714269,36394338,21.15,21.45,21.0,21.15,0.25,834,284
2019-09-10,6288,1242000,26274900,21.45,21.55,20.9,21.0,-0.15,561,326
2019-09-11,6288,819000,17269800,21.1,21.25,20.95,21.0,0.0,407,389
2019-09-12,6288,978250,20686362,21.4,21.4,21.0,21.0,0.0,420,344
2019-09-16,6288,1797050,38374462,21.1,21.6,21.05,21.35,0.35,729,265
2019-09-17,6288,845422,17917440,21.35,21.45,21.0,21.05,-0.3,361,346
2019-09-18,6288,877005,18362954,21.2,21.25,20.7,20.8,-0.25,434,377
2019-09-19,6288,702050,14818452,21.05,21.4,20.85,21.15,0.35,393,380
2019-09-20,6288,1018100,21771270,21.25,21.55,21.25,21.3,0.15,540,352
2019-09-23,6288,3581964,78688005,21.6,22.45,21.45,21.95,0.65,1712,199
2019-09-24,6288,1516000,33010750,22.1,22.2,21.5,21.5,-0.45,764,292
2019-09-25,6288,1809000,38061700,21.55,21.55,20.8,21.0,-0.5,794,263
2019-09-26,6288,1298464,27191211,21.1,21.3,20.7,20.7,-0.3,447,295
2019-09-27,6288,778278,15938812,20.85,20.85,20.3,20.35,-0.35,397,406
2019-10-01,6288,551000,11292350,20.2,20.7,20.2,20.55,0.2,251,405
2019-10-02,6288,397005,8204504,20.5,20.75,20.4,20.7,0.15,186,426
2019-10-03,6288,529000,10925900,20.4,20.8,20.4,20.7,0.0,209,383
2019-10-04,6288,657000,13680300,20.85,21.1,20.65,21.1,0.4,279,362
2019-10-07,6288,645745,13519795,21.35,21.45,20.7,21.0,-0.1,332,365
2019-10-08,6288,452872,9457462,20.9,21.0,20.75,21.0,0.0,201,441
2019-10-09,6288,1214700,25642760,21.1,21.55,20.8,20.8,-0.2,592,324
2019-10-14,6288,1141156,24218738,21.1,21.4,21.05,21.2,0.4,507,365
2019-10-15,6288,1126000,23973200,21.4,21.4,21.2,21.25,0.05,375,343
2019-10-16,6288,4526120,99848834,21.7,22.7,21.5,22.7,1.45,1817,202
2019-10-17,6288,5725172,127482124,22.9,23.05,21.8,22.15,-0.55,2573,161
2019-10-18,6288,1859313,41220901,22.15,22.3,21.85,22.25,0.1,933,335
2019-10-21,6288,1185002,26404394,22.4,22.45,22.15,22.3,0.05,553,336
2019-10-22,6288,969004,21443788,22.4,22.4,22.0,22.0,-0.3,431,353
2019-10-23,6288,1185393,26235146,22.05,22.4,21.95,22.0,0.0,471,329
2019-10-24,6288,9826253,227739594,23.05,23.75,22.65,22.95,0.95,4621,104
2019-10-25,6288,6676404,156951693,22.85,23.95,22.75,23.6,0.65,2980,146
2019-10-28,6288,17199932,438133833,24.3,25.95,24.3,25.95,2.35,6388,60
2019-10-29,6288,16956471,431988368,26.3,26.55,24.4,25.0,-0.95,7265,73
2019-10-30,6288,3105450,77538817,25.0,25.35,24.6,25.0,0.0,1663,194
2019-10-31,6288,6523400,156384649,25.1,25.1,23.5,23.55,-1.45,2802,164
2019-11-01,6288,2035285,48270218,23.2,23.95,23.2,23.75,0.2,954,247
2019-11-04,6288,2829900,66621598,23.5,23.9,23.35,23.45,-0.3,1040,239
2019-11-05,6288,7946296,196416209,23.5,25.45,23.5,25.2,1.75,3780,134
2019-11-06,6288,5479000,137096200,25.0,25.5,24.65,24.65,-0.55,2710,163
2019-11-07,6288,3841000,96002600,24.5,25.5,24.5,24.9,0.25,1961,191
2019-11-08,6288,8710000,222505450,25.05,26.1,24.95,25.3,0.4,4005,109
2019-11-11,6288,3287000,80435700,25.1,25.2,24.05,24.1,-1.2,1692,217
2019-11-12,6288,4993251,125052675,24.3,25.6,24.25,25.05,0.95,2566,148
2019-11-13,6288,15293525,396990737,25.3,26.65,25.3,25.5,0.45,6954,58
2019-11-14,6288,4600100,117665995,25.25,26.05,25.05,25.95,0.45,2384,175
2019-11-15,6288,5533000,140333850,25.95,26.0,25.05,25.2,-0.75,2303,157
2019-11-18,6288,1851158,46644293,25.2,25.45,25.05,25.05,-0.15,864,254
2019-11-19,6288,1896742,47763400,25.05,25.45,25.0,25.0,-0.05,940,251
2019-11-20,6288,2348136,58576708,25.1,25.35,24.75,24.8,-0.2,1123,217
2019-11-21,6288,3137700,76776160,24.8,24.9,24.25,24.35,-0.45,1178,196
2019-11-22,6288,1799000,44337800,24.55,24.95,24.4,24.4,0.05,838,246
2019-11-25,6288,4420585,111591417,24.6,25.6,24.5,25.55,1.15,1692,159
2019-11-26,6288,4397242,112582293,25.75,25.9,25.2,25.65,0.1,1842,186
2019-11-27,6288,4007000,103169000,25.6,26.15,25.5,25.6,-0.05,1597,166
2019-11-28,6288,8033200,210256610,25.85,26.6,25.45,26.6,1.0,3316,97
2019-11-29,6288,11257582,295909964,26.8,27.3,25.55,25.75,-0.85,4724,78
2019-12-02,6288,2602495,66833921,25.75,26.0,25.3,25.7,-0.05,1085,208
2019-12-03,6288,3076493,80234540,25.5,26.35,25.5,26.35,0.65,1472,182
2019-12-04,6288,3193100,83565600,26.25,26.6,25.85,25.85,-0.5,1280,175
2019-12-05,6288,2985400,77599970,26.2,26.45,25.75,26.0,0.15,1065,195
2019-12-06,6288,5282900,140027530,26.0,26.8,26.0,26.7,0.7,2221,130
2019-12-09,6288,14135200,373966250,26.9,27.5,25.65,25.65,-1.05,5767,54
2019-12-10,6288,2723007,69954327,25.65,25.95,25.55,25.55,-0.1,1115,205
2019-12-11,6288,3880480,97849398,25.55,25.65,25.05,25.1,-0.45,1561,178
2019-12-12,6288,1446319,36444690,25.3,25.45,25.0,25.05,-0.05,632,305
2019-12-13,6288,1913000,48550450,25.4,25.6,25.1,25.35,0.3,820,267
2019-12-16,6288,3460400,89839490,25.6,26.2,25.5,26.1,0.75,1444,197
2019-12-17,6288,6197000,163734500,26.45,26.85,26.0,26.3,0.2,2504,148
2019-12-18,6288,4426400,117193919,26.4,26.85,26.15,26.3,0.0,1651,187
2019-12-19,6288,4599000,122284950,26.75,26.95,26.15,26.35,0.05,2032,163
2019-12-20,6288,3356600,89017779,26.5,26.8,26.15,26.8,0.45,1251,215
2019-12-23,6288,4094190,109811242,26.7,27.15,26.55,26.8,0.0,1797,165
2019-12-24,6288,2736001,73193076,27.0,27.1,26.6,26.6,-0.2,1030,207
2019-12-25,6288,7385000,199850600,26.7,27.3,26.6,27.3,0.7,2798,87
2019-12-26,6288,18343626,504003863,27.7,28.4,26.5,26.5,-0.8,7501,33
2019-12-27,6288,3419000,90499750,26.5,26.8,26.25,26.4,-0.1,1516,178
2019-12-30,6288,1245470,33076095,26.55,26.8,26.45,26.6,0.2,593,295
2019-12-31,6288,1930000,50795450,26.65,26.65,26.2,26.2,-0.4,763,254
2020-01-02,6288,1851354,48675376,26.45,26.65,26.05,26.35,0.15,893,269
2020-01-03,6288,2263000,59022250,26.4,26.6,25.7,26.15,-0.2,957,273
2020-01-06,6288,6576000,175996750,26.15,27.15,26.15,27.15,1.0,2733,122
2020-01-07,6288,7859223,211911360,27.45,27.55,26.2,27.0,-0.15,3468,120
2020-01-08,6288,2803000,75048800,26.6,27.1,26.5,26.7,-0.3,1191,217
2020-01-09,6288,3855000,104241500,27.2,27.4,26.7,26.7,0.0,1583,169
2020-01-10,6288,2349223,62938160,27.0,27.1,26.4,26.95,0.25,1026,213
2020-01-13,6288,2109350,56867400,27.05,27.15,26.7,27.0,0.05,867,248
2020-01-14,6288,19021296,530390475,27.45,28.45,27.3,27.8,0.8,8355,64
2020-01-15,6288,8121115,228083266,28.1,28.4,27.65,28.4,0.6,3562,108
2020-01-16,6288,5305737,148920411,28.35,28.4,27.8,27.8,-0.6,2174,133
2020-01-17,6288,2384567,66182361,27.9,27.95,27.55,27.65,-0.15,1084,223
2020-01-20,6288,1776100,49334790,27.9,27.9,27.6,27.8,0.15,735,259
2020-01-30,6288,6178162,157555054,25.6,26.4,25.05,25.05,-2.75,2435,220
2020-01-31,6288,3736630,93175280,25.45,25.7,24.2,24.65,-0.4,1594,227
2020-02-03,6288,2993000,70665450,23.9,24.35,22.8,23.55,-1.1,1260,268
2020-02-04,6288,3896250,97537775,24.95,25.35,24.5,24.9,1.35,1925,208
2020-02-05,6288,3835000,97929650,25.8,25.9,25.15,25.2,0.3,1886,203
2020-02-06,6288,1972472,49923672,25.45,25.7,24.8,25.6,0.4,985,264
2020-02-07,6288,1625000,40871700,25.45,25.45,24.95,25.1,-0.5,819,286
2020-02-10,6288,1991649,48818000,24.2,24.8,24.15,24.5,-0.6,937,259
2020-02-11,6288,1907300,48058470,25.0,25.45,24.85,25.45,0.95,965,232
2020-02-12,6288,4244105,109129385,25.7,25.95,25.5,25.55,0.1,2201,172
2020-02-13,6288,1483026,37521389,25.5,25.55,25.05,25.05,-0.5,762,289
2020-02-14,6288,1331310,33518595,25.3,25.45,25.05,25.1,0.05,608,269
2020-02-17,6288,1021100,25361235,25.0,25.05,24.7,24.75,-0.35,542,311
2020-02-18,6288,588100,14537280,24.75,24.95,24.6,24.7,-0.05,322,386
2020-02-19,6288,5588425,143845264,25.1,26.1,25.05,25.8,1.1,2729,149
2020-02-20,6288,5109070,133540787,26.45,26.65,25.7,25.9,0.1,2486,157
2020-02-21,6288,974000,25059900,25.8,26.0,25.6,25.65,-0.25,529,323
2020-02-24,6288,1096000,27652600,25.2,25.5,25.1,25.2,-0.45,558,331
2020-02-25,6288,1418000,35157650,24.6,25.1,24.5,24.9,-0.3,715,299
2020-02-26,6288,721080,18009900,24.75,25.15,24.75,24.9,0.0,373,357
2020-02-27,6288,2676000,64631700,24.9,25.0,23.55,23.55,-1.35,1300,269
2020-03-02,6288,1304000,30421700,22.5,23.85,22.5,23.55,0.0,720,360
2020-03-03,6288,970000,23408500,24.4,24.4,24.05,24.1,0.55,475,341
2020-03-04,6288,833000,19946600,23.9,24.2,23.55,24.0,-0.1,391,349
2020-03-05,6288,827300,20204034,24.3,24.55,24.25,24.35,0.35,442,347
2020-03-06,6288,512000,12287800,24.1,24.35,23.9,24.05,-0.3,296,433
2020-03-09,6288,1583163,36706599,23.6,23.8,22.9,22.9,-1.15,770,377
2020-03-10,6288,1482304,33124601,22.0,22.9,21.85,22.9,0.0,704,372
2020-03-11,6288,910000,20748950,22.9,23.3,22.15,22.35,-0.55,436,380
2020-03-12,6288,3035000,62348700,22.0,22.0,20.15,20.15,-2.2,1399,315
2020-03-13,6288,2635700,48184650,18.15,19.1,18.15,18.95,-1.2,955,379
2020-03-16,6288,2236005,40166704,19.05,19.4,17.1,17.25,-1.7,972,327
2020-03-17,6288,3039005,48783280,16.0,16.85,15.6,15.6,-1.65,1108,304
2020-03-18,6288,1727515,27682411,16.05,16.4,15.75,15.75,0.15,838,357
2020-03-19,6288,2121298,30503910,15.3,15.3,14.2,14.2,-1.55,903,437
2020-03-20,6288,1835009,27565590,14.65,15.4,14.45,15.0,0.8,788,365
2020-03-23,6288,3188000,43461800,14.5,14.5,13.5,13.5,-1.5,1191,261
2020-03-24,6288,2223000,31386150,13.9,14.4,13.85,14.05,0.55,879,305
2020-03-25,6288,2680000,40434900,14.8,15.35,14.7,15.2,1.15,1000,311
2020-03-26,6288,2333300,35358550,15.55,15.7,14.7,15.2,0.0,913,303
2020-03-27,6288,2933000,45100450,15.8,15.85,15.0,15.0,-0.2,1024,311
2020-03-30,6288,1489000,21839700,14.5,15.15,14.3,15.1,0.1,655,329
2020-03-31,6288,3710000,58200800,15.3,16.2,15.1,15.6,0.5,1433,243
2020-04-01,6288,1679067,25860845,15.55,15.6,15.1,15.5,-0.1,688,299
2020-04-06,6288,2241014,34523682,15.5,15.7,15.0,15.6,0.1,931,290
2020-04-07,6288,5307300,86411459,16.35,16.55,16.05,16.2,0.6,1840,225
2020-04-08,6288,4811000,81269350,16.25,17.6,16.1,17.4,1.2,2097,238
2020-04-09,6288,3761186,64533062,17.5,17.7,16.8,17.0,-0.4,1495,262
2020-04-10,6288,5114100,91639370,17.9,18.35,17.6,17.7,0.7,2230,196
2020-04-13,6288,2852417,49494948,17.5,17.65,17.0,17.35,-0.35,1088,245
2020-04-14,6288,2594297,45951921,17.7,18.0,17.55,17.6,0.25,1130,287
2020-04-15,6288,4830212,86291196,17.65,18.2,17.5,18.05,0.45,1955,248
2020-04-16,6288,1756000,31444950,17.7,18.05,17.7,18.05,0.0,798,332
2020-04-17,6288,4000000,73231400,18.6,18.8,17.85,17.95,-0.1,1640,276
2020-04-20,6288,1320205,23885650,17.95,18.3,17.85,18.2,0.25,577,339
2020-04-21,6288,2648000,46662200,18.1,18.2,17.2,17.25,-0.95,1198,317
2020-04-22,6288,1733000,29871950,16.7,17.7,16.7,17.5,0.25,745,309
2020-04-23,6288,2271000,40889650,17.75,18.4,17.65,18.15,0.65,1034,286
2020-04-24,6288,1923002,34995036,18.05,18.45,17.8,18.35,0.2,764,285
2020-04-27,6288,9497000,179562050,18.7,19.4,18.65,18.75,0.4,3696,165
2020-04-28,6288,3356100,63218765,18.85,19.1,18.5,19.1,0.35,1376,271
2020-04-29,6288,2954386,56361903,19.15,19.35,18.9,18.9,-0.2,1197,301
2020-04-30,6288,2757176,53011051,19.3,19.4,19.05,19.25,0.35,1084,334
2020-05-04,6288,2597000,49149750,18.8,19.35,18.5,19.35,0.1,954,300
2020-05-05,6288,7299100,146491550,20.2,20.6,19.6,19.6,0.25,3055,181
2020-05-06,6288,2030000,39685600,19.65,19.85,19.35,19.35,-0.25,877,352
2020-05-07,6288,2904060,57128507,19.4,19.95,19.3,19.65,0.3,956,288
2020-05-08,6288,1749000,34625300,19.75,20.05,19.6,19.6,-0.05,754,371
2020-05-11,6288,3849300,74067580,18.85,19.8,18.5,19.6,0.0,1455,280
2020-05-12,6288,1754020,34381044,19.75,19.85,19.4,19.5,-0.1,757,347
2020-05-13,6288,1295000,25087100,19.25,19.6,19.0,19.45,-0.05,563,371
2020-05-14,6288,1516000,28825050,19.35,19.55,18.6,18.7,-0.75,738,383
2020-05-15,6288,1066322,20054871,19.0,19.1,18.5,18.65,-0.05,510,406
2020-05-18,6288,706200,13228170,18.65,18.9,18.5,18.75,0.1,366,458
2020-05-19,6288,2678000,52016900,19.0,19.8,18.8,19.6,0.85,983,284
2020-05-20,6288,1533901,29702322,19.6,19.6,19.15,19.25,-0.35,737,344
2020-05-21,6288,1272025,24914347,19.35,19.8,19.35,19.7,0.45,605,380
2020-05-22,6288,1878000,37204350,20.0,20.3,19.5,19.5,-0.2,997,338
2020-05-25,6288,2828400,56492660,19.6,20.4,19.35,20.4,0.9,1185,288
2020-05-26,6288,2808001,56646971,20.4,20.5,19.9,19.95,-0.45,1082,298
2020-05-27,6288,6186000,128551000,20.1,21.4,20.0,21.2,1.25,2561,202
2020-05-28,6288,6538000,140813100,21.0,22.15,20.75,21.4,0.2,2320,200
2020-05-29,6288,3382159,71040370,21.1,21.45,20.7,20.9,-0.5,1139,266
2020-06-01,6288,1189000,25071350,20.95,21.25,20.95,21.15,0.25,528,390
2020-06-02,6288,1697200,35875720,21.35,21.45,20.95,21.0,-0.15,713,341
2020-06-03,6288,3165022,67635979,21.0,21.85,20.65,21.75,0.75,1153,302
2020-06-04,6288,3210000,69766900,21.8,22.15,21.4,21.55,-0.2,1217,296
2020-06-05,6288,1332000,28722450,21.45,21.75,21.45,21.5,-0.05,458,419
2020-06-08,6288,2866000,63140300,21.65,22.5,21.5,21.9,0.4,1072,323
2020-06-09,6288,4397114,99128687,22.1,23.2,21.9,22.3,0.4,1832,265
2020-06-10,6288,2289150,50035575,22.2,22.2,21.6,21.7,-0.6,1064,336
2020-06-11,6288,1909000,40778150,21.85,21.95,21.0,21.0,-0.7,813,414
2020-06-12,6288,1266000,25839250,20.1,20.9,19.95,20.8,-0.2,573,421
2020-06-15,6288,1360014,29087308,21.1,21.8,20.9,21.25,0.45,738,387
2020-06-16,6288,1276026,27592919,21.55,21.9,21.35,21.6,0.35,549,387
2020-06-17,6288,695000,15054700,21.7,21.9,21.5,21.75,0.15,307,475
2020-06-18,6288,1991998,43650554,21.8,22.2,21.5,22.2,0.45,725,341
2020-06-19,6288,4778000,108824450,22.9,23.35,22.3,22.4,0.2,2122,269
2020-06-22,6288,1374998,31084102,22.35,22.9,22.2,22.4,0.0,703,404
2020-06-23,6288,1742021,38954625,22.45,22.7,22.0,22.65,0.25,736,349
2020-06-24,6288,1276440,28816766,22.75,22.8,22.3,22.6,-0.05,567,383
2020-06-29,6288,1016000,22198900,21.8,22.15,21.4,21.7,0.0,519,427
2020-06-30,6288,627247,13919556,22.2,22.4,21.9,22.15,0.45,321,460
2020-07-01,6288,1494999,33805627,22.35,23.05,22.3,22.35,0.2,789,375
2020-07-02,6288,880400,19867800,22.4,22.8,22.4,22.55,0.2,446,450
2020-07-03,6288,2815727,64625621,22.8,23.25,22.7,23.0,0.45,1172,312
2020-07-06,6288,9030549,222642339,24.25,25.3,23.85,25.3,2.3,4254,200
2020-07-07,6288,9516690,250182668,26.2,27.15,25.6,25.85,0.55,4649,186
2020-07-08,6288,4367456,114606896,25.6,26.7,25.4,26.6,0.75,2042,284
2020-07-09,6288,3979201,105378125,26.95,27.05,25.75,25.75,-0.85,1882,300
2020-07-10,6288,2474006,62735304,26.15,26.15,24.7,25.2,-0.55,1274,364
2020-07-13,6288,1927400,49780420,26.05,26.45,25.5,25.55,0.35,935,359
2020-07-14,6288,1571500,39491875,25.05,25.55,24.9,24.9,-0.65,814,387
2020-07-15,6288,3208100,82295920,25.4,26.3,25.1,25.2,0.3,1541,299
2020-07-16,6288,1448117,36716389,25.25,25.75,25.0,25.55,0.35,643,383
2020-07-17,6288,1920700,48138065,25.75,25.95,24.5,24.55,-1.0,851,347
2020-07-20,6288,1629561,40251084,24.7,25.2,24.25,24.7,0.15,719,340
2020-07-21,6288,2300000,58744000,25.1,25.9,25.1,25.7,1.0,1097,315
2020-07-22,6288,2947822,76571922,26.2,26.45,25.65,25.8,0.1,1392,274
2020-07-23,6288,2034264,52693774,25.9,26.35,25.7,25.85,0.05,908,306
2020-07-24,6288,3101380,80329852,25.85,26.4,25.25,25.4,-0.45,1304,284
2020-07-27,6288,1663500,41778225,25.45,25.6,24.9,24.9,-0.5,708,363
2020-07-28,6288,1520026,37760483,25.05,25.6,24.25,24.45,-0.45,840,387
2020-07-29,6288,724260,17995184,24.4,25.15,24.4,24.75,0.3,361,444
2020-07-30,6288,2998817,77051495,25.15,26.6,24.95,26.25,1.5,1200,259
2020-07-31,6288,3714000,95184050,25.95,25.95,25.25,25.5,-0.75,1717,215
2020-08-03,6288,941420,23898776,25.5,25.7,25.15,25.45,-0.05,572,401
2020-08-04,6288,4495876,117597749,25.75,26.5,25.6,26.25,0.8,2064,213
2020-08-05,6288,9354033,249342811,26.65,27.2,26.1,26.25,0.0,4055,157
2020-08-06,6288,2672153,69177597,26.25,26.45,25.5,25.65,-0.6,1355,295
2020-08-07,6288,5337700,141179542,26.05,26.85,25.8,26.85,1.2,2605,215
2020-08-10,6288,5057100,134443120,26.9,27.35,26.0,26.05,-0.8,2466,224
2020-08-11,6288,2637200,67890920,26.0,26.3,25.35,25.35,-0.7,1175,312
2020-08-12,6288,1224001,31078727,25.35,25.7,25.0,25.6,0.25,704,375
2020-08-13,6288,1164279,30175011,26.05,26.2,25.65,25.65,0.05,570,394
2020-08-14,6288,1193200,30474030,25.6,25.8,25.4,25.4,-0.25,554,403
2020-08-17,6288,1971220,51064126,25.55,26.25,25.5,25.8,0.4,901,370
2020-08-18,6288,2339000,60400200,26.1,26.45,25.35,25.55,-0.25,1178,330
2020-08-19,6288,1717610,43854052,25.9,26.1,25.0,25.15,-0.4,918,403
2020-08-20,6288,5094000,120082600,25.1,25.2,22.65,23.0,-2.15,2273,310
2020-08-21,6288,4139100,103283330,23.9,25.3,23.9,25.3,2.3,1670,259
2020-08-24,6288,6413009,167685599,25.95,27.0,25.5,25.75,0.45,3181,191
2020-08-25,6288,20588522,564000566,25.6,28.3,25.6,28.0,2.25,7803,82
2020-08-26,6288,21884809,622048664,27.9,29.25,27.4,28.7,0.7,10146,63
2020-08-27,6288,11391069,328067207,29.1,29.55,28.1,28.95,0.25,5399,122
2020-08-28,6288,26999768,837994666,28.7,31.8,28.65,31.8,2.85,11718,50
2020-08-31,6288,44124623,1479932842,32.85,34.6,32.65,33.1,1.3,19589,30
2020-09-01,6288,17214983,560266797,33.5,33.7,31.5,31.9,-1.2,8230,87
2020-09-02,6288,24234795,799790506,32.3,34.2,31.75,33.9,2.0,11820,54
2020-09-03,6288,26925300,920270450,33.25,36.05,32.9,33.9,0.0,13064,48
2020-09-04,6288,11043040,366260893,32.4,33.75,32.1,33.1,-0.8,5210,124
2020-09-07,6288,9176545,295521330,33.2,33.45,31.2,31.9,-1.2,4585,143
2020-09-08,6288,5367860,171549839,32.2,32.75,31.35,31.45,-0.45,2548,182
2020-09-09,6288,5675254,176474374,30.4,32.0,29.4,31.5,0.05,2746,181
2020-09-10,6288,7155300,220326168,32.0,32.35,29.75,30.2,-1.3,3183,162
2020-09-11,6288,6204807,183945215,29.8,30.55,28.95,29.45,-0.75,2824,185
2020-09-14,6288,3890500,116385798,29.9,30.6,29.5,30.6,1.15,1736,219
2020-09-15,6288,5126763,155759091,30.95,30.95,30.1,30.25,-0.35,2434,182
2020-09-16,6288,16970147,550141486,30.5,33.25,30.45,33.25,3.0,7561,59
2020-09-17,6288,49779089,1704821541,33.6,35.25,33.3,34.25,1.0,21650,13
2020-09-18,6288,13049181,450332330,34.05,35.35,33.8,34.2,-0.05,6141,100
2020-09-21,6288,12119680,422562350,34.85,35.5,34.3,34.3,0.1,5717,82
2020-09-22,6288,9931366,332374164,34.7,34.95,32.65,33.35,-0.95,4364,97
2020-09-23,6288,13687415,493528759,35.15,36.65,35.15,36.65,3.3,5028,70
2020-09-24,6288,85706307,3250361580,37.15,39.0,37.0,39.0,2.35,36036,6
2020-09-25,6288,43490544,1629345956,39.6,40.15,35.1,35.15,-3.85,19522,28
2020-09-28,6288,13360808,470333180,35.8,36.1,34.35,34.5,-0.65,6167,63
2020-09-29,6288,13120291,459387337,35.05,36.15,34.15,34.15,-0.35,6468,70
2020-09-30,6288,7506390,258117100,34.7,34.95,33.85,34.95,0.8,3871,100
2020-10-05,6288,7714686,271245568,35.05,35.9,34.6,34.95,0.0,3721,96
2020-10-06,6288,6531961,228122991,35.2,35.6,34.5,34.7,-0.25,3214,128
2020-10-07,6288,3429760,119181132,34.3,35.1,34.15,34.7,0.0,1785,175
2020-10-08,6288,22135002,803690514,34.8,37.1,34.8,36.0,1.3,10920,46
2020-10-12,6288,10508321,366596201,35.7,35.7,34.2,34.6,-1.4,4988,103
2020-10-13,6288,6509806,221395104,34.45,34.8,33.7,33.85,-0.75,3050,132
2020-10-14,6288,7638434,267069212,34.05,35.4,34.05,35.1,1.25,4077,124
2020-10-15,6288,21450435,787126107,35.5,37.55,35.4,36.2,1.1,10741,39
2020-10-16,6288,7031820,250124375,36.0,36.55,34.95,35.4,-0.8,3901,133
2020-10-19,6288,3774900,133325410,35.2,35.85,35.0,35.3,-0.1,2008,188
2020-10-20,6288,6045634,216445937,35.65,36.4,35.35,35.4,0.1,3223,127
2020-10-21,6288,3970365,141124525,35.5,36.15,35.15,35.25,-0.15,2154,182
2020-10-22,6288,5164440,178744998,35.6,35.65,34.15,34.55,-0.7,2694,176
2020-10-23,6288,2241500,77639500,34.85,34.9,34.35,34.5,-0.05,1222,236
2020-10-26,6288,4611470,161998519,35.0,35.75,34.7,34.7,0.2,2315,162
2020-10-27,6288,2407530,82544865,34.2,34.55,34.1,34.15,-0.55,1257,248
2020-10-28,6288,3098046,106213092,34.25,34.8,34.05,34.1,-0.05,1468,218
2020-10-29,6288,3727000,123895125,33.1,33.8,32.7,33.7,-0.4,1700,187
2020-10-30,6288,4449484,148763825,34.15,34.45,32.9,32.95,-0.75,2161,189
2020-11-02,6288,3533573,113313803,32.95,33.2,31.7,31.9,-1.05,1619,190
2020-11-03,6288,3331215,110189769,32.25,33.6,32.15,33.25,1.35,1827,198
2020-11-04,6288,3359956,112874751,33.65,34.15,33.2,33.5,0.25,1677,196
2020-11-05,6288,4633351,158815665,33.55,34.75,33.25,34.4,0.9,2376,162
2020-11-06,6288,5662045,197985975,34.4,35.35,34.3,34.95,0.55,2890,152
2020-11-09,6288,4949938,173452056,35.2,35.55,34.65,35.0,0.05,2296,197
2020-11-10,6288,3905162,133416582,35.0,35.0,33.45,33.9,-1.1,2126,251
2020-11-11,6288,2098285,71516836,33.9,34.45,33.8,33.85,-0.05,1312,323
2020-11-12,6288,2311550,77325860,34.5,34.5,33.0,33.15,-0.7,1256,311
2020-11-13,6288,2752372,93153043,33.3,34.4,32.95,34.0,0.85,1463,254
2020-11-16,6288,2115821,71474664,34.5,34.5,33.5,33.55,-0.45,1185,327
2020-11-17,6288,17347251,608517583,34.0,35.9,33.9,35.4,1.85,8075,84
2020-11-18,6288,6942801,242366062,34.8,35.45,34.6,34.85,-0.55,3589,155
2020-11-19,6288,5917683,206286055,34.7,35.6,34.35,34.35,-0.5,3116,184
2020-11-20,6288,2725150,94197267,34.75,34.95,34.3,34.4,0.05,1442,283
2020-11-23,6288,6412350,224952668,34.8,35.45,34.6,34.85,0.45,3242,183
2020-11-24,6288,3842326,134880231,35.2,35.5,34.65,34.8,-0.05,2035,263
2020-11-25,6288,14369996,512501800,35.25,36.5,34.65,34.65,-0.15,7017,102
2020-11-26,6288,8938803,317357309,34.95,35.95,34.8,35.55,0.9,4597,132
2020-11-27,6288,5028000,177445999,35.75,35.9,35.0,35.35,-0.2,2673,223
2020-11-30,6288,6754769,240662021,35.65,36.3,35.15,35.15,-0.2,3541,216
2020-12-01,6288,3072328,107372869,35.2,35.65,34.6,34.9,-0.25,1755,301
2020-12-02,6288,5635887,198367450,35.3,35.75,34.8,34.8,-0.1,2621,228
2020-12-03,6288,3209285,111087129,35.2,35.2,34.2,34.3,-0.5,1747,301
2020-12-04,6288,6502305,218926929,34.4,34.55,33.15,33.3,-1.0,3570,208
2020-12-07,6288,6139254,205527522,33.65,34.3,32.5,33.75,0.45,3196,241
2020-12-08,6288,5056252,173684760,34.55,34.9,33.7,33.75,0.0,2650,245
2020-12-09,6288,3921123,131251706,34.1,34.15,33.15,33.2,-0.55,2058,287
2020-12-10,6288,4186363,136380272,33.1,33.1,32.2,32.55,-0.65,2331,283
2020-12-11,6288,3789456,121749330,32.8,32.95,31.6,31.85,-0.7,1894,292
2020-12-14,6288,3132871,102001997,32.0,33.25,31.65,32.8,0.95,1553,277
2020-12-15,6288,3725845,118895763,32.8,33.15,31.5,31.7,-1.1,1887,275
2020-12-16,6288,2520167,80893835,31.9,32.75,31.7,31.8,0.1,1195,310
2020-12-17,6288,3041602,95180253,31.8,32.1,31.0,31.3,-0.5,1743,281
2020-12-18,6288,2375871,73455241,31.3,31.5,30.6,30.75,-0.55,1489,338
2020-12-21,6288,3783611,115351675,30.95,31.0,29.85,30.75,0.0,1961,294
2020-12-22,6288,2507628,78123131,30.75,31.6,30.5,30.75,0.0,1424,370
2020-12-23,6288,2076829,64002827,30.75,31.3,30.3,30.9,0.15,955,344
2020-12-24,6288,2447110,77564720,31.35,32.0,31.35,31.7,0.8,1155,318
2020-12-25,6288,3196606,102849006,31.9,32.55,31.8,32.3,0.6,1513,270
2020-12-28,6288,4766670,155765041,32.5,33.25,31.95,32.55,0.25,2434,234
2020-12-29,6288,2267530,72731116,32.6,32.8,31.65,31.8,-0.75,1308,356
2020-12-30,6288,2012857,65148977,31.8,32.8,31.8,32.25,0.45,1057,364
2020-12-31,6288,3520850,114849304,32.3,33.25,31.75,32.55,0.3,1760,262
2021-01-04,6288,16991908,586849682,32.95,35.4,32.55,35.1,2.55,7891,106
2021-01-05,6288,33482882,1207733556,35.55,37.4,35.3,35.5,0.4,15773,52
2021-01-06,6288,9287490,318362014,35.25,35.75,33.0,34.0,-1.5,4866,195
2021-01-07,6288,3732129,126666382,34.65,34.75,33.4,33.6,-0.4,1957,281
2021-01-08,6288,4477403,152009561,34.1,34.65,33.35,33.45,-0.15,2259,280
2021-01-11,6288,9401324,318836568,33.45,34.7,32.4,34.55,1.1,4210,167
2021-01-12,6288,4447205,148300850,34.4,34.4,32.65,32.7,-1.85,2476,291
2021-01-13,6288,2266069,74902960,33.05,33.35,32.8,33.05,0.35,1158,350
2021-01-14,6288,2680230,90231599,33.05,34.0,33.05,33.6,0.55,1554,315
2021-01-15,6288,2425470,80141854,33.95,33.95,32.65,32.7,-0.9,1339,369
2021-01-18,6288,2124691,68736252,32.8,33.2,31.5,33.05,0.35,1201,347
2021-01-19,6288,8931776,303323954,33.15,34.85,33.15,33.4,0.35,4707,162
2021-01-20,6288,3372602,109277667,33.35,33.4,31.8,32.0,-1.4,1902,336
2021-01-21,6288,1859343,59541347,32.35,32.6,31.7,31.95,-0.05,1122,359
2021-01-22,6288,2149798,68208747,32.0,32.25,31.5,31.7,-0.25,1032,328
2021-01-25,6288,2082569,65856705,31.7,32.3,31.0,31.9,0.2,1112,324
2021-01-26,6288,1983177,63565191,32.05,32.6,31.55,31.55,-0.35,1202,320
2021-01-27,6288,3840886,125183766,31.9,33.05,31.85,32.65,1.1,2188,233
2021-01-28,6288,1900390,61441462,32.0,32.85,32.0,32.2,-0.45,1130,314
2021-01-29,6288,2334774,73631583,32.25,32.5,31.1,31.25,-0.95,1308,315
2021-02-01,6288,1344158,41355592,31.0,31.15,30.4,30.9,-0.35,676,367
2021-02-02,6288,1119100,35108800,31.1,31.55,31.1,31.5,0.6,610,376
2021-02-03,6288,1251433,39873423,31.85,32.4,31.3,31.4,-0.1,754,352
2021-02-04,6288,1086400,33969480,31.3,31.7,31.1,31.1,-0.3,469,343
2021-02-05,6288,1239683,38563566,31.45,31.5,30.9,31.15,0.05,678,354
2021-02-17,6288,2212801,69179433,31.3,31.75,30.85,31.2,0.05,1106,347
2021-02-18,6288,2249420,70655473,31.4,31.75,31.1,31.4,0.2,1096,357
2021-02-19,6288,3216612,103171070,31.5,32.5,31.5,32.35,0.95,1709,310
2021-02-22,6288,4039906,132465262,32.85,33.25,32.25,33.0,0.65,2101,310
2021-02-23,6288,2076681,67348004,33.0,33.0,32.2,32.3,-0.7,1228,396
2021-02-24,6288,1676213,54483982,32.6,32.85,32.2,32.3,0.0,849,421
2021-02-25,6288,1322122,42896814,33.0,33.0,32.2,32.3,0.0,691,426
2021-02-26,6288,1281052,40799169,32.2,32.2,31.6,31.8,-0.5,795,448
2021-03-02,6288,2021550,63234973,32.0,32.2,30.7,30.8,-1.0,1090,388
2021-03-03,6288,1120369,34556694,30.85,31.3,30.25,31.15,0.35,687,463
2021-03-04,6288,883652,27232641,31.0,31.25,30.6,30.85,-0.3,555,472
2021-03-05,6288,750623,22899102,30.6,30.75,30.2,30.5,-0.35,469,472
2021-03-08,6288,1161388,35236382,30.65,30.9,30.0,30.05,-0.45,611,442
2021-03-09,6288,1335769,39718504,30.35,30.35,29.5,29.8,-0.25,726,437
2021-03-10,6288,1014054,30623624,30.3,30.6,30.0,30.1,0.3,511,455
2021-03-11,6288,1466104,45229846,30.5,31.15,30.5,30.95,0.85,852,424
2021-03-12,6288,2408652,75961873,31.2,31.95,30.95,31.75,0.8,1291,346
2021-03-15,6288,2457710,77698563,31.95,32.05,31.4,31.4,-0.35,1221,345
2021-03-16,6288,950627,29797631,31.25,31.65,31.2,31.35,-0.05,511,506
2021-03-17,6288,1282471,40440965,31.4,31.9,31.25,31.35,0.0,577,452
2021-03-18,6288,1352958,42750770,31.55,31.85,31.4,31.4,0.05,679,457
2021-03-19,6288,1763730,54563646,31.3,31.45,30.45,30.85,-0.55,990,431
2021-03-22,6288,1514986,46210861,30.9,30.9,30.3,30.45,-0.4,857,469
2021-03-23,6288,1241310,37634113,30.55,30.7,30.1,30.2,-0.25,705,489
2021-03-24,6288,4141031,130391695,30.2,32.2,30.15,31.75,1.55,2426,269
2021-03-25,6288,1729984,54222594,31.75,31.9,31.05,31.1,-0.65,994,413
2021-03-26,6288,1092755,34303341,31.35,31.6,31.2,31.35,0.25,549,472
2021-03-29,6288,1437954,44832471,31.7,31.7,30.95,31.0,-0.35,745,474
2021-03-30,6288,2030870,62137487,30.8,31.05,30.4,30.55,-0.45,1053,398
2021-03-31,6288,3718471,116600457,30.85,31.75,30.6,31.05,0.5,1853,318
2021-04-01,6288,1414770,44329614,31.05,31.7,31.0,31.0,-0.05,817,463
2021-04-06,6288,1116742,34784068,31.15,31.4,31.05,31.1,0.1,609,541
2021-04-07,6288,2482018,78433486,31.2,31.85,31.2,31.65,0.55,1137,416
2021-04-08,6288,5262696,170213736,31.9,32.8,31.7,32.6,0.95,2918,330
2021-04-09,6288,3313983,106941187,32.95,32.95,31.85,32.1,-0.5,1822,409
2021-04-12,6288,1894030,60223375,32.15,32.4,31.6,31.65,-0.45,1081,516
2021-04-13,6288,1957721,61436885,31.8,31.9,30.65,30.8,-0.85,1195,517
2021-04-14,6288,2256852,68971110,31.2,31.25,30.1,30.65,-0.15,1172,480
2021-04-15,6288,701242,21557600,30.6,30.85,30.6,30.8,0.15,445,580
2021-04-16,6288,868448,26877021,31.2,31.2,30.8,30.85,0.05,499,590
2021-04-19,6288,1160204,35571323,30.85,30.95,30.5,30.95,0.1,640,616
2021-04-20,6288,1115297,34659734,30.8,31.35,30.65,31.2,0.25,606,597
2021-04-21,6288,1107092,34577982,31.2,31.4,31.1,31.25,0.05,601,578
2021-04-22,6288,2453726,76161594,31.35,31.75,29.5,30.4,-0.85,1228,529
2021-04-23,6288,952080,29082531,30.5,30.75,30.45,30.45,0.05,562,587
2021-04-26,6288,1945372,58961441,30.45,30.75,30.15,30.2,-0.25,977,490
2021-04-27,6288,1212478,36622287,30.35,30.45,30.05,30.4,0.2,655,560
2021-04-28,6288,9856841,315439238,30.5,32.7,30.25,32.35,1.95,4957,223
2021-04-29,6288,12573610,416313981,33.6,33.95,32.35,32.45,0.1,6376,197
2021-05-03,6288,3254197,104120153,32.25,32.4,31.8,32.0,-0.45,1438,434
2021-05-04,6288,3402751,106448135,32.2,32.25,30.1,30.75,-1.25,1539,454
2021-05-05,6288,5663984,182719327,31.25,33.3,30.65,32.2,1.45,2791,252
2021-05-06,6288,5023412,164259859,32.2,33.1,32.2,32.75,0.55,2346,277
2021-05-07,6288,3046426,98239253,32.9,32.95,31.9,32.35,-0.4,1271,343
2021-05-10,6288,5137344,169211821,32.35,33.25,32.2,33.0,0.65,2537,283
2021-05-11,6288,5480728,170880339,32.15,32.65,29.8,29.8,-3.2,2414,358
2021-05-12,6288,4910396,137597182,30.0,30.35,26.85,27.0,-2.8,2507,418
2021-05-13,6288,3428069,86631510,25.55,26.45,24.3,25.0,-2.0,1697,418
2021-05-14,6288,1672569,42271174,25.3,26.1,24.15,24.5,-0.5,1002,501
2021-05-17,6288,2511827,56328098,22.1,23.45,22.05,22.05,-2.45,1243,492
2021-05-18,6288,3052650,71936495,22.55,24.25,21.95,24.2,2.15,1906,396
2021-05-19,6288,2512556,62210440,24.5,25.6,23.95,25.6,1.4,1435,386
2021-05-20,6288,1796953,44663045,25.6,25.7,24.3,24.4,-1.2,1231,411
2021-05-21,6288,782154,19575207,24.8,25.4,24.5,25.1,0.7,435,523
2021-05-24,6288,1026050,25704180,24.8,25.85,24.5,25.55,0.45,461,479
2021-05-25,6288,1158225,30547656,25.9,26.8,25.8,26.35,0.8,602,485
2021-05-26,6288,687050,18231930,26.7,26.8,26.15,26.5,0.15,361,504
2021-05-27,6288,649000,17141550,26.65,26.9,25.7,26.7,0.2,328,516
2021-05-28,6288,1245946,33990332,26.8,27.7,26.75,27.7,1.0,572,460
2021-05-31,6288,1319239,37251654,28.0,28.75,27.8,28.3,0.6,651,455
2021-06-01,6288,1342214,39039178,28.55,29.5,28.55,29.1,0.8,653,436
2021-06-02,6288,1243019,35829085,29.1,29.5,28.1,28.9,-0.2,772,472
2021-06-03,6288,733588,20962105,28.8,28.95,28.35,28.4,-0.5,456,510
2021-06-04,6288,590728,16760449,28.3,28.7,27.9,28.15,-0.25,409,535
2021-06-07,6288,747440,20888565,28.25,28.55,27.2,27.9,-0.25,386,526
2021-06-08,6288,483352,13654927,28.3,28.7,28.0,28.3,0.4,238,516
2021-06-09,6288,893189,25753211,28.7,29.15,28.55,28.6,0.3,541,454
2021-06-10,6288,843009,24341043,29.1,29.35,28.45,28.65,0.05,533,475
2021-06-11,6288,339407,9717304,28.85,28.95,28.35,28.5,-0.15,222,611
2021-06-15,6288,767950,22243124,28.75,29.25,28.6,28.95,0.45,453,504
2021-06-16,6288,574403,16454055,28.8,28.85,28.45,28.6,-0.35,329,553
2021-06-17,6288,533410,15424881,28.55,29.15,28.4,29.05,0.45,290,536
2021-06-18,6288,562345,16271575,29.35,29.35,28.7,28.7,-0.35,336,559
2021-06-21,6288,775494,21668071,28.35,28.6,27.65,27.75,-0.95,488,550
2021-06-22,6288,758321,21205566,28.4,28.5,27.7,28.2,0.45,441,510
2021-06-23,6288,1263287,35690558,27.6,28.7,27.6,28.15,0.0,698,468
2021-06-24,6288,3079092,90587131,28.75,30.15,28.4,30.0,1.85,1624,333
2021-06-25,6288,2194333,65260042,30.3,30.4,29.2,29.35,-0.65,1304,381
2021-06-28,6288,850594,24601982,29.3,29.3,28.6,28.75,-0.6,571,524
2021-06-29,6288,990728,28110431,29.0,29.25,28.1,28.2,-0.55,627,500
2021-06-30,6288,651345,18477397,28.25,28.5,28.25,28.25,0.05,332,564
2021-07-01,6288,929085,26210875,28.3,28.7,27.8,27.9,-0.35,510,534
2021-07-02,6288,691563,19549853,27.7,28.75,27.7,28.4,0.5,415,546
2021-07-05,6288,1322110,38537457,28.95,29.55,28.8,29.3,0.9,750,489
2021-07-06,6288,884033,25703585,29.6,29.6,28.7,28.7,-0.6,503,510
2021-07-07,6288,1532587,43070737,28.5,28.5,27.8,27.85,-0.85,850,446
2021-07-08,6288,698675,19425607,28.0,28.1,27.6,27.6,-0.25,486,565
2021-07-09,6288,1067054,28878158,27.45,27.6,26.8,27.0,-0.6,629,506
2021-07-12,6288,1031947,28391136,27.45,28.15,27.05,27.55,0.55,571,532
2021-07-13,6288,1662708,45970233,27.8,28.2,26.95,26.95,-0.6,879,497
2021-07-14,6288,1019003,27029092,26.8,27.1,26.2,26.5,-0.45,620,513
2021-07-15,6288,839651,22181841,26.4,26.75,26.25,26.5,0.0,570,514
2021-07-16,6288,804187,21613764,26.5,27.2,26.5,26.85,0.35,432,523
2021-07-19,6288,529725,14054779,26.8,26.8,26.35,26.55,-0.3,333,603
2021-07-20,6288,675240,17667406,26.35,26.45,26.05,26.1,-0.45,404,571
2021-07-21,6288,976761,25211358,26.5,26.55,25.3,25.4,-0.7,636,544
2021-07-22,6288,895567,23655739,25.55,26.85,25.55,26.7,1.3,542,511
2021-07-23,6288,1090002,29469304,26.9,27.35,26.6,27.0,0.3,658,492
2021-07-26,6288,681229,18422422,27.0,27.3,26.7,27.1,0.1,444,564
2021-07-27,6288,1312055,36005312,27.15,27.75,27.15,27.35,0.25,681,472
2021-07-28,6288,678142,18034210,27.35,27.35,26.0,26.45,-0.9,457,586
2021-07-29,6288,465250,12320558,26.9,26.9,26.2,26.55,0.1,303,557
2021-07-30,6288,613572,16427904,26.8,27.25,26.3,26.45,-0.1,408,526
2021-08-02,6288,411281,10969000,26.65,26.9,26.55,26.7,0.25,283,586
2021-08-03,6288,535219,14177443,26.7,26.85,26.25,26.35,-0.35,381,520
2021-08-04,6288,670800,18027866,26.5,27.3,26.4,26.8,0.45,389,505
2021-08-05,6288,348312,9334811,27.0,27.0,26.6,26.6,-0.2,196,606
2021-08-06,6288,972535,25170947,26.1,26.15,25.7,25.9,-0.7,634,470
2021-08-09,6288,541385,13796452,25.7,25.7,25.4,25.4,-0.5,329,593
2021-08-10,6288,673562,16831238,25.45,25.6,24.85,24.9,-0.5,399,547
2021-08-11,6288,685836,16685215,25.0,25.0,23.95,24.2,-0.7,436,575
2021-08-12,6288,195070,4773541,24.2,24.65,24.2,24.5,0.3,160,676
2021-08-13,6288,708950,16991574,24.5,24.55,23.65,23.75,-0.75,410,540
2021-08-16,6288,881663,20135071,23.75,23.75,22.3,22.7,-1.05,555,542
2021-08-17,6288,465007,10572804,22.55,23.1,22.5,22.5,-0.2,340,586
2021-08-18,6288,1148946,25209596,22.2,22.8,21.05,22.5,0.0,688,486
2021-08-19,6288,573694,12547200,22.45,22.45,21.6,21.8,-0.7,376,571
2021-08-20,6288,446430,9713360,21.7,22.2,21.35,21.8,0.0,287,566
2021-08-23,6288,363202,8210633,22.15,22.8,22.15,22.55,0.75,206,588
2021-08-24,6288,333200,7474405,23.2,23.2,22.1,22.5,-0.05,207,599
2021-08-25,6288,1993773,48460486,22.9,24.75,22.75,24.75,2.25,1102,359
2021-08-26,6288,1548091,37561910,24.85,24.85,23.95,24.0,-0.75,945,382
2021-08-27,6288,499925,11955555,24.0,24.15,23.75,23.8,-0.2,312,523
2021-08-30,6288,271310,6454778,24.1,24.1,23.65,23.8,0.0,207,601
2021-08-31,6288,404300,9712850,23.9,24.2,23.7,24.1,0.3,286,554
2021-09-01,6288,393392,9553515,24.0,24.5,23.9,24.4,0.3,242,582
2021-09-02,6288,360158,8704002,24.6,24.65,23.95,24.0,-0.4,239,591
2021-09-03,6288,200004,4840547,24.45,24.45,24.05,24.25,0.25,129,665
2021-09-06,6288,694327,16814146,24.25,25.0,23.6,23.6,-0.65,349,509
2021-09-07,6288,643321,14967506,23.75,23.75,23.0,23.2,-0.4,287,483
2021-09-08,6288,300085,6885115,23.35,23.35,22.6,22.75,-0.45,243,627
2021-09-09,6288,255030,5879487,22.5,23.45,22.5,23.1,0.35,163,600
2021-09-10,6288,235116,5421196,23.45,23.45,22.95,23.0,-0.1,169,611
2021-09-13,6288,274010,6395730,23.15,23.65,23.0,23.3,0.3,225,611
2021-09-14,6288,1016308,24469427,24.35,24.55,23.7,23.9,0.6,691,422
2021-09-15,6288,1667499,40919498,24.4,24.85,24.2,24.65,0.75,1014,367
2021-09-16,6288,1525946,37982961,24.85,25.45,24.5,25.4,0.75,967,352
2021-09-17,6288,8292888,223041186,25.5,27.9,25.45,26.4,1.0,4906,190
2021-09-22,6288,4240494,114028852,25.4,27.9,25.2,27.85,1.45,2531,243
2021-09-23,6288,7909034,225242299,28.9,29.0,27.4,28.95,1.1,4455,157
2021-09-24,6288,9765315,289388113,29.5,30.05,29.1,29.45,0.5,5250,143
2021-09-27,6288,3443326,98281735,29.2,29.2,28.15,28.25,-1.2,2145,268
2021-09-28,6288,2362423,64398949,27.6,27.85,26.8,27.25,-1.0,1415,304
2021-09-29,6288,3539934,98873120,26.5,28.55,26.5,28.05,0.8,2187,281
2021-09-30,6288,1519863,42359943,27.75,28.3,27.6,27.9,-0.15,992,367
2021-10-01,6288,1829454,49052029,27.4,27.8,26.35,26.6,-1.3,1111,390
2021-10-04,6288,1494397,39665046,26.6,27.2,25.8,26.7,0.1,911,401
2021-10-05,6288,3631692,100686094,26.55,28.5,25.8,28.5,1.8,1934,254
2021-10-06,6288,6669326,192939095,29.35,29.7,28.0,28.4,-0.1,3846,196
2021-10-07,6288,2439174,69198541,28.95,28.95,28.15,28.2,-0.2,1405,295
2021-10-08,6288,1937142,55109637,28.2,28.9,28.0,28.2,0.0,1162,300
2021-10-12,6288,1687863,46215559,28.0,28.0,27.05,27.25,-0.95,952,335
2021-10-13,6288,1238389,33790011,27.2,27.85,27.0,27.05,-0.2,738,367
2021-10-14,6288,1304995,34570441,27.35,27.45,26.05,26.15,-0.9,827,350
2021-10-15,6288,533269,14174888,26.75,26.85,26.4,26.6,0.45,353,476
2021-10-18,6288,464280,12382880,26.8,26.8,26.5,26.7,0.1,298,498
2021-10-19,6288,961422,26042641,26.95,27.45,26.8,26.8,0.1,543,413
2021-10-20,6288,591080,15799852,26.8,27.1,26.5,26.95,0.15,355,457
2021-10-21,6288,992287,26759750,27.0,27.4,26.6,26.6,-0.35,610,498
2021-10-22,6288,1332550,34796190,26.55,26.8,25.9,25.95,-0.65,883,372
2021-10-25,6288,1659771,44633399,26.05,27.3,26.05,27.25,1.3,965,340
2021-10-26,6288,3417096,95643352,27.8,28.75,27.4,27.65,0.4,2066,281
2021-10-27,6288,2272753,63355278,27.65,28.45,27.05,28.45,0.8,1306,301
2021-10-28,6288,4509870,130620744,29.0,29.45,28.6,28.85,0.4,2438,226
2021-10-29,6288,2765083,79861683,28.85,29.3,28.5,29.0,0.15,1547,303
2021-11-01,6288,2879648,84312413,29.2,29.55,28.8,29.3,0.3,1452,296
2021-11-02,6288,4858869,137053979,29.7,29.7,27.0,27.25,-2.05,3107,269
2021-11-03,6288,1320928,36066047,27.25,27.85,26.75,27.4,0.15,825,399
2021-11-04,6288,740141,20349400,27.5,27.8,27.25,27.3,-0.1,489,477
2021-11-05,6288,2649247,70089212,27.0,27.0,26.2,26.45,-0.85,1531,311
2021-11-08,6288,774153,20392348,26.45,26.5,26.2,26.35,-0.1,438,485
2021-11-09,6288,616140,16319528,26.35,26.65,26.35,26.5,0.15,433,534
2021-11-10,6288,578716,15242852,26.4,26.5,26.25,26.35,-0.15,352,538
2021-11-11,6288,634810,16883839,26.2,26.8,26.2,26.5,0.15,340,538
2021-11-12,6288,625890,16470960,26.4,26.55,26.2,26.35,-0.15,383,533
2021-11-15,6288,897076,24068875,26.5,27.0,26.5,26.9,0.55,527,493
2021-11-16,6288,1311307,35643136,27.05,27.45,26.9,27.25,0.35,807,437
2021-11-17,6288,725272,19663390,27.3,27.4,26.9,27.05,-0.2,492,515
2021-11-18,6288,1307369,35853524,27.0,27.9,27.0,27.2,0.15,782,427
2021-11-19,6288,971961,26083520,27.2,27.3,26.55,26.75,-0.45,646,460
2021-11-22,6288,508369,13632874,26.65,27.05,26.5,26.85,0.1,263,550
2021-11-23,6288,767558,20449730,26.85,27.15,26.35,26.4,-0.45,497,499
2021-11-24,6288,642634,16904863,26.5,26.6,26.15,26.35,-0.05,403,505
2021-11-25,6288,339061,8948965,26.3,26.75,26.25,26.35,0.0,241,584
2021-11-26,6288,1143506,29411965,26.2,26.2,25.45,25.5,-0.85,761,476
2021-11-29,6288,773115,19299588,25.0,25.35,24.4,25.1,-0.4,535,521
2021-11-30,6288,397482,10163018,25.1,25.75,25.1,25.5,0.4,262,589
2021-12-01,6288,528088,13415701,25.25,25.9,25.0,25.8,0.3,299,525
2021-12-02,6288,471994,11991543,25.55,25.9,25.2,25.3,-0.5,303,549
2021-12-03,6288,385175,9745187,25.1,25.45,25.1,25.35,0.05,228,533
2021-12-06,6288,727531,18860764,25.35,26.25,25.2,26.15,0.8,437,464
2021-12-07,6288,3999523,111007806,27.9,28.35,27.3,27.35,1.2,2138,280
2021-12-08,6288,1295615,35514083,27.95,27.95,27.1,27.2,-0.15,796,418
2021-12-09,6288,909777,24582063,27.2,27.35,26.75,26.9,-0.3,563,454
2021-12-10,6288,676274,18027168,26.8,27.1,25.95,27.05,0.15,404,498
2021-12-13,6288,563359,15082319,26.75,27.2,26.5,27.2,0.15,368,557
2021-12-14,6288,551152,14698845,26.85,27.1,26.5,26.5,-0.7,414,559
2021-12-15,6288,430174,11481016,26.3,26.9,26.3,26.8,0.3,282,527
2021-12-16,6288,1157042,31529081,26.9,27.45,26.9,27.2,0.4,628,409
2021-12-17,6288,586678,15797016,27.1,27.2,26.7,26.85,-0.35,421,520
2021-12-20,6288,1486435,40608820,26.85,27.75,26.85,27.25,0.4,733,381
2021-12-21,6288,471979,12821067,27.4,27.4,27.0,27.1,-0.15,313,500
2021-12-22,6288,468105,12725056,27.1,27.4,27.1,27.25,0.15,265,511
2021-12-23,6288,850124,23167674,27.35,27.5,27.0,27.4,0.15,477,442
2021-12-24,6288,595465,16305993,27.4,27.55,27.25,27.35,-0.05,332,503
2021-12-27,6288,1863282,51954025,27.35,28.3,27.35,27.7,0.35,993,369
2021-12-28,6288,736678,20306364,28.0,28.0,27.35,27.35,-0.35,517,495
2021-12-29,6288,2147465,60162336,27.8,28.25,27.5,28.0,0.65,1152,347
2021-12-30,6288,815925,22700352,28.3,28.3,27.55,27.6,-0.4,520,472
2022-01-03,6288,486819,13414759,27.75,28.1,27.3,27.5,-0.1,297,560
2022-01-04,6288,520635,14279076,27.6,27.65,27.3,27.45,-0.05,318,541
2022-01-05,6288,644739,17501950,27.2,27.5,26.9,26.95,-0.5,426,519
2022-01-06,6288,356745,9561452,26.5,26.95,26.5,26.9,-0.05,235,586
2022-01-07,6288,5746802,162168625,27.3,29.2,27.05,28.95,2.05,2766,266
2022-01-10,6288,19991292,594897283,29.1,31.05,28.25,30.45,1.5,10138,82
2022-01-11,6288,43255279,1383315431,32.8,33.45,29.7,29.9,-0.55,19663,44
2022-01-12,6288,9309411,277753776,29.7,30.55,29.05,29.65,-0.25,5327,167
2022-01-13,6288,6502041,186633840,29.3,29.75,28.0,28.45,-1.2,3537,203
2022-01-14,6288,3415431,94638112,28.3,28.6,27.2,27.8,-0.65,1987,297
2022-01-17,6288,4947858,144445375,27.7,30.1,27.55,29.85,2.05,2776,213
2022-01-18,6288,7362751,219054557,29.45,30.5,29.05,29.5,-0.35,4156,169
2022-01-19,6288,2228703,64605386,29.0,29.3,28.7,29.0,-0.5,1377,303
2022-01-20,6288,2876340,85017973,29.0,30.0,29.0,29.3,0.3,1786,254
2022-01-21,6288,2043789,58718542,28.9,29.6,28.1,28.2,-1.1,1564,344
2022-01-24,6288,1635503,45098906,27.6,28.15,27.0,27.7,-0.5,981,353
2022-01-25,6288,1328258,36997445,27.6,28.2,27.5,27.7,0.0,868,383
2022-01-26,6288,933539,25756689,28.0,28.0,27.3,27.3,-0.4,685,395
2022-02-07,6288,2850953,82588555,28.3,29.65,27.95,29.5,2.2,1668,275
2022-02-08,6288,4799827,144902722,30.2,30.65,29.35,30.45,0.95,2768,217
2022-02-09,6288,4174036,128507346,30.7,31.15,30.3,31.05,0.6,2454,248
2022-02-10,6288,3049328,92132099,31.45,31.45,29.7,29.85,-1.2,2133,273
2022-02-11,6288,2076639,62211818,29.45,30.4,29.4,29.7,-0.15,1245,306
2022-02-14,6288,1254960,36397961,29.2,29.45,28.8,28.85,-0.85,826,380
2022-02-15,6288,1539063,44263315,28.8,29.25,28.3,28.35,-0.5,1084,338
2022-02-16,6288,1335444,38856288,29.0,29.4,28.8,29.0,0.65,791,360
2022-02-17,6288,2843666,84912366,29.15,30.55,29.15,29.65,0.65,1880,299
2022-02-18,6288,2252411,67389344,29.35,30.25,29.35,30.0,0.35,1525,293
2022-02-21,6288,2306788,69992703,30.0,30.95,29.55,30.3,0.3,1356,296
2022-02-22,6288,1929963,56819279,30.25,30.3,29.0,29.55,-0.75,1294,352
2022-02-23,6288,856602,25174039,29.65,29.7,29.1,29.45,-0.1,882,400
2022-02-24,6288,3129903,88216068,29.1,29.25,27.5,27.5,-1.95,1834,333
2022-02-25,6288,1608598,45895247,28.1,28.9,28.1,28.7,1.2,1121,366
2022-03-01,6288,1238890,36133856,28.8,29.6,28.75,29.25,0.55,770,384
2022-03-02,6288,697919,20133277,29.15,29.25,28.65,28.75,-0.5,548,434
2022-03-03,6288,1252753,35752824,29.15,29.25,28.25,28.35,-0.4,875,382
2022-03-04,6288,1205246,33587731,28.1,28.15,27.7,27.85,-0.5,860,388
2022-03-07,6288,1870825,49874767,27.5,27.5,26.3,26.5,-1.35,1137,426
2022-03-08,6288,1243972,32353295,25.8,26.8,25.4,25.75,-0.75,751,459
2022-03-09,6288,595725,15578710,26.2,26.4,25.85,26.2,0.45,372,503
2022-03-10,6288,1122494,29484330,26.4,26.6,26.0,26.15,-0.05,636,425
2022-03-11,6288,612509,15893769,26.5,26.5,25.75,26.05,-0.1,488,470
2022-03-14,6288,462469,11979284,26.3,26.3,25.8,25.95,-0.1,337,508
2022-03-15,6288,714198,18467744,26.0,26.15,25.45,25.75,-0.2,441,491
2022-03-16,6288,326466,8434255,26.2,26.2,25.65,26.0,0.25,242,596
2022-03-17,6288,576159,15280556,26.4,26.75,26.35,26.6,0.6,340,520
2022-03-18,6288,426862,11343195,26.6,26.75,26.4,26.75,0.15,263,549
2022-03-21,6288,442778,11819412,26.75,26.95,26.45,26.65,-0.1,375,548
2022-03-22,6288,274221,7294413,26.65,26.8,26.45,26.65,0.0,232,588
2022-03-23,6288,289259,7731545,26.9,26.95,26.6,26.7,0.05,342,625
2022-03-24,6288,326254,8657093,26.7,26.7,26.4,26.5,-0.2,238,570
2022-03-25,6288,382199,10047287,26.5,26.5,26.15,26.2,-0.3,279,571
2022-03-28,6288,578192,14891390,26.2,26.2,25.55,26.0,-0.2,392,521
2022-03-29,6288,1731900,46814733,26.5,27.65,26.35,26.55,0.55,1196,339
2022-03-30,6288,790840,21016248,27.05,27.05,26.25,26.65,0.1,652,490
2022-03-31,6288,276249,7273516,26.7,26.7,26.2,26.25,-0.4,334,594
2022-04-01,6288,278505,7271401,26.1,26.4,25.75,26.15,-0.1,209,600
2022-04-06,6288,238411,6211309,26.05,26.2,25.95,26.05,-0.1,212,633
2022-04-07,6288,469384,12125033,26.0,26.15,25.6,25.7,-0.35,368,600
2022-04-08,6288,397620,10227198,25.8,25.9,25.6,25.7,0.0,260,557
2022-04-11,6288,724197,18071284,25.75,25.75,24.5,24.65,-1.05,540,532
2022-04-12,6288,497146,12088795,24.2,24.7,24.0,24.25,-0.4,299,548
2022-04-13,6288,436937,10737546,24.5,24.9,24.25,24.8,0.55,284,553
2022-04-14,6288,474417,11579011,24.95,24.95,24.25,24.3,-0.5,300,522
2022-04-15,6288,492206,12047159,24.6,24.8,24.15,24.65,0.35,316,537
2022-04-18,6288,314248,7596533,24.7,24.7,24.0,24.2,-0.45,226,610
2022-04-19,6288,159960,3890754,24.2,24.5,24.2,24.2,0.0,149,673
2022-04-20,6288,185021,4510945,24.35,24.5,24.3,24.35,0.15,149,666
2022-04-21,6288,385041,9535966,24.3,24.95,24.3,24.85,0.5,240,568
2022-04-22,6288,229152,5593835,24.7,24.7,24.3,24.45,-0.4,179,641
2022-04-25,6288,557065,12988874,23.9,23.9,23.05,23.3,-1.15,395,595
2022-04-26,6288,188731,4397767,23.5,23.55,23.1,23.15,-0.15,172,671
2022-04-27,6288,791777,17379593,22.0,22.55,21.4,22.35,-0.8,423,540
2022-04-28,6288,274056,6150520,22.2,22.7,22.0,22.5,0.15,205,600
2022-04-29,6288,215602,4957347,22.75,23.2,22.75,23.1,0.6,147,623
2022-05-03,6288,209604,4915122,22.95,23.7,22.95,23.65,0.55,175,614
2022-05-04,6288,289363,6949617,23.85,24.25,23.85,24.05,0.4,224,553
2022-05-05,6288,234223,5657648,24.25,24.4,23.9,24.0,-0.05,163,609
2022-05-06,6288,244861,5850718,23.6,24.3,23.35,24.3,0.3,194,609
2022-05-09,6288,362352,8436663,24.2,24.2,22.8,22.8,-1.5,269,619
2022-05-10,6288,223730,5117141,22.05,23.6,22.05,23.4,0.6,195,668
2022-05-11,6288,183547,4311597,23.4,23.75,23.15,23.5,0.1,149,670
2022-05-12,6288,242878,5697894,23.35,24.0,22.85,23.0,-0.5,203,698
2022-05-13,6288,274194,6359699,23.05,23.45,22.9,23.3,0.3,198,618
2022-05-16,6288,267120,6387285,23.9,24.35,23.45,23.65,0.35,191,617
2022-05-17,6288,948771,23250228,23.65,24.8,23.65,24.7,1.05,678,405
2022-05-18,6288,746311,18690532,25.0,25.3,24.7,25.2,0.5,525,451
2022-05-19,6288,640053,15957757,25.0,25.25,24.5,24.7,-0.5,509,443
2022-05-20,6288,938841,23773588,24.9,25.55,24.65,25.3,0.6,630,376
2022-05-23,6288,444413,11083539,25.4,25.5,24.6,24.9,-0.4,294,494
2022-05-24,6288,289208,7101886,25.1,25.1,24.25,24.4,-0.5,217,575
2022-05-25,6288,3136084,81263504,24.5,26.6,24.5,25.3,0.9,1995,238
2022-05-26,6288,658275,16514237,25.2,25.5,24.7,24.85,-0.45,414,435
2022-05-27,6288,522801,13249680,24.75,25.75,24.75,25.5,0.65,350,449
2022-05-30,6288,321301,8173582,25.8,25.8,25.25,25.35,-0.15,234,582
2022-05-31,6288,540080,13974451,25.65,26.3,25.45,25.7,0.35,372,479
2022-06-01,6288,317332,8207075,25.75,26.1,25.5,25.85,0.15,186,593
2022-06-02,6288,261179,6758471,26.1,26.1,25.75,25.85,0.0,171,581
2022-06-06,6288,179830,4649497,25.85,26.05,25.7,25.8,-0.05,156,635
2022-06-07,6288,194432,5005545,25.75,26.0,25.65,25.75,-0.05,135,612
2022-06-08,6288,459806,12022635,26.0,26.45,25.85,26.05,0.3,303,491
2022-06-09,6288,214361,5551647,26.0,26.15,25.75,25.9,-0.15,148,610
2022-06-10,6288,268141,6923999,25.7,26.05,25.5,26.0,0.1,170,586
2022-06-13,6288,255028,6486112,25.8,25.8,25.25,25.4,-0.6,164,658
2022-06-14,6288,342312,8546655,25.4,25.7,24.65,25.05,-0.35,219,599
2022-06-15,6288,310190,7903476,25.05,25.8,25.05,25.5,0.45,216,583
2022-06-16,6288,490206,12313340,25.6,25.6,24.5,24.5,-1.0,332,550
2022-06-17,6288,326597,7845494,24.0,24.45,23.75,24.0,-0.5,236,609
2022-06-20,6288,657679,15367948,24.0,24.4,23.0,23.0,-1.0,329,542
2022-06-21,6288,418217,10043733,23.05,24.55,23.05,24.5,1.5,313,569
2022-06-22,6288,570267,13431211,24.5,24.5,22.95,23.25,-1.25,343,515
2022-06-23,6288,413001,9597423,23.55,23.6,22.9,23.2,-0.05,244,581
2022-06-24,6288,241101,5567481,22.9,23.35,22.9,23.1,0.0,147,658
2022-06-27,6288,285099,6713827,23.4,23.7,23.4,23.4,0.3,179,635
2022-06-28,6288,321352,7558018,23.6,23.85,23.3,23.65,0.25,178,526
2022-06-29,6288,192003,4558375,23.55,24.1,23.4,24.1,0.45,135,608
2022-06-30,6288,277103,6465981,24.0,24.0,23.2,23.2,-0.9,176,657
2022-07-01,6288,473030,10787826,23.4,23.4,22.45,22.5,-0.7,278,622
2022-07-04,6288,260005,5839665,22.4,22.9,22.2,22.5,0.0,185,640
2022-07-05,6288,240272,5431769,22.9,23.0,22.25,22.7,0.2,185,639
2022-07-06,6288,227007,5063868,22.7,22.7,22.1,22.15,-0.55,182,653
2022-07-07,6288,310382,7011074,22.25,23.0,22.05,22.9,0.75,212,595
2022-07-08,6288,175239,4032151,22.9,23.2,22.7,23.0,0.1,149,676
2022-07-11,6288,500094,11840832,23.95,24.05,23.25,23.3,0.3,294,481
2022-07-12,6288,394031,8929507,23.2,23.2,22.5,22.5,-0.8,238,585
2022-07-13,6288,310700,7049678,22.85,23.0,22.45,22.45,-0.05,206,574
2022-07-14,6288,384425,8662093,22.45,22.8,22.05,22.7,0.25,252,518
2022-07-15,6288,528126,12259229,23.3,23.5,22.85,23.4,0.7,331,483
2022-07-18,6288,411306,9615689,23.8,23.8,23.2,23.25,-0.15,297,531
2022-07-19,6288,335007,7723924,23.05,23.4,22.95,23.1,-0.15,226,525
2022-07-20,6288,623041,14396447,23.2,23.45,22.9,22.9,-0.2,394,487
2022-07-21,6288,382346,8716632,22.9,23.25,22.5,22.95,0.05,259,521
2022-07-22,6288,628001,14546725,23.25,23.65,22.8,22.9,-0.05,387,467
2022-07-25,6288,345253,7804996,23.0,23.0,22.5,22.6,-0.3,266,523
2022-07-26,6288,582358,12965364,22.7,22.7,22.1,22.25,-0.35,354,457
2022-07-27,6288,396008,8887050,22.1,22.9,22.1,22.85,0.6,314,501
2022-07-28,6288,515842,11811303,23.1,23.3,22.55,22.55,-0.3,422,459
2022-07-29,6288,465168,10654500,22.65,23.1,22.65,23.05,0.5,302,490
2022-08-01,6288,333134,7730621,23.05,23.35,23.0,23.15,0.1,209,559
2022-08-02,6288,323162,7336407,23.0,23.0,22.55,22.6,-0.55,227,602
2022-08-03,6288,347090,7813184,22.55,22.75,22.3,22.5,-0.1,260,560
2022-08-04,6288,245476,5491907,22.65,22.65,22.15,22.45,-0.05,189,644
2022-08-05,6288,492070,11111237,22.35,22.8,22.35,22.5,0.05,327,513
2022-08-08,6288,501229,11034596,22.6,22.6,21.85,22.05,-0.45,330,510
2022-08-09,6288,839021,17920169,21.8,21.8,21.1,21.4,-0.65,545,439
2022-08-10,6288,333001,7234573,21.3,22.0,21.15,21.85,0.45,239,600
2022-08-11,6288,745263,16671934,22.45,22.95,21.9,22.75,0.9,386,495
2022-08-12,6288,583500,13347099,22.75,23.1,22.6,23.0,0.25,383,540
2022-08-15,6288,661733,15315511,23.1,23.35,22.75,23.15,0.15,329,547
2022-08-16,6288,1275053,32275994,24.8,25.45,24.7,25.45,2.3,464,381
2022-08-17,6288,3668189,93407058,25.8,25.85,25.05,25.1,-0.35,1832,256
2022-08-18,6288,1374665,34585149,24.4,25.6,24.35,25.5,0.4,732,377
2022-08-19,6288,648543,16343994,25.55,25.55,25.0,25.2,-0.3,397,510
2022-08-22,6288,571067,14004870,24.9,24.9,24.25,24.25,-0.95,345,514
2022-08-23,6288,395472,9687710,24.15,24.95,23.85,24.3,0.05,264,553
2022-08-24,6288,385154,9401608,24.5,24.8,24.1,24.45,0.15,250,583
2022-08-25,6288,258765,6400919,24.5,24.95,24.45,24.75,0.3,181,646
2022-08-26,6288,522545,13109355,24.95,25.4,24.85,24.9,0.15,334,538
2022-08-29,6288,412337,9966087,23.9,24.45,23.9,24.45,-0.45,242,599
2022-08-30,6288,124269,3032857,24.25,24.6,24.25,24.4,-0.05,113,717
2022-08-31,6288,388363,9657583,24.75,25.05,24.5,24.9,0.5,280,557
2022-09-01,6288,733062,18316144,24.6,25.2,24.55,25.05,0.15,378,486
2022-09-02,6288,295017,7357419,25.15,25.15,24.8,25.0,-0.05,176,591
2022-09-05,6288,270122,6624935,25.2,25.2,24.3,24.35,-0.65,152,638
2022-09-06,6288,279313,6698038,24.5,24.5,23.7,23.8,-0.55,177,639
2022-09-07,6288,186011,4415003,23.35,23.9,23.35,23.65,-0.15,121,698
2022-09-08,6288,225975,5475496,23.85,24.65,23.85,24.6,0.95,154,620
2022-09-12,6288,457947,11441593,24.9,25.25,24.7,24.85,0.25,304,537
2022-09-13,6288,604673,15309452,25.05,25.55,24.85,25.55,0.7,387,468
2022-09-14,6288,472103,11930396,25.0,25.55,24.9,25.5,-0.05,318,500
2022-09-15,6288,645329,16507501,25.55,25.95,25.2,25.25,-0.25,430,461
2022-09-16,6288,304322,7611550,25.05,25.25,24.8,24.85,-0.4,232,590
2022-09-19,6288,249136,6101623,25.25,25.25,24.3,24.3,-0.55,181,631
2022-09-20,6288,135102,3294267,24.45,24.55,24.25,24.45,0.15,94,674
2022-09-21,6288,208442,5084213,24.45,24.8,24.25,24.3,-0.15,168,654
2022-09-22,6288,231718,5572113,24.1,24.3,23.95,24.15,-0.15,171,637
2022-09-23,6288,284316,6817789,24.45,24.5,23.75,23.8,-0.35,186,594
2022-09-26,6288,505711,11543377,23.75,23.75,22.5,22.55,-1.25,303,615
2022-09-27,6288,312105,7068612,22.5,23.1,22.3,22.85,0.3,159,583
2022-09-28,6288,498036,11027811,22.8,22.8,21.85,21.85,-1.0,278,602
2022-09-29,6288,198009,4426209,22.3,22.6,22.05,22.05,0.2,131,658
2022-09-30,6288,371001,8118873,22.0,22.15,21.35,22.05,0.0,223,560
2022-10-03,6288,654019,15026191,21.8,23.6,21.8,22.8,0.75,427,416
2022-10-04,6288,322117,7443738,22.95,23.45,22.9,23.0,0.2,204,558
2022-10-05,6288,245879,5636063,23.3,23.3,22.65,22.9,-0.1,185,628
2022-10-06,6288,113221,2582475,22.9,22.9,22.7,22.85,-0.05,81,676
2022-10-07,6288,159102,3629779,22.8,23.05,22.7,22.75,-0.1,119,633
2022-10-11,6288,344507,7526592,22.55,22.55,21.7,21.75,-1.0,267,630
2022-10-12,6288,274021,5930412,21.75,22.35,21.35,21.7,-0.05,198,602
2022-10-13,6288,584085,12108688,22.0,22.0,20.1,20.2,-1.5,391,593
2022-10-14,6288,289002,5945344,19.95,20.95,19.95,20.75,0.55,181,611
2022-10-17,6288,268288,5425902,20.75,20.75,20.0,20.75,0.0,190,592
2022-10-18,6288,198051,4144133,20.8,21.25,20.7,20.8,0.05,142,619
2022-10-19,6288,187000,3876450,20.7,21.1,20.25,20.55,-0.25,148,638
2022-10-20,6288,173288,3551403,20.6,20.85,20.25,20.7,0.15,142,668
2022-10-21,6288,139003,2833664,20.5,20.6,20.25,20.3,-0.4,100,669
2022-10-24,6288,162128,3315401,20.6,20.75,20.25,20.45,0.15,104,654
2022-10-25,6288,238017,4805576,20.7,20.7,20.0,20.25,-0.2,125,604
2022-10-26,6288,138151,2813768,20.5,20.5,20.1,20.4,0.15,89,675
2022-10-27,6288,216000,4460750,20.4,20.95,20.4,20.65,0.25,141,605
2022-10-28,6288,263001,5373821,20.65,20.65,20.25,20.3,-0.35,149,553
2022-10-31,6288,173196,3548500,20.7,20.7,20.4,20.45,0.15,108,595
2022-11-01,6288,263000,5469450,20.45,20.95,20.3,20.85,0.4,163,557
2022-11-02,6288,169002,3547244,20.85,21.1,20.85,21.1,0.25,105,628
2022-11-03,6288,319180,6674669,20.8,21.1,20.7,21.0,-0.1,156,506
2022-11-04,6288,247006,5190686,21.05,21.15,20.6,21.15,0.15,165,580
2022-11-07,6288,187028,3989115,21.45,21.5,21.25,21.3,0.15,138,667
2022-11-08,6288,293476,6270271,21.3,21.5,21.3,21.3,0.0,183,611
2022-11-09,6288,278321,6024763,21.5,21.8,21.5,21.65,0.35,177,616
2022-11-10,6288,208405,4472610,21.6,21.65,21.35,21.35,-0.3,146,624
2022-11-11,6288,578418,12723282,21.8,22.4,21.55,22.15,0.8,364,539
2022-11-14,6288,426129,9504226,22.15,22.65,22.0,22.65,0.5,251,578
2022-11-15,6288,652794,14525773,23.0,23.0,22.1,22.1,-0.55,377,494
2022-11-16,6288,544477,11825686,22.15,22.15,21.6,21.6,-0.5,379,536
2022-11-17,6288,467457,10249974,21.85,22.1,21.7,22.05,0.45,252,518
2022-11-18,6288,408537,8965073,22.15,22.3,21.7,21.8,-0.25,222,542
2022-11-21,6288,229206,4987869,21.85,22.0,21.65,21.7,-0.1,142,588
2022-11-22,6288,242093,5220858,21.7,21.7,21.45,21.6,-0.1,138,575
2022-11-23,6288,1598624,36280221,21.7,23.3,21.7,22.85,1.25,917,327
2022-11-24,6288,1160553,26682284,23.0,23.6,22.65,22.7,-0.15,649,371
2022-11-25,6288,619474,14275732,22.75,23.5,22.75,23.0,0.3,398,487
2022-11-28,6288,893577,20922391,23.4,23.75,22.9,23.4,0.4,464,404
2022-11-29,6288,593953,13912072,23.45,23.7,23.2,23.4,0.0,365,469
2022-11-30,6288,1245283,29739886,23.75,24.1,23.6,23.95,0.55,628,415
2022-12-01,6288,6725408,170224178,25.0,25.9,24.3,25.2,1.25,3171,224
2022-12-02,6288,3849228,98436164,25.2,25.95,25.2,25.4,0.2,1884,274
2022-12-05,6288,3547094,91160671,25.8,26.15,25.15,25.7,0.3,1673,286
2022-12-06,6288,3233614,83381182,26.15,26.3,25.25,25.6,-0.1,1598,296
2022-12-07,6288,1668057,42372308,25.5,25.9,25.0,25.1,-0.5,817,358
2022-12-08,6288,1560145,39933981,25.2,25.8,25.2,25.5,0.4,753,321
2022-12-09,6288,1684985,42072870,25.75,25.75,24.65,24.75,-0.75,907,340
2022-12-12,6288,1424351,35093241,24.8,25.2,24.15,24.95,0.2,664,360
2022-12-13,6288,1347446,33747639,25.3,25.45,24.6,24.85,-0.1,773,375
2022-12-14,6288,736025,18291266,24.9,25.15,24.65,24.85,0.0,434,465
2022-12-15,6288,1385199,34727954,25.0,25.4,24.7,25.05,0.2,682,359
2022-12-16,6288,1416921,35116405,24.6,25.1,24.55,24.7,-0.35,641,402
2022-12-19,6288,1461496,35240904,24.5,24.55,23.8,23.95,-0.75,685,353
2022-12-20,6288,980457,22967395,23.95,24.1,23.0,23.05,-0.9,548,461
2022-12-21,6288,937100,21593000,23.2,23.4,22.9,22.95,-0.1,477,392
2022-12-22,6288,724406,16588686,23.2,23.3,22.7,22.95,0.0,426,414
2022-12-23,6288,665266,15093592,22.95,23.15,22.4,22.85,-0.1,397,429
2022-12-26,6288,550130,12601203,22.85,23.1,22.7,23.05,0.2,353,425
2022-12-27,6288,548387,12682947,23.2,23.5,22.9,23.15,0.1,381,427
2022-12-28,6288,983383,22243316,23.05,23.05,22.3,22.65,-0.5,596,385
2022-12-29,6288,715897,16027625,22.55,22.6,22.2,22.6,-0.05,395,417
2022-12-30,6288,692452,15590495,22.95,22.95,22.35,22.45,-0.15,365,401
2023-01-03,6288,269973,6097903,22.5,22.75,22.2,22.7,0.25,156,526
2023-01-04,6288,687419,15840157,22.75,23.25,22.7,23.05,0.35,350,403
2023-01-05,6288,861070,20106672,23.2,23.55,23.15,23.35,0.3,435,387
2023-01-06,6288,277203,6451825,23.25,23.35,23.2,23.3,-0.05,156,521
2023-01-09,6288,452108,10639543,23.7,23.7,23.35,23.5,0.2,250,508
2023-01-10,6288,304146,7145911,23.5,23.75,23.35,23.4,-0.1,192,559
2023-01-11,6288,487060,11190722,23.1,23.15,22.8,22.95,-0.45,274,488
2023-01-12,6288,380814,8690874,22.95,23.1,22.65,22.65,-0.3,257,506
2023-01-13,6288,295813,6667276,22.7,22.8,22.4,22.45,-0.2,191,541
2023-01-16,6288,228062,5118444,22.4,22.55,22.25,22.5,0.05,175,579
2023-01-17,6288,173131,3929409,22.5,22.8,22.45,22.8,0.3,131,633
2023-01-30,6288,527772,12241824,22.95,23.5,22.95,23.15,0.35,351,521
2023-01-31,6288,515062,12113053,23.05,23.85,23.05,23.45,0.3,312,525
2023-02-01,6288,445956,10540167,23.35,23.8,23.35,23.6,0.15,242,570
2023-02-02,6288,809232,19301897,23.8,24.05,23.6,23.9,0.3,488,491
2023-02-03,6288,528740,12509905,24.0,24.1,23.4,23.5,-0.4,322,535
2023-02-06,6288,375920,8867310,23.5,23.85,23.3,23.45,-0.05,246,575
2023-02-07,6288,322429,7577775,23.4,23.65,23.4,23.45,0.0,196,601
2023-02-08,6288,561094,13288388,23.55,23.95,23.5,23.5,0.05,348,534
2023-02-09,6288,535055,12612373,23.5,23.8,23.45,23.55,0.05,294,500
2023-02-10,6288,788147,18361328,23.6,23.6,23.1,23.2,-0.35,384,470
2023-02-13,6288,3450881,83798752,23.9,24.7,23.7,24.55,1.35,1861,254
2023-02-14,6288,6014108,148779435,24.8,25.3,24.2,24.3,-0.25,2934,179
2023-02-15,6288,1589361,38911833,24.3,24.8,24.05,24.7,0.4,886,326
2023-02-16,6288,2252402,56172765,24.9,25.1,24.55,25.1,0.4,1062,292
2023-02-17,6288,6459983,165707056,25.95,26.0,25.3,25.45,0.35,3135,169
2023-02-20,6288,9306779,256310911,25.95,27.95,25.9,27.95,2.5,2552,143
2023-02-21,6288,47036018,1348367496,27.95,29.9,27.7,28.45,0.5,17710,46
2023-02-22,6288,11633483,322053239,28.05,28.4,27.2,27.85,-0.6,5523,129
2023-02-23,6288,6935807,194101994,27.8,28.25,27.65,28.0,0.15,3371,186
2023-02-24,6288,5641587,154320673,28.0,28.35,27.0,27.1,-0.9,2952,224
2023-03-01,6288,2298933,62095852,27.0,27.35,26.65,27.3,0.2,1584,322
2023-03-02,6288,7024558,197074845,27.3,28.5,27.3,28.5,1.2,3412,174
2023-03-03,6288,6263888,177720901,28.65,28.65,28.1,28.35,-0.15,3414,188
2023-03-06,6288,8367340,239558267,28.85,29.05,28.2,28.2,-0.15,4270,177
2023-03-07,6288,5701922,163265151,28.4,29.05,28.1,28.55,0.35,2974,214
2023-03-08,6288,4031122,115311300,28.2,28.9,28.1,28.55,0.0,2211,272
2023-03-09,6288,3639024,102856064,28.65,28.7,28.05,28.2,-0.35,2044,294
2023-03-10,6288,4229544,117354733,27.95,28.05,27.3,27.7,-0.5,2086,292
2023-03-13,6288,1903634,51812117,27.55,27.65,26.85,27.25,-0.45,1221,380
2023-03-14,6288,1206825,32998089,27.05,27.5,27.0,27.35,0.1,709,407
2023-03-15,6288,4266286,119661657,27.9,28.35,27.75,28.05,0.7,2178,252
2023-03-16,6288,4178083,114939059,27.7,28.3,26.8,27.25,-0.8,2131,270
2023-03-17,6288,4048933,113710004,27.4,28.45,27.25,28.25,1.0,1832,263
2023-03-20,6288,2747424,78364621,28.35,28.75,28.25,28.5,0.25,1540,271
2023-03-21,6288,11361158,330808927,28.6,29.5,28.6,29.5,1.0,4692,129
2023-03-22,6288,20898409,630783101,29.75,31.0,29.25,30.7,1.2,10061,77
2023-03-23,6288,25693617,800610770,30.85,31.95,30.0,30.0,-0.7,12709,54
2023-03-24,6288,23227244,749649927,31.5,33.0,31.3,33.0,3.0,10687,64
2023-03-27,6288,44107294,1433372629,33.5,33.75,30.85,30.9,-2.1,20348,30
2023-03-28,6288,14279471,431496905,31.1,31.3,29.5,30.2,-0.7,7283,99
2023-03-29,6288,12126925,376017613,31.15,31.6,30.35,30.85,0.65,6893,114
2023-03-30,6288,11103394,348799362,31.0,31.75,31.0,31.5,0.65,5695,117
2023-03-31,6288,8093609,255276165,31.7,31.9,31.15,31.65,0.15,4082,155
2023-04-06,6288,3620958,113580701,31.45,31.7,31.0,31.45,-0.2,2115,245
2023-04-07,6288,5318878,166602599,31.5,31.75,30.85,31.25,-0.2,2898,179
2023-04-10,6288,16462526,529974020,32.35,33.3,31.55,31.55,0.3,8485,80
2023-04-11,6288,5771816,183848732,31.85,32.2,31.45,31.7,0.15,3105,203
2023-04-12,6288,4283182,137016190,32.0,32.2,31.7,31.85,0.15,2330,252
2023-04-13,6288,4805132,151817994,31.85,31.95,31.3,31.4,-0.45,2671,250
2023-04-14,6288,3716768,117861087,31.55,31.9,31.4,31.8,0.4,1746,272
2023-04-17,6288,4535945,145054141,31.8,32.3,31.7,31.75,-0.05,2258,259
2023-04-18,6288,12294757,398316678,32.15,32.8,31.9,32.05,0.3,6142,132
2023-04-19,6288,11224028,366257891,32.05,33.05,31.85,32.45,0.4,5619,147
2023-04-20,6288,22392085,737058551,33.4,33.8,32.05,32.5,0.05,11235,73
2023-04-21,6288,13690110,426225201,32.4,32.75,30.2,31.05,-1.45,7164,130
2023-04-24,6288,3152917,97403843,31.05,31.15,30.65,30.85,-0.2,1869,257
2023-04-25,6288,4697268,143135248,31.0,31.45,29.85,30.15,-0.7,2598,262
2023-04-26,6288,2657999,80260431,29.75,30.5,29.75,30.5,0.35,1438,290
2023-04-27,6288,23619303,776142240,30.6,33.55,30.35,33.55,3.05,8974,65
2023-04-28,6288,42799058,1458523587,34.4,35.15,33.5,33.55,0.0,19585,32
2023-05-02,6288,14301474,466344492,33.95,34.0,32.05,32.55,-1.0,8049,96
2023-05-03,6288,6690272,213607176,32.45,32.45,31.6,31.7,-0.85,3841,163
2023-05-04,6288,4087670,131255418,31.75,32.45,31.7,32.05,0.35,2536,239
2023-05-05,6288,3159768,101281515,31.8,32.35,31.8,31.95,-0.1,1887,262
2023-05-08,6288,2176740,69654194,32.25,32.35,31.85,31.9,-0.05,1323,323
2023-05-09,6288,6599696,209596710,32.1,32.65,30.85,31.3,-0.6,3726,174
2023-05-10,6288,2490128,77957650,31.25,31.6,30.95,31.5,0.2,1470,279
2023-05-11,6288,7893586,239415641,31.0,31.0,29.7,30.75,-0.75,4406,165
2023-05-12,6288,8455020,268762257,31.45,32.25,31.25,31.85,1.1,4388,146
2023-05-15,6288,6149162,196034721,31.85,32.6,31.35,31.55,-0.3,3228,165
2023-05-16,6288,2845999,91008766,31.55,32.2,31.55,32.05,0.5,1590,259
2023-05-17,6288,4363752,140148782,32.3,32.6,31.8,31.8,-0.25,2565,236
2023-05-18,6288,3136771,100178380,31.7,32.2,31.65,31.9,0.1,1744,275
2023-05-19,6288,12057934,393567096,33.05,33.65,31.75,31.95,0.05,6420,140
2023-05-22,6288,8842269,291634761,32.0,33.45,32.0,32.85,0.9,4216,150
2023-05-23,6288,16428724,555082754,33.3,34.4,33.0,33.95,1.1,8658,94
2023-05-24,6288,7211882,244968024,34.05,34.4,33.55,33.8,-0.15,4701,176
2023-05-25,6288,7156501,240714739,34.3,34.35,33.2,33.45,-0.35,4013,176
2023-05-26,6288,10368640,335028985,33.8,33.85,31.7,31.8,-1.65,5888,146
2023-05-29,6288,5582048,177501113,32.15,32.2,31.45,31.75,-0.05,2863,215
2023-05-30,6288,3319090,104833622,32.0,32.0,31.25,31.45,-0.3,2042,275
2023-05-31,6288,2073952,65484711,31.65,31.8,31.45,31.5,0.05,1224,349
2023-06-01,6288,8037791,258099954,31.5,32.55,31.2,32.2,0.7,4092,186
2023-06-02,6288,6018392,194515298,32.35,32.6,32.05,32.4,0.2,2954,235
2023-06-05,6288,4634342,151666594,32.65,33.15,32.3,32.7,0.3,2365,264
2023-06-06,6288,3063718,99653064,33.1,33.1,32.25,32.35,-0.35,1885,317
2023-06-07,6288,2508401,81997182,32.7,33.0,32.5,32.55,0.2,1421,351
2023-06-08,6288,8705928,287518354,32.65,33.3,32.3,33.05,0.5,4176,194
2023-06-09,6288,11999930,401551113,33.25,34.1,32.75,33.65,0.6,6179,138
2023-06-12,6288,45727714,1648742997,34.5,37.0,34.0,36.6,2.95,22542,35
2023-06-13,6288,28590628,1020910590,36.25,36.6,35.0,35.7,-0.9,14264,67
2023-06-14,6288,16334791,565462931,35.7,35.7,33.75,34.15,-1.55,9177,110
2023-06-15,6288,7034587,240302517,34.15,34.7,33.65,34.45,0.3,3935,207
2023-06-16,6288,4300753,146616478,34.7,34.8,33.85,33.85,-0.6,2536,304
2023-06-19,6288,8085977,280903841,34.0,35.4,33.95,34.7,0.85,4099,190
2023-06-20,6288,3350272,116107208,34.85,35.3,34.3,34.35,-0.35,2056,282
2023-06-21,6288,3343655,115819113,34.3,34.95,34.2,34.7,0.0,1971,289
2023-06-26,6288,3876379,131309311,34.7,34.7,33.4,33.75,-0.95,2242,256
2023-06-27,6288,4034638,134051024,34.05,34.05,32.75,33.0,-0.75,2354,268
2023-06-28,6288,2164350,71844819,33.35,33.6,32.95,33.1,0.1,1274,333
2023-06-29,6288,1765967,59022976,33.75,33.8,33.1,33.45,0.35,1047,359
2023-06-30,6288,1678016,56008013,33.45,33.6,32.95,33.6,0.15,1027,363
2023-07-03,6288,5434519,180064193,33.85,33.9,32.85,33.15,-0.45,3020,230
2023-07-04,6288,12575797,436874372,33.7,35.3,33.5,34.8,1.65,6773,146
2023-07-05,6288,5056253,174451324,34.55,35.15,34.05,34.1,-0.7,3123,259
2023-07-06,6288,2497084,85335868,33.9,34.6,33.8,34.3,0.2,1541,361
2023-07-07,6288,9208929,319379283,34.3,35.4,33.75,34.55,0.25,5355,168
