date,stock_id,Trading_Volume,Trading_money,open,max,min,close,spread,Trading_turnover,Trading_money_rank
2018-04-16,6416,4414519,682015742,152.0,159.5,150.5,158.0,0.0,2965,36
2018-04-17,6416,1900790,291023472,158.0,158.0,148.5,152.0,-6.0,1494,99
2018-04-18,6416,1784100,263441949,150.0,153.5,143.0,151.0,-1.0,1275,89
2018-04-19,6416,1782363,269553083,150.0,154.0,147.5,153.5,2.5,1277,101
2018-04-20,6416,1555850,238714700,152.0,155.5,150.5,152.0,-1.5,1226,104
2018-04-23,6416,1261500,185168000,151.5,151.5,143.0,145.5,-6.5,955,117
2018-04-24,6416,1180680,160778980,145.5,145.5,131.5,132.5,-13.0,1008,142
2018-04-25,6416,756671,99859743,128.5,136.5,128.0,133.0,0.5,627,174
2018-04-26,6416,688117,90776151,133.0,138.0,128.5,128.5,-4.5,570,194
2018-04-27,6416,405253,53184908,130.0,135.0,128.0,134.0,5.5,350,222
2018-04-30,6416,234620,31248960,133.0,135.5,131.0,132.5,-1.5,213,287
2018-05-02,6416,170500,22423750,132.5,133.0,130.5,130.5,-2.0,150,325
2018-05-03,6416,680675,85516375,130.5,131.5,122.0,123.0,-7.5,582,178
2018-05-04,6416,673561,86242930,123.0,132.0,121.5,130.0,7.0,556,169
2018-05-07,6416,588187,76510558,128.0,134.0,125.5,133.0,3.0,440,169
2018-05-08,6416,857329,115932073,135.0,138.5,132.0,135.5,2.5,692,159
2018-05-09,6416,392400,52406500,134.5,136.5,132.0,133.0,-2.5,362,233
2018-05-10,6416,273240,36262420,134.0,135.0,130.5,132.0,-1.0,244,285
2018-05-11,6416,285050,37366850,134.0,134.0,130.0,130.0,-2.0,239,304
2018-05-14,6416,400350,51678300,133.0,133.0,127.0,128.0,-2.0,382,272
2018-05-15,6416,435070,54578750,128.0,128.0,124.5,124.5,-3.5,370,262
2018-05-16,6416,1765809,237615925,124.5,136.5,124.5,136.5,12.0,1144,108
2018-05-17,6416,2219397,306000286,136.0,142.0,135.0,138.0,1.5,1689,82
2018-05-18,6416,577550,78081350,135.0,137.0,133.5,135.0,-3.0,495,190
2018-05-21,6416,326860,44173100,136.5,137.5,133.5,134.5,-0.5,290,258
2018-05-22,6416,356100,47277449,135.0,135.0,131.0,131.5,-3.0,303,248
2018-05-23,6416,511181,69145204,132.0,138.0,131.0,136.5,5.0,459,204
2018-05-24,6416,1926345,271415525,137.0,145.0,136.5,145.0,8.5,1334,91
2018-05-25,6416,1535281,218847902,145.0,145.0,141.0,141.5,-3.5,1205,106
2018-05-28,6416,618201,87998748,143.5,143.5,141.0,143.0,1.5,480,193
2018-05-29,6416,858978,123173318,143.0,146.0,140.5,145.5,2.5,655,156
2018-05-30,6416,1982629,292753721,145.5,150.0,145.0,149.0,3.5,1473,98
2018-05-31,6416,1011827,148968896,148.0,148.5,146.5,148.0,-1.0,878,184
2018-06-01,6416,504763,72766726,144.5,146.0,142.5,143.0,0.0,472,238
2018-06-04,6416,1725567,255948184,143.5,151.5,141.5,151.5,8.5,1262,117
2018-06-05,6416,1625989,245556832,150.0,153.5,148.0,151.5,0.0,1101,129
2018-06-06,6416,1090400,165118300,152.0,153.0,150.0,150.5,-1.0,829,160
2018-06-07,6416,2182060,342592280,150.5,165.0,150.5,163.0,12.5,1636,98
2018-06-08,6416,3942704,664709956,167.5,176.0,162.5,163.0,0.0,3016,55
2018-06-11,6416,1346118,207841762,155.0,159.5,151.5,155.5,-7.5,1129,124
2018-06-12,6416,1154145,181924979,154.5,161.0,154.5,158.5,3.0,947,148
2018-06-13,6416,1017995,159059710,158.5,160.0,152.5,157.5,-1.0,800,155
2018-06-14,6416,976208,149228448,154.0,156.0,151.5,152.0,-5.5,748,165
2018-06-15,6416,669717,100205050,151.0,151.5,148.5,148.5,-3.5,583,199
2018-06-19,6416,560948,81123408,146.5,146.5,143.0,143.0,-5.5,456,214
2018-06-20,6416,417410,58832630,143.5,144.5,138.5,140.5,-2.5,372,247
2018-06-21,6416,468035,67461680,141.0,149.0,140.5,145.0,4.5,422,216
2018-06-22,6416,319952,45236184,141.5,142.5,140.5,141.0,-4.0,296,265
2018-06-25,6416,307180,42569928,141.0,141.0,137.5,138.0,-3.0,284,266
2018-06-26,6416,436160,58022600,135.5,136.5,131.0,132.5,-5.5,383,239
2018-06-27,6416,212700,28796200,134.0,138.0,133.5,135.0,2.5,205,311
2018-06-28,6416,168890,22734150,135.0,136.5,132.5,134.0,-1.0,167,334
2018-06-29,6416,219158,29868120,136.0,138.5,133.5,137.0,3.0,206,296
2018-07-02,6416,192020,25935360,137.0,138.0,133.0,133.0,-4.0,168,312
2018-07-03,6416,489020,63551290,133.0,135.0,126.5,128.0,-5.0,395,220
2018-07-04,6416,350000,44790500,126.0,130.5,125.5,129.0,1.0,284,230
2018-07-05,6416,292930,36769180,130.0,130.0,123.0,123.5,-5.5,262,256
2018-07-06,6416,229479,28581854,127.5,127.5,123.0,126.0,2.5,212,322
2018-07-09,6416,154900,19404000,127.5,127.5,124.0,124.0,-2.0,138,328
2018-07-10,6416,168005,21168640,126.0,126.5,125.0,126.5,2.5,156,320
2018-07-11,6416,127200,15781400,125.5,126.0,122.0,124.0,-2.5,111,344
2018-07-12,6416,424360,54807600,123.5,135.0,123.5,133.5,9.5,339,213
2018-07-13,6416,662020,88143700,133.5,136.5,130.0,133.0,-0.5,469,195
2018-07-16,6416,598300,80427500,132.5,137.5,131.0,135.0,2.0,430,191
2018-07-17,6416,418819,55386427,133.5,134.5,131.0,131.5,-3.5,362,221
2018-07-18,6416,202600,26602500,132.0,133.5,129.5,130.0,-1.5,188,315
2018-07-19,6416,129484,16821420,130.5,131.5,129.0,129.0,-1.0,121,337
2018-07-20,6416,1619445,223331300,129.0,141.5,129.0,141.5,12.5,1271,115
2018-07-23,6416,1109235,152378430,139.5,139.5,135.0,137.0,-4.5,907,137
2018-07-24,6416,468240,64342100,136.0,138.5,135.5,138.5,1.5,361,198
2018-07-25,6416,218100,29952800,136.0,138.5,136.0,137.0,-1.5,192,277
2018-07-26,6416,278420,37895330,137.0,138.0,135.5,135.5,-1.5,251,261
2018-07-27,6416,185205,25124380,136.5,136.5,135.0,135.5,0.0,172,310
2018-07-30,6416,201340,26907720,137.0,137.0,132.0,132.5,-3.0,192,307
2018-07-31,6416,141700,18939850,132.0,135.0,132.0,135.0,2.5,139,336
2018-08-01,6416,800554,111317283,135.5,141.5,133.5,140.0,5.0,656,164
2018-08-02,6416,747340,102027908,139.5,139.5,134.5,136.0,-4.0,580,160
2018-08-03,6416,313300,42856949,136.0,137.5,136.0,136.5,0.5,274,247
2018-08-06,6416,426530,59241404,140.0,140.0,137.5,139.0,2.5,385,207
2018-08-07,6416,229010,31245380,139.0,139.0,135.5,135.5,-3.5,206,284
2018-08-08,6416,209375,28328625,137.0,137.0,134.5,134.5,-1.0,192,303
2018-08-09,6416,279540,37003550,134.5,134.5,131.0,132.0,-2.5,241,246
2018-08-10,6416,285350,36956200,130.0,131.0,128.0,129.0,-3.0,256,267
2018-08-13,6416,463700,57559000,127.0,129.0,121.0,123.5,-5.5,404,264
2018-08-14,6416,175085,21719210,125.0,125.5,122.5,124.0,0.5,160,330
2018-08-15,6416,778200,89947600,124.0,124.0,112.0,114.0,-10.0,657,194
2018-08-16,6416,333365,37051110,113.0,114.0,107.5,112.0,-2.0,299,277
2018-08-17,6416,275786,31248032,112.5,116.0,111.0,111.0,-1.0,254,276
2018-08-20,6416,202780,22211020,113.0,113.0,108.0,108.5,-2.5,184,321
2018-08-21,6416,874700,95511000,108.0,116.5,105.5,115.0,6.5,662,163
2018-08-22,6416,686500,75795750,113.0,113.0,108.5,111.0,-4.0,609,183
2018-08-23,6416,215500,23650500,110.5,111.0,108.5,109.0,-2.0,200,298
2018-08-24,6416,140630,15252300,109.0,110.0,107.0,108.0,-1.0,126,349
2018-08-27,6416,175470,19486140,109.0,113.0,109.0,112.0,4.0,168,317
2018-08-28,6416,138535,15350116,111.5,112.0,110.0,110.0,-2.0,124,368
2018-08-29,6416,112251,12385110,110.0,112.0,109.5,109.5,-0.5,105,391
2018-08-30,6416,131200,14410400,109.5,111.5,109.0,109.0,-0.5,119,373
2018-08-31,6416,160000,17414000,108.5,110.0,108.0,109.5,0.5,144,323
2018-09-03,6416,186000,19870500,109.5,109.5,105.5,105.5,-4.0,173,323
2018-09-04,6416,205540,21562200,106.0,107.0,104.0,104.5,-1.0,205,288
2018-09-05,6416,99200,10381500,104.5,105.5,104.0,104.5,0.0,90,405
2018-09-06,6416,352415,35588330,104.0,104.0,100.0,100.5,-4.0,320,249
2018-09-07,6416,956430,90150420,100.0,100.5,90.5,91.8,-8.7,843,203
2018-09-10,6416,465130,40837340,91.8,91.8,85.8,86.2,-5.6,365,272
2018-09-11,6416,304000,27385100,87.5,91.4,87.2,90.9,4.7,275,281
2018-09-12,6416,163200,14535000,90.9,90.9,88.2,88.8,-2.1,148,370
2018-09-13,6416,138200,12469200,88.8,91.0,88.8,90.0,1.2,122,393
2018-09-14,6416,219400,20231800,91.5,94.0,90.2,93.9,3.9,205,321
2018-09-17,6416,193400,17774300,93.1,93.5,91.2,91.7,-2.2,174,287
2018-09-18,6416,122112,11039192,91.3,91.4,89.8,90.0,-1.7,111,368
2018-09-19,6416,103110,9421630,91.0,92.4,90.8,90.9,0.9,96,424
2018-09-20,6416,165603,14842448,91.0,91.0,89.0,89.5,-1.4,141,342
2018-09-21,6416,161000,14569600,90.0,91.4,89.1,90.4,0.9,150,359
2018-09-25,6416,134601,12426392,91.3,93.8,90.7,92.8,2.4,129,369
2018-09-26,6416,194150,18312570,93.0,95.7,92.8,94.1,1.3,186,312
2018-09-27,6416,95000,8979400,94.1,95.0,94.1,94.3,0.2,86,416
2018-09-28,6416,166350,15888950,94.9,96.4,94.9,95.0,0.7,153,356
2018-10-01,6416,159495,15003130,93.5,95.0,93.5,94.0,-1.0,142,332
2018-10-02,6416,117010,11035150,93.8,95.0,93.8,94.4,0.4,100,364
2018-10-03,6416,153172,14376768,94.4,96.2,92.5,92.7,-1.7,126,351
2018-10-04,6416,95125,8728736,92.9,93.2,91.0,91.5,-1.2,90,419
2018-10-05,6416,200000,17831000,90.1,91.5,87.2,89.0,-2.5,164,411
2018-10-08,6416,165300,15047880,89.0,93.0,89.0,91.6,2.6,147,351
2018-10-09,6416,178100,16186249,91.6,92.8,89.6,91.4,-0.2,158,351
2018-10-11,6416,617529,51991994,87.0,88.0,82.3,84.7,-6.7,420,303
2018-10-12,6416,326400,27092899,81.5,86.5,81.2,86.5,1.8,285,320
2018-10-15,6416,154000,13028300,84.6,85.5,83.2,85.5,-1.0,123,379
2018-10-16,6416,125281,10638986,84.8,85.9,84.1,84.1,-1.4,112,390
2018-10-17,6416,86000,7317500,84.9,86.7,84.0,84.2,0.1,80,452
2018-10-18,6416,65120,5489520,84.2,85.0,83.6,84.2,0.0,60,440
2018-10-19,6416,123200,10120418,83.0,83.0,81.5,81.5,-2.7,119,435
2018-10-22,6416,167400,13412579,79.1,81.4,79.0,80.7,-0.8,161,331
2018-10-23,6416,306526,24112235,79.8,83.0,75.0,83.0,2.3,250,269
2018-10-24,6416,227521,17908319,81.9,81.9,77.7,78.8,-4.2,176,311
2018-10-25,6416,323401,24354994,75.0,76.3,74.0,75.9,-2.9,222,316
2018-10-26,6416,216104,16117326,76.2,77.3,72.9,73.6,-2.3,178,352
2018-10-29,6416,252050,18299010,73.6,74.0,71.2,71.5,-2.1,129,286
2018-10-30,6416,241244,16968724,71.5,72.0,69.8,69.9,-1.6,159,285
2018-10-31,6416,250420,18071060,70.9,73.4,70.9,71.9,2.0,213,310
2018-11-01,6416,480525,36521301,74.1,78.1,73.4,76.3,4.4,402,226
2018-11-02,6416,442100,34489950,76.3,80.2,76.3,77.5,1.2,399,254
2018-11-05,6416,159824,12508583,79.0,79.5,77.0,77.8,0.3,153,318
2018-11-06,6416,154001,11835976,78.9,78.9,75.7,75.7,-2.1,115,351
2018-11-07,6416,178100,13742519,77.0,78.0,76.0,77.6,1.9,155,314
2018-11-08,6416,773680,63950812,79.2,85.2,79.1,80.9,3.3,718,184
2018-11-09,6416,296436,23957334,81.2,82.2,79.3,81.6,0.7,271,245
2018-11-12,6416,147242,11871882,80.0,81.8,80.0,80.1,-1.5,135,333
2018-11-13,6416,112003,8764264,77.7,79.0,77.4,78.8,-1.3,109,376
2018-11-14,6416,128000,10040100,79.0,79.0,77.4,78.8,0.0,116,386
2018-11-15,6416,80000,6291000,78.0,79.2,78.0,78.2,-0.6,73,446
2018-11-16,6416,148000,11796100,79.8,80.7,78.5,79.6,1.4,139,371
2018-11-19,6416,69000,5565800,81.3,81.3,80.2,80.8,1.2,64,453
2018-11-20,6416,81050,6487675,80.7,80.7,79.3,79.9,-0.9,78,402
2018-11-21,6416,407000,33235000,79.8,83.0,79.8,81.3,1.4,373,239
2018-11-22,6416,817293,68677938,82.8,85.5,82.0,83.7,2.4,694,174
2018-11-23,6416,290053,23920346,83.0,84.9,81.0,81.3,-2.4,247,264
2018-11-26,6416,238000,19456900,82.4,83.6,80.5,82.5,1.2,178,290
2018-11-27,6416,145360,12090396,82.5,84.3,81.9,83.6,1.1,140,339
2018-11-28,6416,830200,72535300,84.0,89.8,83.9,87.1,3.5,682,202
2018-11-29,6416,412000,36228000,88.9,88.9,86.5,86.9,-0.2,346,265
2018-11-30,6416,375070,33066644,88.0,89.0,86.9,88.5,1.6,249,303
2018-12-03,6416,728202,67536845,90.5,94.8,90.0,92.8,4.3,554,246
2018-12-04,6416,413200,38315319,93.0,93.9,91.7,92.8,0.0,309,282
2018-12-05,6416,379204,34264060,91.6,91.6,89.1,89.6,-3.2,272,274
2018-12-06,6416,520030,44335241,89.2,89.9,83.2,83.5,-6.1,453,262
2018-12-07,6416,182175,15553825,85.1,86.0,84.6,85.5,2.0,164,317
2018-12-10,6416,133000,11145300,85.5,85.5,83.0,83.3,-2.2,124,375
2018-12-11,6416,179000,15220100,83.8,85.6,83.8,85.6,2.3,176,325
2018-12-12,6416,1165451,107672739,87.4,94.1,87.4,94.1,8.5,970,166
2018-12-13,6416,2533427,251513584,95.0,103.0,95.0,98.7,4.6,2135,94
2018-12-14,6416,2488920,256432840,100.5,105.5,100.0,102.0,3.3,2103,81
2018-12-17,6416,1046643,106717619,104.0,104.5,100.0,100.0,-2.0,886,150
2018-12-18,6416,1177948,118239300,99.8,102.5,99.1,100.0,0.0,915,153
2018-12-19,6416,1366500,134310800,101.5,102.5,95.4,97.1,-2.9,1116,130
2018-12-20,6416,976200,94475000,99.0,99.3,93.1,93.6,-3.5,842,163
2018-12-21,6416,583440,54791307,93.6,95.2,91.8,95.2,1.6,481,216
2018-12-22,6416,143260,13471700,94.3,94.9,93.8,93.8,-1.4,125,251
2018-12-24,6416,733200,71451760,94.0,99.7,94.0,98.5,4.7,671,177
2018-12-25,6416,568655,53951265,97.4,97.4,92.1,93.6,-4.9,508,189
2018-12-26,6416,282812,26504666,94.5,95.6,92.2,92.2,-1.4,266,264
2018-12-27,6416,247246,23264924,94.4,95.4,93.2,93.3,1.1,228,283
2018-12-28,6416,370064,33935388,93.5,94.0,90.2,90.5,-2.8,337,230
2019-01-02,6416,333003,30226480,91.3,91.7,90.2,90.6,0.1,270,218
2019-01-03,6416,237041,21636075,90.6,92.8,90.5,90.6,0.0,212,264
2019-01-04,6416,358000,31303100,90.0,90.0,86.1,88.2,-2.4,334,242
2019-01-07,6416,234140,21019456,91.0,91.0,88.8,89.2,1.0,221,279
2019-01-08,6416,338000,29706700,90.0,90.0,87.1,87.5,-1.7,306,243
2019-01-09,6416,628203,56603276,88.1,91.8,88.0,91.0,3.5,555,225
2019-01-10,6416,684195,63288300,94.0,94.5,90.5,90.5,-0.5,607,192
2019-01-11,6416,228050,20507850,92.0,92.0,89.2,89.2,-1.3,193,297
2019-01-14,6416,198445,17499878,89.2,89.5,87.6,87.6,-1.6,192,292
2019-01-15,6416,201132,17855895,88.0,89.6,87.8,88.5,0.9,183,304
2019-01-16,6416,367200,33188919,88.5,91.9,88.5,90.5,2.0,324,260
2019-01-17,6416,259050,23365724,91.5,92.0,88.5,88.5,-2.0,233,293
2019-01-18,6416,109150,9714700,88.7,89.3,88.2,88.9,0.4,102,378
2019-01-21,6416,464597,42271364,89.5,92.2,89.2,91.4,2.5,404,226
2019-01-22,6416,358200,32591980,91.9,92.8,90.0,90.0,-1.4,313,240
2019-01-23,6416,186003,16684894,90.3,90.3,89.2,89.5,-0.5,166,285
2019-01-24,6416,162099,14509110,90.3,90.3,89.1,89.2,-0.3,155,325
2019-01-25,6416,143000,12798100,89.6,89.9,89.2,89.5,0.3,132,354
2019-01-28,6416,648730,59788560,90.3,93.1,90.3,92.0,2.5,566,200
2019-01-29,6416,232100,21157559,91.3,91.8,90.7,91.6,-0.4,211,287
2019-01-30,6416,296100,27294970,91.8,92.9,91.8,91.8,0.2,253,270
2019-02-11,6416,305362,28239885,92.9,93.0,91.9,92.5,0.7,269,303
2019-02-12,6416,705100,66327850,92.7,95.1,92.7,94.4,1.9,569,221
2019-02-13,6416,393150,37168390,95.0,96.0,93.7,93.7,-0.7,328,292
2019-02-14,6416,317000,29774900,93.7,95.3,93.0,93.5,-0.2,285,309
2019-02-15,6416,526000,48082700,93.3,93.7,90.4,91.1,-2.4,461,251
2019-02-18,6416,641000,56949400,90.1,90.1,87.2,89.1,-2.0,544,240
2019-02-19,6416,178327,15895411,89.1,89.6,88.7,88.9,-0.2,168,359
2019-02-20,6416,322450,28797250,89.0,90.2,88.5,88.9,0.0,299,318
2019-02-21,6416,266600,23974379,88.9,90.6,88.8,90.6,1.7,213,345
2019-02-22,6416,368399,33527726,90.2,92.2,89.1,91.3,0.7,325,286
2019-02-25,6416,1814208,172903753,92.5,98.2,91.7,96.7,5.4,1524,138
2019-02-26,6416,1925115,190983311,100.0,101.5,97.6,97.7,1.0,1529,141
2019-02-27,6416,2103150,210600000,99.6,101.5,97.7,100.0,2.3,1517,125
2019-03-04,6416,2521300,259755100,102.0,105.5,100.0,102.0,2.0,1910,104
2019-03-05,6416,1506500,154282000,101.0,104.5,100.0,101.0,-1.0,1115,126
2019-03-06,6416,860241,85679537,101.0,102.0,98.2,98.3,-2.7,727,188
2019-03-07,6416,411160,40101620,98.3,99.4,96.6,96.8,-1.5,363,278
2019-03-08,6416,563145,55338971,95.9,100.5,95.5,100.0,3.2,474,221
2019-03-11,6416,495100,49810880,100.0,102.0,99.2,99.5,-0.5,380,235
2019-03-12,6416,287100,28540359,100.5,101.0,98.4,98.6,-0.9,262,319
2019-03-13,6416,348072,34304777,98.6,99.8,97.0,99.0,0.4,326,277
2019-03-14,6416,416150,41356634,100.5,100.5,98.6,98.9,-0.1,369,279
2019-03-15,6416,378172,37073707,98.3,99.7,97.2,97.2,-1.7,345,307
2019-03-18,6416,261540,25729628,98.0,99.4,97.4,98.2,1.0,213,343
2019-03-19,6416,135040,13302220,99.2,99.2,98.0,98.0,-0.2,124,430
2019-03-20,6416,187050,18270125,98.0,98.2,97.1,97.9,-0.1,165,380
2019-03-21,6416,531300,53075500,97.5,101.5,97.5,99.6,1.7,495,265
2019-03-22,6416,396000,39040300,100.0,100.5,97.8,98.0,-1.6,332,316
2019-03-25,6416,573106,54739458,96.8,96.8,94.5,94.5,-3.5,450,256
2019-03-26,6416,233100,22133010,95.1,96.2,94.2,94.2,-0.3,215,339
2019-03-27,6416,251005,23557280,94.2,94.6,93.4,93.7,-0.5,218,345
2019-03-28,6416,260260,24155462,94.0,94.0,92.3,92.3,-1.4,239,346
2019-03-29,6416,385200,36507220,93.4,96.2,92.6,96.0,3.7,339,305
2019-04-01,6416,355200,34334900,96.1,97.9,95.5,95.6,-0.4,320,324
2019-04-02,6416,220000,21017900,96.9,96.9,94.5,94.9,-0.7,195,375
2019-04-03,6416,110500,10527050,95.8,96.2,94.5,95.0,0.1,107,469
2019-04-08,6416,148300,14136660,95.0,96.5,95.0,95.1,0.1,147,466
2019-04-09,6416,162474,15471024,95.9,95.9,94.8,95.0,-0.1,150,421
2019-04-10,6416,359200,33584139,95.0,95.7,92.8,93.2,-1.8,291,328
2019-04-11,6416,293146,27149302,93.0,93.9,91.7,91.8,-1.4,257,365
2019-04-12,6416,327164,29703741,91.4,92.0,90.1,90.4,-1.4,295,319
2019-04-15,6416,253350,22972975,91.0,91.7,90.1,90.3,-0.1,228,361
2019-04-16,6416,291373,26544229,90.2,92.1,90.2,92.1,1.8,259,351
2019-04-17,6416,312455,28950424,93.0,93.9,91.9,92.8,0.7,295,358
2019-04-18,6416,374347,34594567,93.5,93.9,90.5,90.7,-2.1,336,351
2019-04-19,6416,235057,21301145,91.1,91.7,90.1,90.9,0.2,223,342
2019-04-22,6416,207185,18797416,91.6,91.6,90.3,90.4,-0.5,167,369
2019-04-23,6416,184100,16502300,90.4,90.4,89.0,89.9,-0.5,150,367
2019-04-24,6416,277100,25273260,90.2,92.5,89.7,91.3,1.4,253,335
2019-04-25,6416,128200,11620259,91.1,91.2,90.3,90.3,-1.0,128,416
2019-04-26,6416,122052,10950084,90.8,90.8,89.5,89.5,-0.8,114,415
2019-04-29,6416,122050,10839925,89.3,91.0,88.3,88.3,-1.2,116,440
2019-04-30,6416,122180,10780300,88.5,89.4,87.8,88.5,0.2,95,414
2019-05-02,6416,108199,9620411,88.6,89.7,88.5,89.0,0.5,96,436
2019-05-03,6416,146220,13241510,89.7,91.4,89.7,90.5,1.5,128,402
2019-05-06,6416,99627,8829725,90.0,90.0,88.1,88.3,-2.2,96,516
2019-05-07,6416,81000,7176400,88.6,89.5,88.2,88.2,-0.1,64,478
2019-05-08,6416,356240,30730780,87.5,87.9,85.2,85.4,-2.8,295,290
2019-05-09,6416,383300,31909249,85.4,85.7,81.9,82.0,-3.4,323,331
2019-05-10,6416,230100,18726200,81.2,83.0,80.0,80.7,-1.3,196,389
2019-05-13,6416,601060,45785125,79.0,79.0,75.0,75.1,-5.6,475,273
2019-05-14,6416,247000,18630300,73.8,77.3,72.2,77.0,1.9,212,389
2019-05-15,6416,140001,10843080,76.7,78.0,76.1,77.7,0.7,112,430
2019-05-16,6416,165040,12444020,77.7,77.7,73.6,74.7,-3.0,138,422
2019-05-17,6416,171034,12639052,75.0,75.7,73.0,73.0,-1.7,145,426
2019-05-20,6416,121500,8854298,73.5,73.5,71.8,72.6,-0.4,94,445
2019-05-21,6416,68200,4997359,72.2,74.1,72.2,73.9,1.3,60,547
2019-05-22,6416,129000,9560100,76.0,76.0,73.1,73.5,-0.4,112,401
2019-05-23,6416,148065,10701412,73.4,73.4,72.0,72.0,-1.5,119,414
2019-05-24,6416,88000,6362500,72.0,73.1,72.0,72.1,0.1,68,473
2019-05-27,6416,76300,5502410,72.1,72.7,71.8,72.6,0.5,64,529
2019-05-28,6416,113032,8317753,72.8,74.2,72.6,74.0,1.4,105,463
2019-05-29,6416,48000,3536700,72.9,74.0,72.9,73.7,-0.3,46,584
2019-05-30,6416,120000,8907900,74.1,74.6,73.7,74.0,0.3,94,431
2019-05-31,6416,98100,7277000,74.7,74.7,73.8,73.9,-0.1,93,487
2019-06-03,6416,100120,7260110,72.5,73.0,72.3,72.5,-1.4,91,448
2019-06-04,6416,32261,2347483,72.5,73.3,72.4,72.9,0.4,33,610
2019-06-05,6416,89200,6559219,73.3,74.2,72.8,73.0,0.1,84,458
2019-06-06,6416,67300,4902168,72.9,73.6,72.3,72.9,-0.1,64,513
2019-06-10,6416,85000,6250900,74.0,74.1,73.0,73.4,0.5,69,490
2019-06-11,6416,193000,14472800,74.1,76.0,73.7,75.9,2.5,175,389
2019-06-12,6416,88000,6652800,76.0,76.0,75.2,75.3,-0.6,86,458
2019-06-13,6416,92005,6965982,75.4,76.2,75.3,76.1,0.8,90,444
2019-06-14,6416,128020,9797540,76.3,77.3,75.5,75.7,-0.4,114,392
2019-06-17,6416,34022,2577730,76.0,76.2,75.1,75.1,-0.6,32,599
2019-06-18,6416,37000,2783700,75.2,75.6,75.1,75.2,0.1,35,574
2019-06-19,6416,179873,13761396,75.9,77.2,75.6,77.0,1.8,149,417
2019-06-20,6416,105000,8134600,77.5,77.8,76.8,77.7,0.7,87,480
2019-06-21,6416,104000,8045600,78.0,78.0,76.9,77.0,-0.7,87,511
2019-06-24,6416,60000,4625200,77.0,77.6,76.6,77.6,0.6,50,566
2019-06-25,6416,69000,5318100,77.6,77.6,76.6,76.7,-0.9,64,509
2019-06-26,6416,67000,5171800,77.0,77.5,77.0,77.0,0.3,62,500
2019-06-27,6416,114000,8891300,77.1,78.4,77.1,78.0,1.0,93,459
2019-06-28,6416,91000,7113100,78.2,78.8,77.6,77.9,-0.1,80,451
2019-07-01,6416,194100,15350600,78.4,79.9,78.4,79.6,1.7,159,406
2019-07-02,6416,126517,10129661,80.0,80.7,79.6,80.0,0.4,110,469
2019-07-03,6416,84500,6676949,80.1,80.1,78.6,78.7,-1.3,83,523
2019-07-04,6416,65000,5144800,80.4,80.4,78.8,79.1,0.4,55,552
2019-07-05,6416,64000,5087300,79.1,80.0,79.0,79.6,0.5,57,551
2019-07-08,6416,32010,2543994,79.6,79.6,79.2,79.2,-0.4,30,649
2019-07-09,6416,74000,5788700,79.1,79.1,77.8,78.0,-1.2,71,548
2019-07-10,6416,36000,2830100,78.0,79.4,78.0,78.5,0.5,31,649
2019-07-11,6416,264002,21218870,79.1,81.0,79.1,80.8,2.3,219,379
2019-07-12,6416,137003,11064555,80.9,81.6,80.3,80.5,-0.3,112,466
2019-07-15,6416,59007,4727095,80.5,80.5,79.5,80.4,-0.1,58,586
2019-07-16,6416,136000,11026800,81.3,81.6,80.6,81.0,0.6,105,475
2019-07-17,6416,60150,4862225,81.0,81.6,80.5,80.9,-0.1,50,593
2019-07-18,6416,121000,9743500,81.6,81.6,79.8,79.8,-1.1,89,463
2019-07-19,6416,80000,6411100,81.2,81.2,79.9,80.0,0.2,64,531
2019-07-22,6416,214000,17230200,80.0,81.2,80.0,80.5,0.5,133,391
2019-07-23,6416,121265,9762632,80.5,80.8,80.2,80.4,-0.1,97,484
2019-07-24,6416,389100,31476650,81.3,81.3,80.6,80.8,0.4,256,341
2019-07-25,6416,210182,16502678,78.3,79.0,77.8,78.6,0.0,172,416
2019-07-26,6416,98008,7716060,78.6,78.9,78.6,78.6,0.0,86,484
2019-07-29,6416,107011,8383302,79.0,79.0,78.1,78.5,-0.1,87,491
2019-07-30,6416,140100,10887180,78.2,79.1,77.4,77.4,-1.1,120,470
2019-07-31,6416,106110,8160714,77.4,77.4,76.6,77.0,-0.4,84,482
2019-08-01,6416,88100,6810369,77.0,77.7,76.5,77.7,0.7,62,502
2019-08-02,6416,290000,21827200,75.8,76.5,74.7,74.9,-2.8,237,384
2019-08-05,6416,126081,9296575,75.3,75.3,73.1,73.1,-1.8,110,486
2019-08-06,6416,87080,6264552,71.0,73.5,70.7,73.2,0.1,74,548
2019-08-07,6416,109013,7988106,73.1,74.0,73.0,73.0,-0.2,77,459
2019-08-08,6416,59000,4314800,73.3,73.7,72.5,73.1,0.1,52,530
2019-08-12,6416,51000,3772800,75.3,75.3,73.4,74.5,1.4,47,605
2019-08-13,6416,38000,2809100,74.2,74.5,73.3,73.3,-1.2,36,624
2019-08-14,6416,79030,5810326,73.3,74.1,73.1,73.2,-0.1,72,543
2019-08-15,6416,107000,7682300,71.0,72.1,71.0,72.1,-1.1,74,514
2019-08-16,6416,54000,3894900,70.2,72.9,70.2,72.5,0.4,42,561
2019-08-19,6416,76000,5544600,73.0,73.2,72.8,73.0,0.5,59,538
2019-08-20,6416,56100,4131690,74.9,74.9,73.1,73.2,0.2,47,584
2019-08-21,6416,943888,74020883,73.8,80.5,73.7,80.5,7.3,766,211
2019-08-22,6416,1152554,94761158,82.0,83.8,80.7,81.3,0.8,968,194
2019-08-23,6416,1305256,109494379,81.0,86.5,80.8,85.0,3.7,1061,178
2019-08-26,6416,465491,38544810,84.6,84.6,81.2,82.2,-2.8,415,271
2019-08-27,6416,312200,26176979,83.5,84.8,82.7,82.8,0.6,263,312
2019-08-28,6416,213300,17769229,83.0,84.7,82.6,82.6,-0.2,197,352
2019-08-29,6416,129030,10747505,83.0,83.6,83.0,83.5,0.9,107,404
2019-08-30,6416,851317,73656821,84.7,88.7,84.1,84.6,1.1,709,235
2019-09-02,6416,285076,24521774,85.0,87.5,84.7,86.0,1.4,241,326
2019-09-03,6416,1305772,115921061,86.3,90.1,86.1,88.9,2.9,1089,163
2019-09-04,6416,1944624,177956017,90.3,93.5,90.0,90.3,1.4,1607,129
2019-09-05,6416,1049571,96128000,91.1,92.8,90.3,92.0,1.7,837,194
2019-09-06,6416,800381,72958272,92.3,92.4,89.4,91.8,-0.2,663,212
2019-09-09,6416,713402,65447784,92.1,93.0,90.1,93.0,1.2,552,222
2019-09-10,6416,920874,86112282,93.7,95.0,92.1,92.9,-0.1,761,185
2019-09-11,6416,807488,73124863,92.0,92.9,89.4,90.2,-2.7,649,214
2019-09-12,6416,351396,31515423,90.6,90.8,88.8,89.2,-1.0,297,297
2019-09-16,6416,270420,24087811,90.0,90.1,88.1,89.0,-0.2,205,330
2019-09-17,6416,196420,17665794,89.4,91.1,89.0,89.2,0.2,170,349
2019-09-18,6416,334200,30291478,89.6,91.4,89.6,90.5,1.3,277,296
2019-09-19,6416,221230,19823308,90.6,91.1,89.1,90.2,-0.3,185,341
2019-09-20,6416,245335,21856846,90.2,90.2,88.8,88.8,-1.4,194,350
2019-09-23,6416,295602,26589059,88.8,91.2,88.5,91.0,2.2,225,314
2019-09-24,6416,272000,24750400,91.7,91.7,90.2,90.2,-0.8,215,333
2019-09-25,6416,78022,7017880,90.8,90.8,89.4,89.4,-0.8,74,507
2019-09-26,6416,145300,13113860,90.0,91.0,89.5,90.0,0.6,132,400
2019-09-27,6416,566627,49112607,90.1,90.7,85.1,85.4,-4.6,476,253
2019-10-01,6416,145137,12382222,85.7,86.1,84.7,85.3,-0.1,129,390
2019-10-02,6416,183150,15942700,85.3,88.2,84.7,86.6,1.3,168,331
2019-10-03,6416,133095,11451660,86.0,87.0,85.6,86.0,-0.6,127,374
2019-10-04,6416,176080,14996240,86.8,86.8,84.3,85.0,-1.0,156,348
2019-10-07,6416,79000,6773000,85.5,86.3,85.3,85.6,0.6,60,473
2019-10-08,6416,129000,10974500,86.3,86.4,84.6,85.0,-0.6,114,421
2019-10-09,6416,100000,8529200,85.0,85.9,84.6,84.6,-0.4,85,457
2019-10-14,6416,254050,22074065,87.0,87.6,86.0,86.9,2.3,216,379
2019-10-15,6416,167450,14475705,87.1,87.1,85.9,86.9,0.0,144,405
2019-10-16,6416,154000,13443200,87.4,88.0,86.5,87.1,0.2,133,432
2019-10-17,6416,250000,22023500,87.8,89.2,87.5,87.8,0.7,217,352
2019-10-18,6416,116090,10133875,87.7,87.8,86.8,86.8,-1.0,96,482
2019-10-21,6416,49360,4308908,87.6,88.6,87.0,87.2,0.4,49,578
2019-10-22,6416,82110,7178350,87.1,88.0,87.1,87.6,0.4,72,503
2019-10-23,6416,213100,18837560,87.6,89.1,87.6,88.2,0.6,185,373
2019-10-24,6416,147160,13025626,88.4,88.9,87.8,88.9,0.7,131,407
2019-10-25,6416,102363,9041824,89.5,89.5,87.8,88.1,-0.8,93,443
2019-10-28,6416,92000,8068600,88.2,88.5,87.4,87.9,-0.2,80,480
2019-10-29,6416,388000,34707000,88.1,90.6,88.0,88.5,0.6,332,303
2019-10-30,6416,131446,11556570,88.5,88.5,87.6,87.7,-0.8,111,416
2019-10-31,6416,93229,8166823,88.4,88.4,87.2,87.2,-0.5,85,466
2019-11-01,6416,103118,9017984,87.7,88.2,86.9,88.0,0.8,89,433
2019-11-04,6416,337950,30220094,88.0,90.3,88.0,88.8,0.8,278,326
2019-11-05,6416,94101,8367968,89.0,89.2,88.6,89.1,0.3,81,490
2019-11-06,6416,110010,9790089,88.8,89.5,88.3,88.9,-0.2,87,462
2019-11-07,6416,119000,10478300,89.6,89.6,87.5,87.8,-1.1,99,449
2019-11-08,6416,80350,7011160,87.7,87.8,87.0,87.1,-0.7,70,495
2019-11-11,6416,248500,21299298,87.6,87.6,85.0,85.7,-1.4,203,398
2019-11-12,6416,64147,5505544,86.3,86.3,85.4,85.9,0.2,51,545
2019-11-13,6416,47000,4035000,86.8,86.8,85.1,86.2,0.3,42,586
2019-11-14,6416,105848,9069737,87.0,87.0,85.2,85.4,-0.8,97,489
2019-11-15,6416,572358,50671010,86.0,89.9,86.0,89.5,4.1,456,254
2019-11-18,6416,1073200,98228900,90.4,93.0,89.8,90.9,1.4,898,181
2019-11-19,6416,183005,16491254,90.9,90.9,89.3,89.4,-1.5,160,378
2019-11-20,6416,153200,13652899,90.0,90.0,88.6,89.0,-0.4,129,400
2019-11-21,6416,240436,21553213,88.2,90.8,88.1,90.8,1.8,196,346
2019-11-22,6416,2225191,206747131,91.8,94.8,90.5,94.2,3.4,1712,100
2019-11-25,6416,4336745,425809372,97.7,100.5,94.5,94.7,0.5,3463,54
2019-11-26,6416,1202713,116141728,95.0,97.8,95.0,97.1,2.4,1030,181
2019-11-27,6416,1735540,171535735,98.3,99.9,97.1,98.5,1.4,1424,117
2019-11-28,6416,1438638,143071824,100.0,101.0,97.4,98.0,-0.5,1192,131
2019-11-29,6416,826130,80747580,99.0,100.0,96.0,96.1,-1.9,716,201
2019-12-02,6416,617160,59158379,97.5,98.1,94.5,95.0,-1.1,548,219
2019-12-03,6416,434395,41511122,94.6,97.0,94.5,96.0,1.0,374,247
2019-12-04,6416,464331,43938347,95.5,96.3,93.1,93.2,-2.8,390,234
2019-12-05,6416,480200,45542120,94.4,95.8,93.9,94.7,1.5,342,240
2019-12-06,6416,418100,39566249,94.9,95.8,94.0,95.5,0.8,323,269
2019-12-09,6416,256125,24476962,96.5,96.5,95.2,95.2,-0.3,194,316
2019-12-10,6416,263125,24846012,95.2,95.2,93.9,94.8,-0.4,200,328
2019-12-11,6416,658967,63011369,95.2,96.8,94.6,95.4,0.6,579,236
2019-12-12,6416,911410,87094395,96.3,97.2,93.8,93.8,-1.6,782,203
2019-12-13,6416,756292,69547129,94.2,94.2,90.7,91.0,-2.8,632,234
2019-12-16,6416,172250,15789100,91.4,92.2,90.8,92.0,1.0,142,402
2019-12-17,6416,334304,31189028,92.7,94.3,92.3,93.2,1.2,283,329
2019-12-18,6416,111130,10399307,93.9,94.0,93.2,93.9,0.7,89,486
2019-12-19,6416,155100,14557200,93.9,94.2,93.3,93.8,-0.1,144,409
2019-12-20,6416,227000,21296700,94.0,94.4,93.0,93.0,-0.8,192,369
2019-12-23,6416,105000,9786600,93.0,93.6,93.0,93.3,0.3,87,473
2019-12-24,6416,336000,31758600,93.7,95.0,93.3,95.0,1.7,279,297
2019-12-25,6416,388285,37143746,95.2,96.3,94.8,95.5,0.5,301,264
2019-12-26,6416,221344,21186720,95.6,96.4,95.1,95.4,-0.1,167,329
2019-12-27,6416,339042,32591632,95.4,96.6,95.2,96.1,0.7,271,290
2019-12-30,6416,505420,49122555,96.9,98.1,95.9,97.5,1.4,433,255
2019-12-31,6416,259151,25024380,97.0,97.7,95.9,96.1,-1.4,215,334
2020-01-02,6416,360873,35102414,96.3,97.8,96.3,97.5,1.4,299,308
2020-01-03,6416,280026,27101396,98.0,98.3,95.7,95.9,-1.6,240,375
2020-01-06,6416,183302,17468328,95.0,95.9,95.0,95.3,-0.6,158,399
2020-01-07,6416,286300,26958419,95.4,95.5,93.4,94.3,-1.0,214,340
2020-01-08,6416,340266,31567078,93.9,93.9,92.2,92.2,-2.1,274,316
2020-01-09,6416,255188,24060360,93.5,95.3,93.0,95.0,2.8,219,313
2020-01-10,6416,2304071,229771842,95.3,102.5,94.5,102.5,7.5,1688,101
2020-01-13,6416,2294294,236249370,103.0,105.0,100.5,104.0,1.5,1745,106
2020-01-14,6416,997825,103724300,103.0,105.5,102.5,104.0,0.0,722,188
2020-01-15,6416,3406507,369256763,105.0,110.5,104.0,109.0,5.0,2510,79
2020-01-16,6416,2128120,238788997,108.0,115.0,107.5,112.5,3.5,1610,96
2020-01-17,6416,1602521,183187852,113.5,116.5,112.0,113.0,0.5,1288,123
2020-01-20,6416,742744,84034456,114.0,115.0,112.0,112.5,-0.5,586,195
2020-01-30,6416,2014040,208939080,103.5,107.0,101.5,102.0,-10.5,1252,188
2020-01-31,6416,2878016,312513292,106.5,112.0,104.5,112.0,10.0,2043,114
2020-02-03,6416,2758101,303488509,110.0,113.5,105.5,109.0,-3.0,2020,113
2020-02-04,6416,1778800,193761500,110.0,111.0,106.5,110.0,1.0,1360,131
2020-02-05,6416,1504337,163314059,112.0,112.0,107.0,107.0,-3.0,1054,140
2020-02-06,6416,3380994,386091294,108.5,117.5,107.5,117.5,10.5,2348,80
2020-02-07,6416,6014897,702549409,118.5,121.0,111.0,112.0,-5.5,4445,38
2020-02-10,6416,1596140,173137040,108.0,110.5,106.0,109.0,-3.0,1305,117
2020-02-11,6416,1987040,221170419,111.0,113.0,109.0,111.5,2.5,1495,100
2020-02-12,6416,1713839,194546222,111.0,115.0,110.5,113.5,2.0,1221,123
2020-02-13,6416,876100,98792350,114.0,114.5,111.5,112.0,-1.5,667,185
2020-02-14,6416,6010951,715472120,111.5,122.0,111.5,120.0,8.0,4433,31
2020-02-17,6416,2550183,304890230,118.0,121.5,117.5,121.5,1.5,1802,74
2020-02-18,6416,3157255,383105600,121.5,124.5,118.0,118.0,-3.5,2255,67
2020-02-19,6416,2522354,305267363,119.5,123.5,117.5,122.5,4.5,1953,85
2020-02-20,6416,2106193,254557755,123.5,123.5,119.0,120.5,-2.0,1596,100
2020-02-21,6416,1704263,200778927,120.0,120.0,116.0,118.5,-2.0,1334,121
2020-02-24,6416,1045850,121013300,117.5,118.0,114.5,115.0,-3.5,818,177
2020-02-25,6416,1054226,121358620,113.0,117.0,112.5,116.5,1.5,754,161
2020-02-26,6416,1136412,131209849,116.5,118.0,113.5,113.5,-3.0,914,165
2020-02-27,6416,2905354,314562342,114.0,115.0,105.0,105.0,-8.5,2169,112
2020-03-02,6416,1578471,163339455,100.0,107.5,100.0,105.5,0.5,1045,170
2020-03-03,6416,1033320,111520060,108.0,109.0,106.5,107.5,2.0,765,189
2020-03-04,6416,731080,77653140,107.5,108.5,104.0,107.5,0.0,540,206
2020-03-05,6416,4050237,472150966,109.5,118.0,109.5,118.0,10.5,2434,63
2020-03-06,6416,10275318,1299523677,122.5,129.5,122.0,129.5,11.5,6328,14
2020-03-09,6416,8558062,1095947812,130.0,132.0,122.0,125.0,-4.5,5731,35
2020-03-10,6416,11498557,1497515252,127.0,137.5,121.0,135.5,10.5,7844,17
2020-03-11,6416,5606809,729403718,134.0,135.0,122.5,124.5,-11.0,3986,48
2020-03-12,6416,5003140,584249820,124.0,124.0,112.5,113.0,-11.5,3584,85
2020-03-13,6416,6971019,753683780,105.0,122.0,102.0,119.5,6.5,4705,73
2020-03-16,6416,9444336,1137661304,119.0,125.5,113.5,114.0,-5.5,7031,24
2020-03-17,6416,10926584,1305033119,115.0,125.0,113.0,115.0,1.0,7260,27
2020-03-18,6416,7605468,893830852,117.5,121.0,112.0,114.0,-1.0,5876,43
2020-03-19,6416,6522890,703454670,113.0,118.0,103.0,103.5,-10.5,4798,64
2020-03-20,6416,4912707,542553684,109.0,113.5,105.0,111.0,7.5,3752,71
2020-03-23,6416,2598212,280400092,105.0,111.5,103.5,106.5,-4.5,2036,88
2020-03-24,6416,3381380,384858200,113.0,116.5,111.5,113.5,7.0,2544,74
2020-03-25,6416,6192310,723859840,118.0,123.0,109.0,112.0,-1.5,4609,45
2020-03-26,6416,4907424,561020032,112.0,118.0,111.0,116.5,4.5,3461,53
2020-03-27,6416,6741821,796091273,120.0,122.5,112.0,112.0,-4.5,4863,47
2020-03-30,6416,2805058,319721460,110.0,118.0,108.0,118.0,6.0,2176,75
2020-03-31,6416,4195020,494119860,119.0,121.0,114.0,116.5,-1.5,3166,69
2020-04-01,6416,2776530,327173769,116.5,119.5,115.5,118.0,1.5,2170,83
2020-04-06,6416,4721460,569549580,120.0,123.0,118.0,122.0,4.0,3469,54
2020-04-07,6416,5256469,648342218,125.0,127.0,120.0,120.5,-1.5,3775,56
2020-04-08,6416,3252309,389297271,120.5,122.5,117.5,119.0,-1.5,2595,87
2020-04-09,6416,3395343,394237767,119.5,120.0,113.0,114.5,-4.5,2585,91
2020-04-10,6416,2071695,241102705,114.0,119.0,113.5,119.0,4.5,1536,100
2020-04-13,6416,1578330,186094610,119.5,120.0,115.0,115.5,-3.5,1166,119
2020-04-14,6416,1763601,206636817,118.0,119.5,115.5,116.5,1.0,1368,136
2020-04-15,6416,7396805,909128820,117.0,127.0,116.0,124.0,7.5,5124,33
2020-04-16,6416,6529446,817416912,124.0,127.5,121.0,122.0,-2.0,4633,35
2020-04-17,6416,8170453,1031267813,125.0,131.0,121.5,121.5,-0.5,5758,37
2020-04-20,6416,2913390,361233443,123.5,125.5,121.5,124.5,3.0,2309,79
2020-04-21,6416,9734100,1242135600,124.5,131.5,124.0,125.5,1.0,7099,21
2020-04-22,6416,9450248,1218746740,127.5,132.0,125.5,128.0,2.5,6732,16
2020-04-23,6416,3977448,509378396,130.5,131.5,126.0,126.5,-1.5,2864,65
2020-04-24,6416,2649539,337897414,126.5,129.5,125.5,125.5,-1.0,2000,79
2020-04-27,6416,3247024,418777620,127.5,130.5,126.5,130.0,4.5,2394,81
2020-04-28,6416,10481752,1419790776,130.0,139.5,130.0,135.0,5.0,7650,21
2020-04-29,6416,3934023,527856605,136.5,138.0,132.0,133.0,-2.0,2910,80
2020-04-30,6416,2592562,346056308,134.5,136.0,131.5,133.5,0.5,1871,133
2020-05-04,6416,2505491,333291276,130.0,135.0,129.0,135.0,1.5,1950,112
2020-05-05,6416,5700091,782570876,138.0,141.5,133.0,134.0,-1.0,4201,43
2020-05-06,6416,1968000,266973999,135.0,137.5,134.0,134.5,0.5,1494,134
2020-05-07,6416,1583568,215352816,135.5,137.5,134.5,137.0,2.5,1148,148
2020-05-08,6416,2647529,353685500,138.0,138.5,128.5,129.5,-7.5,1955,109
2020-05-11,6416,1732201,226212331,131.5,133.0,129.0,130.5,1.0,1299,152
2020-05-12,6416,2227419,296805934,130.5,135.5,130.5,133.0,2.5,1625,123
2020-05-13,6416,1070601,140939731,133.5,135.0,129.0,131.0,-2.0,880,181
2020-05-14,6416,2934970,369348750,130.5,131.0,122.5,122.5,-8.5,2229,100
2020-05-15,6416,1785699,219599676,125.5,125.5,120.5,124.0,1.5,1413,137
2020-05-18,6416,1014174,124059380,122.5,124.5,121.0,121.0,-3.0,774,194
2020-05-19,6416,741823,90899816,123.0,124.5,121.5,122.5,1.5,584,234
2020-05-20,6416,1878703,236379281,123.0,128.0,123.0,127.0,4.5,1428,133
2020-05-21,6416,3595859,472933106,128.5,134.5,127.5,133.0,6.0,2665,86
2020-05-22,6416,3153106,424585992,134.5,137.5,132.0,133.0,0.0,2420,85
2020-05-25,6416,7505607,1039228782,135.5,141.5,132.0,140.0,7.0,4966,29
2020-05-26,6416,7853173,1128651148,145.0,148.5,138.5,142.0,2.0,5628,34
2020-05-27,6416,2337210,328715190,142.5,143.5,138.0,138.5,-3.5,1886,108
2020-05-28,6416,3151845,440606686,140.0,143.5,136.5,137.0,-1.5,2229,90
2020-05-29,6416,1710528,238336448,138.5,141.0,137.0,140.5,3.5,1233,152
2020-06-01,6416,1752883,246770120,142.0,143.0,139.0,140.0,-0.5,1217,138
2020-06-02,6416,2503876,355895140,141.0,144.5,139.5,140.5,0.5,1889,98
2020-06-03,6416,3839751,523776009,141.0,141.5,134.0,135.5,-5.0,3017,85
2020-06-04,6416,1838540,247317129,136.0,137.5,133.5,134.0,-1.5,1458,152
2020-06-05,6416,1488175,201770210,134.5,137.0,134.0,135.5,1.5,979,166
2020-06-08,6416,1174539,159191954,136.5,137.0,134.0,134.5,-1.0,860,219
2020-06-09,6416,3013868,417494346,135.5,141.0,135.0,137.5,3.0,2181,98
2020-06-10,6416,1708492,235423380,139.0,139.0,136.0,139.0,1.5,1343,154
2020-06-11,6416,1981892,269400420,138.0,140.0,133.0,133.0,-6.0,1499,166
2020-06-12,6416,1666871,215635275,129.0,133.0,127.5,133.0,0.0,1309,158
2020-06-15,6416,988189,130132570,134.0,135.0,129.5,129.5,-3.5,717,202
2020-06-16,6416,1340533,179724554,131.5,136.0,131.0,136.0,6.5,971,167
2020-06-17,6416,3798526,527450349,138.5,141.0,137.0,137.0,1.0,2765,79
2020-06-18,6416,6588322,942372847,138.5,147.0,137.5,144.5,7.5,4540,36
2020-06-19,6416,10263596,1525776420,148.0,153.5,143.5,145.0,0.5,7103,31
2020-06-22,6416,3591826,520609177,146.0,148.5,140.5,146.5,1.5,2601,80
2020-06-23,6416,5171026,759323853,146.5,150.5,142.0,148.5,2.0,3729,56
2020-06-24,6416,15332832,2422496956,148.5,163.0,147.5,158.5,10.0,9237,12
2020-06-29,6416,5497951,850325974,157.5,160.5,151.0,151.5,-7.0,3936,46
2020-06-30,6416,2521753,385802089,153.0,156.0,151.0,152.5,1.0,1969,97
2020-07-01,6416,2172961,337350470,153.5,157.5,153.0,154.5,2.0,1568,118
2020-07-02,6416,2416803,379659364,155.5,159.0,154.0,156.5,2.0,1744,115
2020-07-03,6416,6642914,1081000105,159.0,167.0,157.5,161.5,5.0,4571,40
2020-07-06,6416,3597261,596341587,163.5,168.0,162.5,167.0,5.5,2431,98
2020-07-07,6416,3230731,533744884,168.0,170.5,161.0,163.5,-3.5,2243,118
2020-07-08,6416,2556590,424884234,165.5,169.5,163.5,166.5,3.0,1778,118
2020-07-09,6416,3076200,516959496,169.5,172.0,165.5,167.5,1.0,2172,112
2020-07-10,6416,3409147,569646196,169.5,170.5,161.5,168.0,0.5,2208,97
2020-07-13,6416,4201695,718349540,173.0,175.5,168.0,168.5,0.5,2943,68
2020-07-14,6416,2349064,390035432,167.5,170.0,162.0,163.0,-5.5,1659,114
2020-07-15,6416,1849139,303575809,166.5,168.5,160.0,160.5,-2.5,1376,155
2020-07-16,6416,1841530,300284653,161.5,166.0,158.0,164.5,4.0,1360,127
2020-07-17,6416,1597572,257505020,164.5,165.0,157.5,158.5,-6.0,1098,156
2020-07-20,6416,1497039,233737562,160.5,160.5,153.5,155.5,-3.0,1148,136
2020-07-21,6416,1432858,228040638,158.0,161.5,156.5,161.0,5.5,987,152
2020-07-22,6416,989249,157720840,160.5,161.0,158.0,160.0,-1.0,833,180
2020-07-23,6416,1400212,218945675,161.0,161.0,153.5,155.5,-4.5,1116,148
2020-07-24,6416,1733084,262042556,152.0,155.0,148.0,149.5,-6.0,1226,141
2020-07-27,6416,1493032,222303768,150.5,151.5,145.5,150.0,0.5,1147,163
2020-07-28,6416,1632527,239367415,151.0,151.5,143.5,144.0,-6.0,1140,170
2020-07-29,6416,1479565,214372120,141.5,148.5,140.0,146.0,0.0,1145,132
2020-07-30,6416,942021,138237192,146.5,148.0,144.5,147.5,1.5,707,191
2020-07-31,6416,867101,127915549,147.5,149.5,145.0,148.5,1.0,669,190
2020-08-03,6416,1560300,234845550,150.0,153.5,147.5,150.5,2.0,1081,138
2020-08-04,6416,1837541,281964624,151.0,156.0,150.0,155.0,4.5,1449,132
2020-08-05,6416,2334141,366274060,157.0,160.5,154.0,154.5,-0.5,1768,123
2020-08-06,6416,840527,129044185,155.5,156.0,152.0,152.5,-2.0,645,227
2020-08-07,6416,1072200,164356200,151.5,156.5,151.5,152.0,-0.5,732,202
2020-08-10,6416,594151,89685678,152.0,154.0,148.0,149.5,-2.5,504,281
2020-08-11,6416,1420955,218421070,150.0,156.5,148.5,152.0,2.5,1138,161
2020-08-12,6416,941260,140629760,151.0,151.5,148.5,149.0,-3.0,800,201
2020-08-13,6416,1458972,224119632,150.0,156.0,149.5,154.5,5.5,1196,152
2020-08-14,6416,1121070,170579850,153.0,154.5,150.5,152.0,-2.5,902,177
2020-08-17,6416,3634216,575015560,152.5,161.5,152.5,159.5,7.5,2539,80
2020-08-18,6416,4754576,756407747,159.0,164.0,154.0,163.5,4.0,3581,68
2020-08-19,6416,2507193,399570508,160.5,163.0,155.5,155.5,-8.0,2093,128
2020-08-20,6416,4036960,581021780,156.0,157.5,140.0,140.0,-15.5,3178,106
2020-08-21,6416,2598122,359799824,140.5,143.5,133.0,139.5,-0.5,2063,120
2020-08-24,6416,1271476,178098116,141.5,144.0,137.5,140.0,0.5,1066,187
2020-08-25,6416,1574646,216931440,141.0,141.5,135.5,137.0,-3.0,1298,171
2020-08-26,6416,2041180,273876160,137.0,137.5,132.5,133.5,-3.5,1675,131
2020-08-27,6416,1580303,211782511,135.0,136.5,132.5,133.5,0.0,1304,170
2020-08-28,6416,1368764,178437697,133.5,134.0,128.0,129.0,-4.5,1076,194
2020-08-31,6416,1065950,137055650,130.5,131.5,126.0,127.0,-2.0,864,248
2020-09-01,6416,1850793,240048555,127.5,133.5,124.0,133.0,6.0,1544,172
2020-09-02,6416,2048000,266777000,133.5,134.0,128.0,131.0,-2.0,1602,151
2020-09-03,6416,904200,116888400,131.5,132.0,128.0,129.0,-2.0,759,265
2020-09-04,6416,1220438,154037940,125.5,128.0,125.0,127.0,-2.0,921,223
2020-09-07,6416,890810,113722560,127.0,129.5,126.0,126.0,-1.0,753,285
2020-09-08,6416,572300,72265950,127.5,128.0,125.0,126.0,0.0,486,300
2020-09-09,6416,816200,103172000,124.5,129.0,123.0,128.5,2.5,698,245
2020-09-10,6416,4267738,577479209,130.5,140.0,130.0,135.5,7.0,3305,74
2020-09-11,6416,2263125,310657060,136.5,140.0,135.0,136.0,0.5,1847,122
2020-09-14,6416,1551150,215580350,138.0,142.0,136.5,137.0,1.0,1215,142
2020-09-15,6416,2531413,356635885,138.5,143.0,136.0,141.0,4.0,2070,96
2020-09-16,6416,2083285,296444255,141.0,144.5,138.0,143.0,2.0,1740,122
2020-09-17,6416,1999461,289055845,141.5,146.0,141.0,146.0,3.0,1596,127
2020-09-18,6416,2666163,399201950,145.5,152.5,144.5,150.0,4.0,2147,111
2020-09-21,6416,3642179,562825924,150.0,157.0,149.0,155.0,5.0,2554,60
2020-09-22,6416,2466464,367876172,153.5,153.5,145.5,145.5,-9.5,1909,86
2020-09-23,6416,1116551,161375567,147.0,148.0,142.5,142.5,-3.0,891,170
2020-09-24,6416,1493701,212728891,140.0,145.5,138.0,141.0,-1.5,1122,173
2020-09-25,6416,1930100,261672800,142.5,143.5,130.0,134.5,-6.5,1381,141
2020-09-28,6416,971101,131159039,139.0,139.0,133.0,134.0,-0.5,799,158
2020-09-29,6416,788500,105709500,135.5,138.0,132.0,132.5,-1.5,613,193
2020-09-30,6416,770474,102254225,134.0,134.5,131.0,133.5,1.0,547,178
2020-10-05,6416,818020,108531200,133.5,134.5,131.5,133.0,-0.5,609,186
2020-10-06,6416,1213140,163488610,134.5,137.5,132.5,133.5,0.5,951,164
2020-10-07,6416,599101,80268285,133.5,135.5,132.5,134.0,0.5,437,223
2020-10-08,6416,789300,106367500,135.0,136.0,133.5,134.0,0.0,573,203
2020-10-12,6416,1563250,204250500,134.5,135.0,128.0,129.0,-5.0,1140,156
2020-10-13,6416,1424845,179819160,128.5,130.0,125.0,126.5,-2.5,1262,153
2020-10-14,6416,974155,124982150,127.0,130.0,126.5,128.5,2.0,792,210
2020-10-15,6416,1274400,168064800,128.0,135.0,128.0,135.0,6.5,947,171
2020-10-16,6416,950375,125214375,134.0,135.0,129.5,130.0,-5.0,740,203
2020-10-19,6416,529180,69317030,129.5,132.0,129.5,131.5,1.5,334,263
2020-10-20,6416,772250,103241500,131.0,135.5,131.0,134.0,2.5,531,202
2020-10-21,6416,517074,69471990,135.5,136.0,132.5,133.5,-0.5,368,269
2020-10-22,6416,464365,61147045,132.5,133.5,130.5,131.5,-2.0,326,326
2020-10-23,6416,225000,29662000,132.0,132.5,131.0,131.5,0.0,164,368
2020-10-26,6416,313050,41052150,132.0,132.5,130.0,130.5,-1.0,201,348
2020-10-27,6416,748145,99786434,130.0,135.5,129.5,131.5,1.0,567,225
2020-10-28,6416,461617,60397933,131.5,133.0,129.5,129.5,-2.0,336,286
2020-10-29,6416,328000,41981000,127.0,129.0,126.0,128.5,-1.0,251,333
2020-10-30,6416,285010,36380760,129.5,130.0,126.5,127.0,-1.5,247,358
2020-11-02,6416,449430,55996940,126.0,127.0,123.0,125.0,-2.0,355,280
2020-11-03,6416,187099,23728221,126.5,127.5,126.0,127.0,2.0,154,391
2020-11-04,6416,280450,36078700,128.0,129.5,127.5,129.5,2.5,232,345
2020-11-05,6416,323975,41720766,130.0,131.0,127.0,128.0,-1.5,245,313
2020-11-06,6416,499428,65378560,128.5,133.0,128.5,129.5,1.5,405,285
2020-11-09,6416,1611756,216312570,130.5,136.0,130.5,135.0,5.5,1183,166
2020-11-10,6416,842753,111149350,134.5,135.0,128.5,130.0,-5.0,644,274
2020-11-11,6416,680609,87497667,130.0,130.5,127.0,129.0,-1.0,515,300
2020-11-12,6416,599625,76373925,129.5,129.5,126.5,127.0,-2.0,446,312
2020-11-13,6416,201068,25650238,128.0,128.5,126.0,128.5,1.5,184,414
2020-11-16,6416,598598,76523563,128.0,130.5,126.5,127.5,-1.0,516,319
2020-11-17,6416,350228,45020212,128.0,130.0,127.5,128.0,0.5,320,370
2020-11-18,6416,548356,71326698,128.0,132.0,128.0,130.5,2.5,454,313
2020-11-19,6416,372111,48641157,130.5,132.0,129.5,130.0,-0.5,317,361
2020-11-20,6416,269811,35283375,130.5,131.0,130.0,131.0,1.0,226,406
2020-11-23,6416,1378571,179023318,132.0,133.5,128.0,128.5,-2.5,880,214
2020-11-24,6416,1607670,203095870,129.5,129.5,125.5,125.5,-3.0,1086,197
2020-11-25,6416,890452,111229202,126.5,126.5,123.5,125.0,-0.5,685,292
2020-11-26,6416,330429,41405563,125.0,126.0,125.0,125.5,0.5,270,405
2020-11-27,6416,296465,37409584,126.0,127.0,125.5,127.0,1.5,232,424
2020-11-30,6416,267618,33905095,127.5,127.5,126.0,126.0,-1.0,226,495
2020-12-01,6416,476780,59516280,126.5,126.5,124.0,124.5,-1.5,375,380
2020-12-02,6416,486483,61567701,125.5,127.5,125.5,126.5,2.0,403,376
2020-12-03,6416,973568,125532402,127.5,130.5,127.0,128.0,1.5,791,284
2020-12-04,6416,367092,46587183,128.0,128.5,126.0,126.5,-1.5,302,409
2020-12-07,6416,507682,64691478,127.5,129.5,125.5,127.0,0.5,381,388
2020-12-08,6416,479813,61815583,127.5,130.0,127.0,129.0,2.0,396,380
2020-12-09,6416,1503958,197984435,130.0,133.0,129.5,132.0,3.0,1158,229
2020-12-10,6416,1627658,216210768,132.0,135.0,129.5,130.0,-2.0,1330,209
2020-12-11,6416,923962,117527561,130.0,131.0,125.5,126.5,-3.5,749,296
2020-12-14,6416,308534,39008648,127.0,127.5,126.0,126.5,0.0,267,404
2020-12-15,6416,440185,55043324,126.5,126.5,124.0,124.5,-2.0,378,372
2020-12-16,6416,171242,21495764,125.5,126.5,125.0,126.0,1.5,160,494
2020-12-17,6416,314725,39330647,125.5,127.0,124.5,125.0,-1.0,290,383
2020-12-18,6416,251242,31288750,125.0,126.0,124.0,124.5,-0.5,228,438
2020-12-21,6416,588770,72068224,125.0,125.0,121.0,122.5,-2.0,609,356
2020-12-22,6416,646059,79622282,123.0,125.5,121.5,122.0,-0.5,488,363
2020-12-23,6416,234250,28778875,122.0,124.0,122.0,122.5,0.5,184,449
2020-12-24,6416,216668,26672383,123.0,124.5,122.0,122.0,-0.5,216,465
2020-12-25,6416,327380,40266105,122.0,124.0,122.0,123.0,1.0,271,403
2020-12-28,6416,285000,34908500,123.0,123.5,122.0,122.0,-1.0,237,478
2020-12-29,6416,230044,27896495,122.0,122.0,121.0,121.0,-1.0,216,507
2020-12-30,6416,198192,24112446,121.5,122.5,121.0,122.0,1.0,166,513
2020-12-31,6416,123311,15039631,122.5,122.5,121.5,121.5,-0.5,95,579
2021-01-04,6416,396330,48766010,121.5,124.5,121.0,124.5,3.0,275,440
2021-01-05,6416,298100,36930895,124.5,125.0,123.0,123.5,-1.0,235,474
2021-01-06,6416,525000,64826500,124.0,126.0,122.0,122.0,-1.5,378,438
2021-01-07,6416,230144,28083642,122.5,123.0,121.5,121.5,-0.5,225,488
2021-01-08,6416,377401,45535236,121.5,122.0,120.0,120.0,-1.5,330,429
2021-01-11,6416,255637,30998525,120.0,122.5,120.0,122.0,2.0,230,480
2021-01-12,6416,341620,41266020,122.5,122.5,120.0,120.5,-1.5,285,479
2021-01-13,6416,389887,46977699,120.5,121.5,120.0,120.0,-0.5,336,411
2021-01-14,6416,2268964,291272242,120.0,132.0,120.0,130.0,10.0,1755,178
2021-01-15,6416,1853261,238586139,132.5,133.5,124.5,125.5,-4.5,1432,218
2021-01-18,6416,446159,56014599,125.0,127.5,121.5,127.0,1.5,425,381
2021-01-19,6416,382270,48763778,128.0,129.5,126.5,127.0,0.0,277,368
2021-01-20,6416,593766,74346698,127.5,129.0,123.0,123.0,-4.0,496,389
2021-01-21,6416,517064,64863149,123.5,128.0,123.0,124.0,1.0,365,349
2021-01-22,6416,354202,44184134,124.0,126.0,123.5,125.0,1.0,294,386
2021-01-25,6416,349865,43182933,124.0,125.0,122.0,122.5,-2.5,266,389
2021-01-26,6416,286637,35237595,122.5,124.0,122.5,122.5,0.0,218,408
2021-01-27,6416,153202,18862021,123.5,124.5,122.5,123.0,0.5,130,468
2021-01-28,6416,233321,28396842,121.0,122.5,121.0,121.5,-1.5,191,416
2021-01-29,6416,279285,33868590,122.5,123.0,120.5,121.0,-0.5,197,423
2021-02-01,6416,638490,74926995,121.5,122.0,115.0,119.0,-2.0,458,284
2021-02-02,6416,206103,24469212,120.5,120.5,118.0,118.0,-1.0,179,428
2021-02-03,6416,340700,40909524,119.5,122.0,118.0,119.0,1.0,226,350
2021-02-04,6416,90297,10722671,119.0,120.0,118.0,118.0,-1.0,92,508
2021-02-05,6416,410323,47897968,119.0,119.0,115.5,115.5,-2.5,355,319
2021-02-17,6416,455101,53423889,116.0,120.0,116.0,116.0,0.5,316,380
2021-02-18,6416,143530,16827549,117.0,118.0,116.5,117.0,1.0,142,558
2021-02-19,6416,1101275,133034125,117.0,124.5,116.0,122.0,5.0,798,279
2021-02-22,6416,545033,66476584,122.5,124.0,120.5,122.0,0.0,348,394
2021-02-23,6416,309059,37575716,122.0,123.5,120.5,120.5,-1.5,278,476
2021-02-24,6416,354595,43176592,121.0,123.0,120.5,121.0,0.5,284,454
2021-02-25,6416,289831,35047712,123.0,123.5,120.0,120.5,-0.5,279,453
2021-02-26,6416,513668,60836678,120.0,120.5,117.5,118.0,-2.5,520,394
2021-03-02,6416,352103,41760338,119.0,120.5,117.5,118.5,0.5,297,444
2021-03-03,6416,150100,17764361,118.5,120.0,117.5,120.0,1.5,139,547
2021-03-04,6416,220680,26186620,120.0,120.5,117.5,118.5,-1.5,199,484
2021-03-05,6416,178200,21067649,118.0,120.0,117.0,119.0,0.5,153,484
2021-03-08,6416,318326,38434943,119.5,122.0,119.0,120.5,1.5,262,433
2021-03-09,6416,224679,26710973,120.0,120.5,118.0,118.5,-2.0,211,486
2021-03-10,6416,205250,24264653,119.0,119.0,117.5,118.0,-0.5,195,489
2021-03-11,6416,228169,27210043,119.0,121.0,118.5,119.5,1.5,195,500
2021-03-12,6416,134506,16102220,120.0,120.5,119.0,119.5,0.0,128,554
2021-03-15,6416,279969,33974883,119.0,123.0,119.0,122.0,2.5,246,461
2021-03-16,6416,1779528,225402095,123.0,129.5,122.5,127.5,5.5,1185,213
2021-03-17,6416,1367584,177053716,128.5,131.5,126.0,129.0,1.5,1031,245
2021-03-18,6416,542526,69604638,130.5,130.5,127.0,127.5,-1.5,417,378
2021-03-19,6416,468180,58741171,126.0,126.5,124.5,125.0,-2.5,345,422
2021-03-22,6416,4415583,594632299,127.0,137.5,126.5,137.5,12.5,2809,103
2021-03-23,6416,11322658,1634945704,141.0,150.0,139.0,146.0,8.5,7683,39
2021-03-24,6416,5660368,826772486,144.0,149.5,142.0,145.0,-1.0,4153,62
2021-03-25,6416,5668290,838095574,147.5,152.5,144.0,146.0,1.0,4369,69
2021-03-26,6416,7053361,1060995245,149.5,154.5,147.0,154.5,8.5,4734,58
2021-03-29,6416,7988162,1229950651,154.5,156.5,151.0,156.0,1.5,4997,52
2021-03-30,6416,5492725,834738266,156.0,156.5,149.5,149.5,-6.5,3955,69
2021-03-31,6416,5291460,762198088,148.0,148.0,141.5,142.5,-7.0,3857,92
2021-04-01,6416,3087204,444107274,143.5,147.5,142.0,142.0,-0.5,2324,137
2021-04-06,6416,1790230,257810069,144.0,145.5,142.5,144.5,2.5,1167,217
2021-04-07,6416,2123946,301886994,144.5,145.0,140.0,144.0,-0.5,1619,209
2021-04-08,6416,9731351,1489072245,145.0,158.0,144.0,158.0,14.0,6122,48
2021-04-09,6416,15728204,2627420295,160.0,173.5,154.0,173.5,15.5,9339,28
2021-04-12,6416,15065653,2627036069,173.5,181.5,163.0,165.5,-8.0,10272,27
2021-04-13,6416,12090322,2147232848,172.0,182.0,168.5,182.0,16.5,7067,40
2021-04-14,6416,23761342,4328472227,192.0,195.5,164.0,173.0,-9.0,15584,17
2021-04-15,6416,6237813,1111887120,176.5,182.0,174.0,175.5,2.5,4763,65
2021-04-16,6416,6069455,1094239596,178.0,185.0,175.0,178.5,3.0,4387,83
2021-04-19,6416,5410975,944322597,183.5,183.5,167.0,171.0,-7.5,4233,102
2021-04-20,6416,13013442,2362010839,170.0,188.0,166.0,183.0,12.0,9012,38
2021-04-21,6416,6897490,1273705350,181.5,190.0,179.0,185.0,2.0,5317,72
2021-04-22,6416,9553007,1767986310,186.0,196.0,175.5,177.5,-7.5,7031,69
2021-04-23,6416,5013037,909991112,181.5,185.5,178.5,181.0,3.5,3768,95
2021-04-26,6416,3262088,577261387,181.5,182.5,174.0,175.0,-6.0,2656,134
2021-04-27,6416,2650879,472147309,175.0,181.5,175.0,175.0,0.0,2000,153
2021-04-28,6416,1825697,320673275,175.5,179.0,173.0,173.5,-1.5,1449,221
2021-04-29,6416,2878569,491773262,176.0,176.5,168.0,171.0,-2.5,2091,172
2021-05-03,6416,3511783,572411178,170.5,172.5,157.5,159.5,-11.5,2678,165
2021-05-04,6416,4299547,650380662,161.0,164.0,144.0,153.0,-6.5,2983,164
2021-05-05,6416,2331353,355353152,156.0,157.5,146.0,148.0,-5.0,1834,169
2021-05-06,6416,1762643,259824050,150.5,151.5,144.0,145.0,-3.0,1261,212
2021-05-07,6416,2343433,357567540,148.0,157.0,145.0,154.0,9.0,1824,171
2021-05-10,6416,1709465,253644585,154.0,154.0,146.0,146.0,-8.0,1332,222
2021-05-11,6416,2484445,328525878,135.0,135.0,131.5,131.5,-14.5,1755,248
2021-05-12,6416,4203464,502964493,122.5,124.0,118.5,118.5,-13.0,2675,211
2021-05-13,6416,4250814,467674367,108.5,117.0,107.0,110.0,-8.5,3052,170
2021-05-14,6416,2904076,317774133,114.5,116.0,104.5,107.0,-3.0,2271,200
2021-05-17,6416,3179884,320242635,96.3,108.0,96.3,98.5,-8.5,2259,209
2021-05-18,6416,2067277,218349973,102.5,108.0,101.0,108.0,9.5,1212,237
2021-05-19,6416,2273408,246623962,106.0,113.0,105.0,107.5,-0.5,1643,207
2021-05-20,6416,1900491,204362272,107.0,111.5,104.5,105.0,-2.5,1280,209
2021-05-21,6416,1446173,159247936,109.0,112.5,107.0,112.0,7.0,1113,231
2021-05-24,6416,968606,108501657,110.5,114.5,109.0,112.5,0.5,769,282
2021-05-25,6416,1787246,207571131,114.5,119.0,112.5,115.0,2.5,1373,231
2021-05-26,6416,961251,110934147,116.0,117.5,113.0,116.0,1.0,715,274
2021-05-27,6416,615047,71718126,116.5,118.0,115.0,116.0,0.0,513,330
2021-05-28,6416,789105,93401983,117.5,119.5,117.0,118.5,2.5,643,319
2021-05-31,6416,896097,105708188,120.0,120.5,116.0,117.5,-1.0,691,317
2021-06-01,6416,2186969,270614830,118.5,127.0,118.0,123.5,6.0,1685,179
2021-06-02,6416,1615469,193648723,124.5,124.5,117.0,118.0,-5.5,1268,242
2021-06-03,6416,638748,76013564,118.0,120.5,117.0,119.5,1.5,551,328
2021-06-04,6416,687050,80367293,118.0,119.5,115.5,115.5,-4.0,539,329
2021-06-07,6416,521664,60080334,116.5,117.5,112.5,117.5,2.0,455,373
2021-06-08,6416,319343,37475564,118.0,118.5,116.5,116.5,-1.0,263,392
2021-06-09,6416,367766,43269339,117.0,119.0,116.5,118.0,1.5,315,376
2021-06-10,6416,678140,79585403,117.5,119.5,116.0,116.5,-1.5,538,321
2021-06-11,6416,255039,29905609,118.0,118.0,116.5,117.0,0.5,233,442
2021-06-15,6416,426629,50570204,118.0,119.5,116.5,119.0,2.0,516,391
2021-06-16,6416,2223782,272641282,119.5,126.5,119.5,121.0,2.0,1761,193
2021-06-17,6416,485605,58613089,121.0,122.0,119.0,121.5,0.5,418,346
2021-06-18,6416,676991,81215783,123.0,123.0,118.5,118.5,-3.0,574,347
2021-06-21,6416,716061,82578747,117.0,117.5,114.0,114.0,-4.5,617,342
2021-06-22,6416,418916,47797993,116.0,116.5,113.0,113.0,-1.0,373,400
2021-06-23,6416,1356311,158582877,113.5,118.0,113.0,116.5,3.5,624,279
2021-06-24,6416,804420,95436210,117.5,121.0,115.5,120.0,3.5,624,325
2021-06-25,6416,517015,61283238,121.0,121.0,117.0,117.0,-3.0,446,392
2021-06-28,6416,529838,62312848,117.5,119.0,116.0,118.5,1.5,331,391
2021-06-29,6416,679167,80833332,121.0,121.0,118.0,118.0,-0.5,499,361
2021-06-30,6416,594481,70727811,119.5,120.5,117.5,118.0,0.0,452,383
2021-07-01,6416,626859,74162704,120.0,120.5,117.0,117.5,-0.5,531,392
2021-07-02,6416,512922,60701156,119.0,119.5,116.5,119.0,1.5,385,400
2021-07-05,6416,1372617,166604013,120.5,123.0,119.5,122.5,3.5,1101,295
2021-07-06,6416,3024836,376423711,124.0,129.5,120.5,120.5,-2.0,2321,174
2021-07-07,6416,814180,98594739,121.0,123.0,119.5,120.5,0.0,685,340
2021-07-08,6416,590476,72206533,122.0,123.5,121.5,122.0,1.5,515,383
2021-07-09,6416,667557,81572819,122.0,123.5,120.5,123.0,1.0,545,351
2021-07-12,6416,825058,100208726,124.0,124.5,120.0,120.5,-2.5,671,359
2021-07-13,6416,1913994,238245543,121.0,127.0,121.0,123.0,2.5,1461,274
2021-07-14,6416,1034365,125456268,124.0,124.5,120.0,120.5,-2.5,868,318
2021-07-15,6416,618641,75634701,121.0,123.5,121.0,123.0,2.5,495,367
2021-07-16,6416,2557609,323112174,121.5,128.5,121.5,125.5,2.5,2034,180
2021-07-19,6416,762715,94664733,126.0,126.5,123.0,124.0,-1.5,673,348
2021-07-20,6416,609078,73835345,122.5,122.5,120.0,121.0,-3.0,539,389
2021-07-21,6416,1117043,132561395,122.0,122.5,116.5,117.0,-4.0,922,307
2021-07-22,6416,734881,87955338,118.5,121.5,118.0,118.0,1.0,509,340
2021-07-23,6416,399429,47075976,119.0,119.5,116.5,117.5,-0.5,346,430
2021-07-26,6416,295052,35214206,117.5,120.0,117.5,119.5,2.0,277,478
2021-07-27,6416,864650,104715905,120.5,124.0,118.0,118.0,-1.5,747,337
2021-07-28,6416,931091,107003339,118.0,118.5,113.0,114.0,-4.0,720,333
2021-07-29,6416,530127,61856146,116.5,118.5,115.0,116.5,2.5,361,356
2021-07-30,6416,236287,27346220,116.5,117.0,115.0,115.0,-1.5,208,463
2021-08-02,6416,261438,30117030,117.0,117.0,114.5,115.5,0.5,205,445
2021-08-03,6416,162359,18831081,116.5,116.5,115.0,116.0,0.5,146,481
2021-08-04,6416,231708,26793615,116.5,116.5,115.0,115.5,-0.5,192,461
2021-08-05,6416,304295,34804776,115.5,115.5,114.0,114.0,-1.5,276,426
2021-08-06,6416,260657,30319581,114.5,118.0,114.5,116.0,2.0,240,443
2021-08-09,6416,303716,34799281,116.0,116.0,114.0,114.0,-2.0,253,439
2021-08-10,6416,672753,74713876,113.0,114.0,110.0,110.0,-4.0,549,345
2021-08-11,6416,976255,102248807,106.0,107.5,102.0,103.5,-6.5,795,318
2021-08-12,6416,263662,27531060,103.5,105.5,103.5,104.0,0.5,214,430
2021-08-13,6416,397190,40605724,104.0,104.0,101.5,102.0,-2.0,301,411
2021-08-16,6416,467709,46517850,102.0,102.0,97.5,99.1,-2.9,387,425
2021-08-17,6416,403256,40008286,99.1,100.5,98.4,98.5,-0.6,311,416
2021-08-18,6416,595156,57712843,98.0,101.0,93.5,100.0,1.5,494,384
2021-08-19,6416,220051,21583934,99.0,99.3,97.0,97.6,-2.4,218,490
2021-08-20,6416,618986,59039953,97.5,98.4,94.0,95.2,-2.4,415,327
2021-08-23,6416,490971,49924515,97.6,104.0,97.6,102.0,6.8,437,340
2021-08-24,6416,326888,33235936,102.5,104.5,99.8,99.8,-2.2,269,397
2021-08-25,6416,436911,44822569,101.5,104.5,101.0,102.5,2.7,346,369
2021-08-26,6416,250441,25415156,104.0,104.0,100.5,101.0,-1.5,200,435
2021-08-27,6416,130274,13265458,102.0,102.5,101.5,102.0,1.0,122,512
2021-08-30,6416,207768,20956509,102.0,102.5,100.0,101.0,-1.0,145,435
2021-08-31,6416,196620,20083294,102.5,103.5,101.5,102.5,1.5,168,455
2021-09-01,6416,207575,21492321,104.0,104.0,102.5,103.5,1.0,183,472
2021-09-02,6416,150608,15455338,104.5,104.5,101.5,102.0,-1.5,145,505
2021-09-03,6416,105813,10765322,102.0,103.0,101.0,102.0,0.0,120,551
2021-09-06,6416,373908,37400563,103.0,103.0,98.5,99.1,-2.9,299,399
2021-09-07,6416,300489,29656367,100.0,100.0,97.5,99.2,0.1,258,398
2021-09-08,6416,319593,30373220,95.9,96.7,93.9,93.9,0.0,332,423
2021-09-09,6416,133543,12758056,93.0,97.2,93.0,97.0,3.1,129,483
2021-09-10,6416,247334,23495061,96.5,96.5,94.2,94.5,-2.5,236,411
2021-09-13,6416,193831,18159224,95.7,95.7,93.1,93.2,-1.3,213,465
2021-09-14,6416,336884,30964696,93.6,94.5,91.0,91.0,-2.2,314,387
2021-09-15,6416,365337,32606752,91.0,91.0,88.3,89.4,-1.6,360,392
2021-09-16,6416,227316,20282887,89.7,90.8,88.4,88.8,-0.6,221,438
2021-09-17,6416,304454,27825477,88.8,93.5,88.8,92.4,3.6,271,408
2021-09-22,6416,158436,14294091,89.8,91.0,89.5,90.0,-2.4,228,544
2021-09-23,6416,109671,9956891,92.9,93.0,90.2,90.3,0.3,111,524
2021-09-24,6416,123352,11328329,91.5,92.6,91.2,91.9,1.6,142,519
2021-09-27,6416,152813,14217210,91.9,93.9,91.8,92.9,1.0,127,518
2021-09-28,6416,135645,12351247,92.1,92.3,90.4,90.7,-2.2,133,516
2021-09-29,6416,302751,26972135,89.5,89.7,88.5,88.9,-1.8,257,451
2021-09-30,6416,108165,9711470,89.0,91.1,88.8,90.1,1.2,95,559
2021-10-01,6416,481852,41842313,89.7,89.7,85.0,85.5,-4.6,420,415
2021-10-04,6416,212908,18168753,86.7,87.1,84.0,84.8,-0.7,194,529
2021-10-05,6416,190004,16223242,84.1,87.0,83.0,86.4,1.6,187,507
2021-10-06,6416,111454,9463785,86.0,86.3,84.2,84.2,-2.2,170,545
2021-10-07,6416,253440,22047754,85.0,88.8,83.1,88.8,4.6,273,442
2021-10-08,6416,195296,17645688,88.8,91.9,88.8,90.2,1.4,248,439
2021-10-12,6416,132538,11933631,88.7,92.6,88.6,90.2,0.0,256,539
2021-10-13,6416,106089,9479986,92.2,92.2,88.4,89.2,-1.0,290,571
2021-10-14,6416,65191,5820114,90.8,90.8,88.7,89.2,0.0,62,592
2021-10-15,6416,114186,10391135,89.5,91.4,89.5,90.9,1.7,100,533
2021-10-18,6416,85195,7697154,90.9,91.5,89.8,89.9,-1.0,80,568
2021-10-19,6416,187608,17186133,89.9,92.2,89.8,91.0,1.1,188,469
2021-10-20,6416,79272,7227908,91.3,92.2,90.6,91.5,0.5,157,574
2021-10-21,6416,158982,14733847,91.3,94.0,91.3,92.0,0.5,160,557
2021-10-22,6416,166944,15460623,92.7,93.5,92.0,92.3,0.3,170,489
2021-10-25,6416,128221,12009021,92.3,94.6,92.3,94.0,1.7,183,497
2021-10-26,6416,192697,17976727,95.0,95.0,92.3,92.4,-1.6,168,501
2021-10-27,6416,145056,13424935,92.3,94.0,91.4,93.3,0.9,140,511
2021-10-28,6416,106915,9976766,93.3,93.9,92.9,93.3,0.0,221,565
2021-10-29,6416,94732,8783628,93.3,93.6,92.2,92.2,-1.1,101,587
2021-11-01,6416,846998,84029444,93.5,101.0,92.7,101.0,8.8,727,297
2021-11-02,6416,987794,100420625,101.0,105.0,99.4,100.5,-0.5,1167,302
2021-11-03,6416,346309,34327203,101.0,101.5,97.3,98.9,-1.6,529,404
2021-11-04,6416,281875,28211955,101.5,101.5,98.9,98.9,0.0,310,427
2021-11-05,6416,749548,76655023,99.3,105.0,99.3,100.0,1.1,950,301
2021-11-08,6416,321889,31813520,100.0,100.5,98.0,98.1,-1.9,315,425
2021-11-09,6416,121658,11989833,98.4,99.4,98.2,98.3,0.2,122,569
2021-11-10,6416,177572,17263486,97.9,97.9,96.8,97.1,-1.2,171,514
2021-11-11,6416,203302,20024067,97.1,99.7,97.1,97.8,0.7,165,516
2021-11-12,6416,168737,16481327,97.8,98.5,97.0,97.3,-0.5,149,532
2021-11-15,6416,272718,27209619,98.1,100.5,98.1,100.0,2.7,221,478
2021-11-16,6416,211153,21032251,100.0,101.0,98.8,99.1,-0.9,198,517
2021-11-17,6416,200953,20096302,100.5,101.0,98.6,100.0,0.9,200,509
2021-11-18,6416,147442,14782036,101.0,101.0,99.5,99.5,-0.5,239,568
2021-11-19,6416,130000,12818860,99.8,99.8,98.0,98.0,-1.5,160,577
2021-11-22,6416,571046,58305309,98.9,103.5,98.4,103.0,5.0,615,351
2021-11-23,6416,315734,31849709,104.0,104.0,99.9,100.0,-3.0,322,442
2021-11-24,6416,160527,16078008,100.0,101.5,99.6,99.7,-0.3,209,515
2021-11-25,6416,176503,17679235,99.5,101.0,99.0,99.8,0.1,156,490
2021-11-26,6416,356837,35905051,101.0,102.5,99.3,99.3,-0.5,311,449
2021-11-29,6416,270041,26522447,99.5,99.6,96.1,98.7,-0.6,267,479
2021-11-30,6416,377491,38303868,98.9,103.0,98.9,100.5,1.8,396,440
2021-12-01,6416,188764,19090324,102.0,102.0,99.8,101.5,1.0,171,483
2021-12-02,6416,205132,20531020,102.0,102.5,99.0,99.2,-2.3,209,481
2021-12-03,6416,1846612,196895537,100.5,109.0,100.5,107.5,8.3,1523,191
2021-12-06,6416,1152175,120666254,105.0,107.5,103.0,106.5,-1.0,1290,239
2021-12-07,6416,404283,42282802,106.5,107.0,103.5,104.0,-2.5,494,393
2021-12-08,6416,452275,46573334,105.0,105.0,101.5,101.5,-2.5,458,376
2021-12-09,6416,266099,27316959,103.5,104.0,101.5,103.0,1.5,250,442
2021-12-10,6416,411716,41425733,104.0,104.0,99.9,100.0,-3.0,383,374
2021-12-13,6416,221644,22197402,101.0,101.0,99.6,100.0,0.0,170,502
2021-12-14,6416,244577,24220882,100.5,100.5,98.5,98.6,-1.4,210,494
2021-12-15,6416,106279,10596319,98.3,100.5,98.3,99.5,0.9,99,545
2021-12-16,6416,136538,13709374,100.5,101.5,99.9,100.0,0.5,202,523
2021-12-17,6416,136325,13577187,101.0,101.0,98.8,99.2,-0.8,146,537
2021-12-20,6416,86096,8539218,99.2,99.6,98.8,99.1,-0.1,183,574
2021-12-21,6416,63175,6297823,99.3,100.5,99.3,99.4,0.3,66,609
2021-12-22,6416,90178,9021437,99.7,101.0,99.7,99.7,0.3,87,560
2021-12-23,6416,105208,10535446,101.0,101.0,99.8,100.5,0.8,86,560
2021-12-24,6416,110421,11027473,100.5,100.5,99.5,99.5,-1.0,105,555
2021-12-27,6416,142590,14259500,99.5,100.5,99.5,100.0,0.5,84,545
2021-12-28,6416,288495,28830431,100.0,101.5,98.9,99.0,-1.0,200,449
2021-12-29,6416,161647,16004346,99.7,99.8,98.6,99.0,0.0,249,536
2021-12-30,6416,117965,11668184,99.2,99.3,98.5,99.1,0.1,122,581
2022-01-03,6416,155685,15429104,99.2,100.5,98.5,98.5,-0.6,229,541
2022-01-04,6416,106076,10522171,98.7,99.5,98.7,99.0,0.5,88,598
2022-01-05,6416,2604974,281656665,100.5,108.5,100.5,108.5,9.5,1503,179
2022-01-06,6416,4122648,444010681,107.0,111.0,104.0,111.0,2.5,3052,127
2022-01-07,6416,2471059,267977425,112.0,113.0,104.5,106.0,-5.0,1836,201
2022-01-10,6416,953496,101467945,104.0,109.5,104.0,109.5,3.5,733,279
2022-01-11,6416,828427,88417548,110.5,110.5,104.5,104.5,-5.0,1084,334
2022-01-12,6416,368174,38500096,106.0,106.5,103.5,103.5,-1.0,321,404
2022-01-13,6416,244118,24970501,104.0,104.0,101.0,101.5,-2.0,325,436
2022-01-14,6416,345894,34659157,100.5,102.0,99.3,100.0,-1.5,300,429
2022-01-17,6416,135286,13572900,100.0,101.0,99.8,100.5,0.5,116,502
2022-01-18,6416,402823,40890530,100.5,103.5,100.0,101.0,0.5,314,359
2022-01-19,6416,175468,17509578,101.0,101.0,99.4,99.5,-1.5,193,465
2022-01-20,6416,138985,13833970,99.5,99.9,99.3,99.3,-0.2,136,482
2022-01-21,6416,315436,30899546,98.8,99.0,97.0,97.3,-2.0,309,433
2022-01-24,6416,314696,29662221,96.1,96.2,93.1,94.3,-3.0,313,422
2022-01-25,6416,184632,17245553,93.1,94.7,93.0,93.2,-1.1,196,510
2022-01-26,6416,159305,14765054,91.7,93.9,91.7,92.5,-0.7,528,481
2022-02-07,6416,141183,13227585,92.5,94.7,92.5,94.5,2.0,124,526
2022-02-08,6416,134822,12944502,94.5,96.9,94.5,96.6,2.1,363,521
2022-02-09,6416,183717,17775489,96.8,98.0,96.0,96.8,0.2,144,493
2022-02-10,6416,81261,7867644,96.7,98.3,96.2,96.6,-0.2,83,599
2022-02-11,6416,164887,15532445,95.0,95.0,93.2,94.1,-2.5,167,498
2022-02-14,6416,141428,13077315,92.7,94.1,92.0,92.3,-1.8,131,533
2022-02-15,6416,126531,11697966,92.3,94.1,91.8,91.8,-0.5,131,526
2022-02-16,6416,111247,10335652,92.5,93.4,92.5,92.6,0.8,105,537
2022-02-17,6416,86189,8024418,93.5,93.8,92.4,92.6,0.0,97,606
2022-02-18,6416,73971,6816938,91.3,92.6,91.3,92.4,-0.2,110,610
2022-02-21,6416,58394,5380756,92.0,92.3,91.6,92.2,-0.2,66,651
2022-02-22,6416,237750,21509981,92.2,92.2,89.6,90.6,-1.6,211,478
2022-02-23,6416,88050,8005969,90.6,91.5,90.6,90.9,0.3,71,562
2022-02-24,6416,254512,22700941,90.0,90.2,88.0,88.0,-2.9,249,534
2022-02-25,6416,74665,6640614,88.6,89.4,88.5,89.0,1.0,83,640
2022-03-01,6416,75450,6857525,89.5,91.5,89.5,91.3,2.3,72,612
2022-03-02,6416,46173,4192859,91.1,91.3,90.5,91.3,0.0,43,655
2022-03-03,6416,47676,4345529,92.0,92.0,90.4,90.9,-0.4,55,667
2022-03-04,6416,77408,6965922,90.5,90.5,89.8,90.0,-0.9,67,616
2022-03-07,6416,175536,15204592,88.2,88.2,86.1,86.3,-3.7,180,591
2022-03-08,6416,234586,19701489,86.3,87.0,83.0,83.4,-2.9,238,533
2022-03-09,6416,104000,8813200,84.0,86.0,83.5,85.9,2.5,80,576
2022-03-10,6416,155764,13511604,86.0,88.1,86.0,86.2,0.3,134,523
2022-03-11,6416,58150,4978102,86.0,86.0,85.1,85.1,-1.1,58,629
2022-03-14,6416,71300,6064318,85.4,85.5,84.5,85.2,0.1,63,604
2022-03-15,6416,102536,8613896,85.3,85.3,83.4,84.8,-0.4,101,596
2022-03-16,6416,79144,6685267,85.8,86.0,83.7,84.3,-0.5,72,620
2022-03-17,6416,86286,7444723,85.9,87.0,85.0,86.9,2.6,86,630
2022-03-18,6416,78284,6804868,87.9,87.9,86.3,87.0,0.1,78,602
2022-03-21,6416,87602,7679162,87.0,88.2,87.0,87.6,0.6,78,602
2022-03-22,6416,55541,4866215,87.3,88.5,86.9,88.3,0.7,65,647
2022-03-23,6416,79791,7134061,88.3,90.1,88.3,89.3,1.0,101,638
2022-03-24,6416,85088,7618594,89.3,91.0,88.5,90.0,0.7,129,591
2022-03-25,6416,91093,8184511,90.9,90.9,89.2,89.2,-0.8,145,595
2022-03-28,6416,84286,7498878,89.6,89.6,88.5,89.0,-0.2,123,607
2022-03-29,6416,46090,4122031,90.6,90.6,88.6,89.3,0.3,50,673
2022-03-30,6416,230267,21109252,89.5,93.1,89.4,92.1,2.8,241,489
2022-03-31,6416,46211,4260683,93.5,93.5,91.7,91.9,-0.2,78,673
2022-04-01,6416,35938,3285042,91.8,92.4,90.3,91.5,-0.4,58,713
2022-04-06,6416,36188,3290355,91.5,91.5,90.1,90.5,-1.0,58,723
2022-04-07,6416,73315,6599849,92.0,92.0,89.0,89.4,-1.1,85,674
2022-04-08,6416,42060,3803497,91.4,91.4,90.0,90.5,1.1,78,718
2022-04-11,6416,52346,4657687,90.5,90.5,87.7,89.0,-1.5,176,738
2022-04-12,6416,55194,4938942,88.9,90.9,87.8,89.1,0.1,135,671
2022-04-13,6416,52489,4701017,89.1,90.2,89.1,89.8,0.7,154,690
2022-04-14,6416,77141,7037428,89.9,92.0,89.9,90.9,1.1,126,598
2022-04-15,6416,48278,4365682,90.9,91.1,89.5,89.6,-1.3,79,684
2022-04-18,6416,81165,7159635,89.0,89.6,87.5,89.4,-0.2,163,619
2022-04-19,6416,46307,4127665,90.5,91.0,88.5,88.5,-0.9,55,666
2022-04-20,6416,42333,3762966,90.8,90.8,88.5,88.7,0.2,49,687
2022-04-21,6416,28011,2497369,89.0,89.5,89.0,89.3,0.6,34,741
2022-04-22,6416,64201,5655826,89.3,89.8,87.6,87.6,-1.7,111,638
2022-04-25,6416,118622,10048341,85.7,87.4,84.0,84.2,-3.4,122,631
2022-04-26,6416,56938,4812627,84.4,86.9,84.2,84.2,0.0,71,659
2022-04-27,6416,205740,16664092,83.0,83.0,79.8,80.5,-3.7,209,546
2022-04-28,6416,58720,4752030,80.6,81.5,80.6,81.0,0.5,68,630
2022-04-29,6416,53035,4320384,81.0,81.9,81.0,81.2,0.2,51,654
2022-05-03,6416,28062,2281632,81.2,81.7,80.9,81.4,0.2,30,730
2022-05-04,6416,23235,1917944,82.9,83.0,81.8,82.2,0.8,29,731
2022-05-05,6416,38081,3161023,82.5,84.2,82.4,82.7,0.5,38,692
2022-05-06,6416,31563,2581193,81.1,82.9,81.0,81.8,-0.9,50,745
2022-05-09,6416,56974,4587625,82.0,82.0,80.1,80.2,-1.6,72,719
2022-05-10,6416,72861,5855032,80.2,81.7,79.0,80.5,0.3,60,642
2022-05-11,6416,59307,4731305,80.1,81.5,79.2,79.2,-1.3,88,658
2022-05-12,6416,145456,11333904,79.2,79.2,77.3,77.6,-1.6,149,585
2022-05-13,6416,100378,7795665,77.6,78.3,77.3,77.5,-0.1,91,588
2022-05-16,6416,40225,3147496,77.8,79.0,77.8,77.9,0.4,40,709
2022-05-17,6416,45050,3537830,78.0,78.8,78.0,78.8,0.9,44,694
2022-05-18,6416,62812,4994872,78.8,80.2,78.8,79.6,0.8,69,673
2022-05-19,6416,20187,1588255,77.0,79.2,77.0,79.2,-0.4,27,778
2022-05-20,6416,53404,4277338,80.0,80.5,79.8,80.1,0.9,51,633
2022-05-23,6416,45001,3676080,81.9,82.6,81.2,81.3,1.2,39,649
2022-05-24,6416,25473,2068888,81.1,81.8,80.6,80.6,-0.7,90,740
2022-05-25,6416,51042,4136044,82.0,82.0,80.4,81.4,0.8,52,639
2022-05-26,6416,43598,3517064,82.0,82.0,80.0,80.0,-1.4,45,665
2022-05-27,6416,66135,5368685,80.4,82.0,80.4,81.0,1.0,63,584
2022-05-30,6416,83066,6818815,81.1,82.7,81.1,82.6,1.6,81,601
2022-05-31,6416,94695,7914098,82.6,84.5,82.2,83.8,1.2,100,555
2022-06-01,6416,38750,3267000,83.8,84.7,83.7,84.3,0.5,76,721
2022-06-02,6416,56126,4715704,85.0,85.0,83.5,84.0,-0.3,56,629
2022-06-06,6416,72152,6109431,86.0,86.0,83.9,84.8,0.8,73,597
2022-06-07,6416,59331,5054929,85.7,85.7,84.8,85.1,0.3,64,610
2022-06-08,6416,31357,2668496,85.1,86.3,84.0,85.3,0.2,42,727
2022-06-09,6416,22320,1894900,85.0,85.7,84.4,85.2,-0.1,30,760
2022-06-10,6416,37106,3128100,84.0,85.0,83.3,84.4,-0.8,65,704
2022-06-13,6416,57219,4682320,82.3,82.8,81.0,82.0,-2.4,81,721
2022-06-14,6416,81781,6579717,82.0,82.0,79.6,80.5,-1.5,96,633
2022-06-15,6416,33959,2756303,80.7,81.3,80.5,81.3,0.8,40,761
2022-06-16,6416,53543,4330517,82.7,82.9,80.0,80.1,-1.2,54,707
2022-06-17,6416,174728,14177598,80.8,82.2,80.2,82.2,2.1,146,517
2022-06-20,6416,153271,12183394,83.0,83.0,78.0,78.1,-4.1,195,581
2022-06-21,6416,64345,5177545,79.0,81.5,79.0,80.8,2.7,76,665
2022-06-22,6416,80180,6305274,82.0,82.0,77.0,78.9,-1.9,78,631
2022-06-23,6416,73178,5771983,79.9,80.4,78.0,79.4,0.5,65,671
2022-06-24,6416,68236,5515542,81.3,81.4,80.0,81.0,1.6,62,659
2022-06-27,6416,65195,5406342,81.2,83.5,81.2,82.8,1.8,98,674
2022-06-28,6416,38376,3164156,82.9,82.9,80.4,82.0,-0.8,42,661
2022-06-29,6416,73517,6082452,82.0,83.5,82.0,83.3,1.3,88,557
2022-06-30,6416,74499,6110880,83.5,83.5,81.0,81.2,-2.1,69,663
2022-07-01,6416,170292,13579227,81.8,82.8,78.5,78.5,-2.7,183,585
2022-07-04,6416,148510,11535058,78.5,79.0,76.3,78.8,0.3,170,535
2022-07-05,6416,368226,30537944,82.1,85.9,80.5,81.5,2.7,320,382
2022-07-06,6416,131142,10505477,81.5,81.5,79.6,79.8,-1.7,122,525
2022-07-07,6416,205412,16419375,80.2,81.6,77.9,80.3,0.5,187,457
2022-07-08,6416,203721,16913966,81.4,84.6,80.8,83.1,2.8,190,454
2022-07-11,6416,129820,10907725,83.8,86.0,82.7,84.0,0.9,214,495
2022-07-12,6416,150465,12613824,85.5,85.5,81.8,82.5,-1.5,209,527
2022-07-13,6416,315248,26744896,83.5,86.0,83.2,85.8,3.3,271,379
2022-07-14,6416,351317,30525810,85.2,88.5,84.5,87.5,1.7,461,343
2022-07-15,6416,207065,18160079,88.5,88.5,87.1,87.2,-0.3,181,416
2022-07-18,6416,158460,13708114,87.3,87.9,85.8,86.5,-0.7,295,476
2022-07-19,6416,141455,12316639,87.2,88.1,86.2,87.1,0.6,196,467
2022-07-20,6416,144554,12672481,88.0,88.3,86.8,86.8,-0.3,193,515
2022-07-21,6416,66750,5815785,86.8,87.8,86.6,87.6,0.8,70,589
2022-07-22,6416,107017,9414111,87.6,88.6,87.0,88.0,0.4,118,539
2022-07-25,6416,190569,17011744,87.8,91.1,87.7,90.3,2.3,189,412
2022-07-26,6416,169461,15248199,90.9,90.9,89.4,89.4,-0.9,162,425
2022-07-27,6416,187136,16947532,89.2,91.4,89.2,91.0,1.6,167,403
2022-07-28,6416,154266,13980114,91.5,91.9,89.9,90.4,-0.6,125,435
2022-07-29,6416,129344,11760533,91.7,91.7,90.0,90.1,-0.3,178,473
2022-08-01,6416,67223,6015777,90.1,90.1,89.1,89.2,-0.9,75,595
2022-08-02,6416,142500,12438249,89.2,89.2,86.6,87.0,-2.2,138,521
2022-08-03,6416,76019,6613869,87.0,87.8,86.1,87.0,0.0,69,588
2022-08-04,6416,100408,8656088,87.0,87.7,84.7,86.7,-0.3,99,573
2022-08-05,6416,98500,8647519,88.5,88.5,87.2,88.3,1.6,89,541
2022-08-08,6416,519376,48020245,88.7,94.7,88.5,93.3,5.0,526,299
2022-08-09,6416,260098,24241025,94.8,94.8,92.0,92.3,-1.0,250,384
2022-08-10,6416,173507,15985516,91.8,93.8,90.5,92.9,0.6,168,468
2022-08-11,6416,235493,22063020,95.5,95.6,92.1,93.7,0.8,215,455
2022-08-12,6416,667357,64272254,95.0,99.0,93.5,96.5,2.8,603,297
2022-08-15,6416,880592,86402151,97.1,101.0,95.9,99.0,0.0,770,270
2022-08-16,6416,566273,56595380,100.5,101.5,98.0,98.0,-1.0,492,311
2022-08-17,6416,213585,20763494,96.8,98.0,96.5,97.0,-1.0,222,469
2022-08-18,6416,164070,16187310,97.0,100.0,96.9,99.0,2.0,170,488
2022-08-19,6416,210080,20598990,100.0,100.0,97.0,97.3,-1.7,188,461
2022-08-22,6416,192531,18456920,97.3,97.3,94.8,95.1,-2.2,184,463
2022-08-23,6416,102262,9726420,93.6,95.8,93.6,95.5,0.4,103,550
2022-08-24,6416,114669,10897224,97.0,97.0,94.4,94.7,-0.8,118,559
2022-08-25,6416,359774,35469456,95.4,99.7,95.4,99.3,4.6,342,373
2022-08-26,6416,194665,19273779,100.0,100.5,98.1,98.2,-1.1,245,486
2022-08-29,6416,116508,11160904,95.0,96.9,94.6,96.4,-1.8,183,579
2022-08-30,6416,94215,9195755,97.1,98.2,96.2,98.0,1.6,92,550
2022-08-31,6416,354422,35288280,98.0,100.5,97.0,99.8,1.8,305,359
2022-09-01,6416,668492,66593623,99.8,103.5,96.0,96.6,-3.2,969,290
2022-09-02,6416,879578,88102153,98.0,101.5,97.6,100.5,3.9,761,239
2022-09-05,6416,1199428,122774203,102.0,105.0,98.5,101.5,1.0,1027,209
2022-09-06,6416,2938568,309436547,107.5,110.5,100.0,100.5,-1.0,2292,119
2022-09-07,6416,923672,90141821,99.9,100.5,96.0,96.0,-4.5,955,222
2022-09-08,6416,297880,28742902,96.8,97.3,95.3,96.6,0.6,276,370
2022-09-12,6416,473187,47195093,99.9,100.5,98.0,100.5,3.9,386,324
2022-09-13,6416,307960,31017472,102.0,102.5,99.0,100.0,-0.5,299,375
2022-09-14,6416,776770,79518321,97.0,105.0,96.1,103.5,3.5,767,262
2022-09-15,6416,604406,61485214,105.0,105.0,100.0,100.5,-3.0,705,293
2022-09-16,6416,268556,26537545,100.5,100.5,98.0,98.1,-2.4,276,400
2022-09-19,6416,169632,16547511,99.5,99.5,97.1,97.2,-0.9,144,459
2022-09-20,6416,117458,11529434,98.0,99.0,97.3,98.5,1.3,113,457
2022-09-21,6416,109256,10695840,98.1,98.9,97.0,97.3,-1.2,105,511
2022-09-22,6416,121401,11773675,97.3,98.4,95.5,97.6,0.3,163,504
2022-09-23,6416,186165,18013896,97.6,98.4,95.8,96.1,-1.5,204,434
2022-09-26,6416,381085,35556046,95.0,96.1,91.4,91.6,-4.5,346,413
2022-09-27,6416,114430,10632609,94.1,94.1,91.6,94.1,2.5,137,514
2022-09-28,6416,232278,21202579,94.2,94.5,88.9,89.0,-5.1,259,477
2022-09-29,6416,174336,15883599,90.3,92.0,90.3,91.1,2.1,141,463
2022-09-30,6416,105314,9488737,87.3,91.1,87.3,91.1,0.0,122,529
2022-10-03,6416,70219,6361029,90.5,91.7,89.7,91.0,-0.1,63,544
2022-10-04,6416,114130,10577581,92.0,93.9,91.8,92.6,1.6,92,485
2022-10-05,6416,118310,10962206,93.1,94.2,91.2,91.2,-1.4,98,514
2022-10-06,6416,138531,12752112,92.5,93.0,90.9,92.2,1.0,170,420
2022-10-07,6416,590548,56520373,94.1,98.4,94.1,94.1,1.9,521,259
2022-10-11,6416,248143,22565253,94.1,94.1,89.6,90.0,-4.1,190,426
2022-10-12,6416,276351,24352987,91.0,91.0,87.1,87.1,-2.9,283,368
2022-10-13,6416,917033,74054835,87.4,87.8,78.4,78.8,-8.3,820,271
2022-10-14,6416,236566,19376715,80.5,83.1,80.5,82.8,4.0,228,400
2022-10-17,6416,179772,14480671,80.2,82.3,79.0,81.6,-1.2,204,443
2022-10-18,6416,142165,11549185,83.0,83.3,80.1,81.4,-0.2,141,453
2022-10-19,6416,59113,4802459,81.4,82.2,80.6,80.6,-0.8,61,603
2022-10-20,6416,248815,19448663,79.3,79.4,77.4,78.5,-2.1,222,488
2022-10-21,6416,116265,9181144,79.6,79.8,78.0,78.8,0.3,105,496
2022-10-24,6416,108290,8706204,80.6,81.8,79.0,79.0,0.2,111,513
2022-10-25,6416,127392,9960236,80.5,80.5,77.4,78.0,-1.0,145,472
2022-10-26,6416,122499,9573336,78.7,79.3,77.2,78.2,0.2,133,470
2022-10-27,6416,93054,7370303,78.4,79.8,78.4,79.6,1.4,88,515
2022-10-28,6416,147122,11472487,79.0,79.4,77.5,77.5,-2.1,139,420
2022-10-31,6416,173293,13777286,78.1,80.9,77.8,79.9,2.4,142,387
2022-11-01,6416,99500,7985125,79.6,80.7,79.6,80.2,0.3,84,493
2022-11-02,6416,188077,15364181,81.4,82.6,80.7,82.2,2.0,133,404
2022-11-03,6416,70319,5754470,80.5,82.9,80.3,82.7,0.5,85,534
2022-11-04,6416,58031,4756129,81.7,82.3,81.7,82.0,-0.7,53,596
2022-11-07,6416,64207,5324697,82.1,83.4,82.1,82.7,0.7,64,624
2022-11-08,6416,136148,11281196,82.3,84.1,82.0,82.0,-0.7,111,495
2022-11-09,6416,102780,8489427,82.0,83.0,82.0,82.7,0.7,108,554
2022-11-10,6416,127494,10354706,81.2,82.4,80.4,80.8,-1.9,130,496
2022-11-11,6416,191690,15770467,82.9,84.0,81.2,81.2,0.4,158,504
2022-11-14,6416,178378,14666260,80.5,83.2,80.5,83.0,1.8,163,507
2022-11-15,6416,239606,20004100,83.3,85.0,82.5,84.2,1.2,248,446
2022-11-16,6416,278561,23753591,84.3,86.4,84.2,85.2,1.0,239,422
2022-11-17,6416,586247,52381459,85.3,91.8,84.2,90.5,5.3,514,307
2022-11-18,6416,1027476,95958346,90.7,95.6,90.5,94.5,4.0,902,248
2022-11-21,6416,1061839,103568580,96.0,98.9,94.1,98.3,3.8,992,206
2022-11-22,6416,1644981,164849789,98.1,103.0,97.4,99.5,1.2,1323,163
2022-11-23,6416,870129,87867844,101.5,102.5,99.8,101.0,1.5,701,220
2022-11-24,6416,560795,56685378,101.5,102.0,100.0,100.0,-1.0,712,290
2022-11-25,6416,425677,42260827,100.0,101.5,98.0,98.0,-2.0,441,322
2022-11-28,6416,409517,40774884,98.9,101.0,97.1,100.0,2.0,369,308
2022-11-29,6416,438363,44531870,102.0,102.5,100.5,101.5,1.5,428,315
2022-11-30,6416,209692,20958630,102.5,102.5,98.6,99.1,-2.4,384,463
2022-12-01,6416,345516,34551458,101.0,101.0,98.5,100.5,1.4,266,411
2022-12-02,6416,426729,43597945,100.5,103.0,100.5,102.0,1.5,419,359
2022-12-05,6416,542258,55317983,102.0,105.0,100.0,100.0,-2.0,462,333
2022-12-06,6416,518600,52513426,100.0,104.0,98.5,98.7,-1.3,473,340
2022-12-07,6416,293981,28554987,99.5,99.5,95.3,97.1,-1.6,285,410
2022-12-08,6416,231322,22792171,97.1,99.8,97.1,97.6,0.5,204,389
2022-12-09,6416,220519,21403712,98.4,98.9,96.0,96.4,-1.2,292,415
2022-12-12,6416,248246,23446498,95.0,95.7,94.0,94.0,-2.4,240,409
2022-12-13,6416,180748,16811600,94.7,95.0,91.7,92.0,-2.0,191,477
2022-12-14,6416,159363,15055560,93.1,95.4,92.3,94.7,2.7,149,490
2022-12-15,6416,110362,10363563,95.8,96.0,93.3,93.3,-1.4,103,526
2022-12-16,6416,193822,17757982,92.4,92.4,91.2,91.3,-2.0,201,492
2022-12-19,6416,109354,9977798,91.3,91.6,90.9,91.0,-0.3,107,521
2022-12-20,6416,217364,19385601,90.5,91.8,87.5,87.5,-3.5,230,489
2022-12-21,6416,234102,21127629,88.4,92.0,88.3,88.6,1.1,192,397
2022-12-22,6416,89506,8069903,89.5,90.7,89.5,89.8,1.2,86,508
2022-12-23,6416,41230,3696197,90.0,90.0,88.6,90.0,0.2,48,617
2022-12-26,6416,43000,3842200,88.7,89.7,88.7,89.1,-0.9,39,591
2022-12-27,6416,50360,4521481,89.2,90.1,89.2,89.6,0.5,46,591
2022-12-28,6416,82414,7283877,89.7,89.7,88.0,88.0,-1.6,86,562
2022-12-29,6416,91372,7951160,87.1,88.5,86.2,87.4,-0.6,84,529
2022-12-30,6416,38729,3388314,88.1,88.2,87.1,87.1,-0.3,42,617
2023-01-03,6416,58261,5116283,88.1,88.2,87.2,87.6,0.5,45,559
2023-01-04,6416,96316,8436724,87.6,88.0,87.3,87.5,-0.1,103,492
2023-01-05,6416,57339,5065495,88.0,89.0,87.9,87.9,0.4,56,590
2023-01-06,6416,59725,5242197,87.9,88.1,87.2,88.0,0.1,98,568
2023-01-09,6416,93968,8315561,89.9,89.9,88.0,88.4,0.4,96,552
2023-01-10,6416,125284,11237129,88.9,90.3,88.8,89.9,1.5,119,492
2023-01-11,6416,354951,32639344,90.2,93.1,90.0,92.8,2.9,345,329
2023-01-12,6416,212587,19553363,93.0,93.3,90.6,91.2,-1.6,169,388
2023-01-13,6416,144432,13110901,91.3,92.2,89.8,90.0,-1.2,110,436
2023-01-16,6416,162400,14562469,90.0,91.2,88.8,89.6,-0.4,134,410
2023-01-17,6416,87422,7862920,89.7,90.4,89.7,89.8,0.2,87,500
2023-01-30,6416,110821,10042319,91.0,91.1,89.9,90.8,1.0,107,559
2023-01-31,6416,198461,18447206,91.2,93.7,91.2,92.6,1.8,363,462
2023-02-01,6416,130570,12148992,93.5,93.5,92.5,93.0,0.4,116,549
2023-02-02,6416,179391,16977645,93.5,95.5,93.5,94.5,1.5,215,512
2023-02-03,6416,118173,11119394,94.9,94.9,93.2,94.0,-0.5,108,556
2023-02-06,6416,49137,4628262,95.0,95.0,93.0,94.1,0.1,55,659
2023-02-07,6416,86042,8078960,93.1,94.7,93.1,94.3,0.2,84,587
2023-02-08,6416,64980,6131914,95.6,95.6,94.0,94.3,0.0,78,635
2023-02-09,6416,55215,5192383,94.2,94.4,93.5,93.8,-0.5,62,649
2023-02-10,6416,107508,9959535,93.5,93.5,92.1,92.3,-1.5,93,585
2023-02-13,6416,95335,8739245,91.2,92.2,91.1,91.6,-0.7,87,571
2023-02-14,6416,54033,4972442,92.1,92.7,91.7,92.6,1.0,51,649
2023-02-15,6416,48125,4456287,92.9,93.3,92.1,92.3,-0.3,39,685
2023-02-16,6416,100025,9277237,91.7,93.6,91.7,93.1,0.8,82,568
2023-02-17,6416,55325,5155098,92.4,94.1,92.4,94.1,1.0,49,656
2023-02-20,6416,218806,21120896,95.2,98.0,95.2,95.9,1.8,231,503
2023-02-21,6416,82376,7822749,95.1,95.4,94.5,95.0,-0.9,88,631
2023-02-22,6416,127589,11816238,93.7,93.7,91.8,92.6,-2.4,121,570
2023-02-23,6416,55159,5143424,92.7,93.6,92.7,93.2,0.6,68,723
2023-02-24,6416,66219,6190583,93.8,94.1,92.6,93.5,0.3,65,691
2023-03-01,6416,103046,9622097,93.2,94.1,93.0,93.6,0.1,88,609
2023-03-02,6416,265185,25282548,95.1,96.2,93.5,95.8,2.2,297,437
2023-03-03,6416,146268,14050833,96.0,96.9,95.4,95.5,-0.3,160,562
2023-03-06,6416,800294,79750828,96.8,102.0,96.4,99.4,3.9,760,328
2023-03-07,6416,930132,95148486,100.5,104.0,99.7,102.0,2.6,988,285
2023-03-08,6416,494119,50583722,102.0,103.5,100.5,102.5,0.5,585,389
2023-03-09,6416,763572,77354930,104.5,104.5,99.9,100.5,-2.0,662,330
2023-03-10,6416,477317,47735264,99.8,101.0,99.0,100.0,-0.5,428,423
2023-03-13,6416,352374,34588573,100.0,100.0,95.8,99.5,-0.5,288,451
2023-03-14,6416,242466,23920317,99.0,100.0,97.5,97.6,-1.9,272,461
2023-03-15,6416,227262,22411094,99.9,99.9,97.8,97.9,0.3,143,472
2023-03-16,6416,376914,35891466,97.9,98.0,93.8,93.9,-4.0,365,433
2023-03-17,6416,272827,25719349,95.4,95.6,93.5,94.2,0.3,253,451
2023-03-20,6416,580071,57372377,94.9,101.0,94.3,99.8,5.6,532,319
2023-03-21,6416,445924,44762382,101.0,102.0,99.0,101.0,1.2,758,373
2023-03-22,6416,1135495,118191405,101.0,106.5,100.5,105.5,4.5,1152,244
2023-03-23,6416,1956506,210281086,105.5,109.5,104.5,107.5,2.0,1629,188
2023-03-24,6416,2866023,315265919,109.0,111.5,108.0,111.0,3.5,2083,146
2023-03-27,6416,3724857,426367259,113.0,117.0,112.0,115.0,4.0,2682,107
2023-03-28,6416,2959674,335848521,114.5,116.0,110.0,115.0,0.0,2109,124
2023-03-29,6416,1541115,175701407,114.5,116.0,112.5,113.5,-1.5,1215,199
2023-03-30,6416,2373898,274337973,115.0,117.0,113.5,115.5,2.0,1831,139
2023-03-31,6416,1366941,156632298,116.0,116.5,113.5,114.0,-1.5,1217,212
2023-04-06,6416,1047295,120180525,114.5,116.0,113.5,114.5,0.5,979,240
2023-04-07,6416,1186654,136650100,115.5,116.5,113.5,115.5,1.0,1033,199
2023-04-10,6416,797322,91080529,117.0,117.0,112.5,113.5,-2.0,992,255
2023-04-11,6416,1231207,137077770,114.0,114.0,110.0,111.0,-2.5,1228,242
2023-04-12,6416,1048411,116642533,112.5,112.5,110.0,111.0,0.0,1069,275
2023-04-13,6416,1078181,116817120,110.5,110.5,107.0,107.0,-4.0,1111,284
2023-04-14,6416,847225,90983132,108.0,109.0,106.0,106.5,-0.5,906,311
2023-04-17,6416,2876774,322094906,108.0,114.5,107.0,112.5,6.0,2666,146
2023-04-18,6416,1561501,175015406,111.5,114.0,110.0,111.5,-1.0,1475,236
2023-04-19,6416,583086,65090258,112.5,112.5,110.5,111.0,-0.5,636,382
2023-04-20,6416,971493,105003102,111.5,111.5,106.5,107.5,-3.5,924,302
2023-04-21,6416,889961,92446762,107.5,107.5,102.0,104.5,-3.0,824,341
2023-04-24,6416,206811,21646985,104.5,105.5,103.5,105.0,0.5,295,463
2023-04-25,6416,502618,51570671,106.0,106.5,101.0,101.5,-3.5,554,403
2023-04-26,6416,436714,43947900,101.0,102.0,99.5,101.5,0.0,410,364
2023-04-27,6416,858220,84735471,101.5,101.5,97.4,98.2,-3.3,815,261
2023-04-28,6416,452811,44912837,100.0,100.5,98.3,99.0,0.8,461,362
2023-05-02,6416,470223,46946142,100.0,100.5,98.6,99.8,0.8,429,355
2023-05-03,6416,300843,29849410,100.0,100.0,98.7,98.9,-0.9,319,396
2023-05-04,6416,355405,35187094,98.8,99.9,98.5,98.7,-0.2,347,392
2023-05-05,6416,959137,97906354,99.2,104.5,99.1,102.0,3.3,874,268
2023-05-08,6416,505997,50859263,100.5,101.5,99.8,100.0,-2.0,467,359
2023-05-09,6416,533578,52363306,101.0,101.0,97.2,97.4,-2.6,569,358
2023-05-10,6416,235672,22769802,97.3,97.3,95.6,96.5,-0.9,297,432
2023-05-11,6416,450515,43233901,97.4,97.9,94.7,95.4,-1.1,437,407
2023-05-12,6416,212006,20400089,95.5,97.2,94.8,96.5,1.1,190,455
2023-05-15,6416,198215,18887408,96.3,96.3,94.7,95.0,-1.5,226,472
2023-05-16,6416,170785,16546858,95.8,97.5,95.8,96.7,1.7,168,523
2023-05-17,6416,202535,19768477,96.5,98.2,96.5,98.1,1.4,213,525
2023-05-18,6416,300259,29472264,98.4,99.0,97.3,98.2,0.1,289,441
2023-05-19,6416,233898,22844706,98.5,99.1,97.0,97.1,-1.1,248,473
2023-05-22,6416,186989,18307451,97.1,98.4,97.0,98.2,1.1,175,496
2023-05-23,6416,464194,46358119,97.8,101.0,97.7,99.6,1.4,431,360
2023-05-24,6416,1458512,150683220,100.0,104.5,100.0,103.5,3.9,1276,229
2023-05-25,6416,734525,74944706,103.5,103.5,100.5,103.0,-0.5,583,310
2023-05-26,6416,465577,47301960,104.0,104.5,100.0,100.0,-3.0,428,387
2023-05-29,6416,326947,33410207,101.0,103.5,100.0,102.0,2.0,287,426
2023-05-30,6416,153863,15619978,103.0,103.0,100.5,101.0,-1.0,163,518
2023-05-31,6416,297735,30195765,101.0,102.5,100.5,101.0,0.0,233,448
2023-06-01,6416,335191,34288918,101.0,103.5,101.0,102.5,1.5,267,420
2023-06-02,6416,231734,23658471,103.0,103.0,101.5,102.0,-0.5,228,509
2023-06-05,6416,226118,22950575,102.0,102.0,100.5,101.5,-0.5,224,533
2023-06-06,6416,306625,30612732,101.5,101.5,99.0,99.4,-2.1,340,462
2023-06-07,6416,675765,66396787,99.8,100.0,97.3,97.5,-1.9,737,373
2023-06-08,6416,721907,69138076,97.2,97.5,95.0,95.4,-2.1,728,378
2023-06-09,6416,314913,30180193,96.1,96.3,95.1,96.1,0.7,297,476
2023-06-12,6416,619177,58949042,97.1,97.1,94.8,94.9,-1.2,484,391
2023-06-13,6416,275811,26487276,95.7,96.9,95.1,96.6,1.7,286,497
2023-06-14,6416,342705,32851191,97.1,97.1,95.0,95.3,-1.3,396,463
2023-06-15,6416,1099384,108686416,96.4,100.5,96.4,99.7,4.4,989,319
2023-06-16,6416,1583803,162389097,101.0,104.0,101.0,102.0,2.3,1411,287
2023-06-19,6416,914420,94834170,102.5,105.5,101.5,103.5,1.5,991,326
2023-06-20,6416,766082,79905320,104.5,105.5,103.5,104.0,0.5,632,336
2023-06-21,6416,810480,84408086,105.0,105.5,103.0,104.5,0.5,801,326
2023-06-26,6416,757024,76090881,104.0,104.0,99.4,99.4,-5.1,752,347
2023-06-27,6416,667169,65099210,99.4,99.4,96.6,96.7,-2.7,642,373
2023-06-28,6416,180895,17650643,98.1,98.5,97.1,97.2,0.5,189,526
2023-06-29,6416,151476,14777032,97.6,98.3,97.2,97.2,0.0,168,553
2023-06-30,6416,193694,18895429,98.3,98.3,97.0,97.6,0.4,203,502
2023-07-03,6416,290534,28810494,97.8,100.5,97.8,100.0,2.4,294,493
2023-07-04,6416,278434,27629982,100.0,100.0,98.5,99.5,-0.5,275,505
2023-07-05,6416,365708,36580916,99.9,101.5,98.9,98.9,-0.6,317,470
2023-07-06,6416,264390,26103657,98.9,99.8,98.2,98.6,-0.3,230,521
2023-07-07,6416,398506,38682881,98.3,98.3,96.6,96.6,-2.0,437,464
2023-07-10,6416,287205,27569248,96.6,97.1,95.3,95.6,-1.0,296,492
2023-07-11,6416,289024,27643729,96.1,96.6,95.4,95.5,-0.1,268,492
2023-07-12,6416,268789,25746069,96.3,96.3,95.4,95.9,0.4,210,512
2023-07-13,6416,283014,27403714,96.2,97.9,95.8,96.2,0.3,293,507
2023-07-14,6416,539107,52755304,96.5,98.6,96.5,98.0,1.8,450,-1
