date,stock_id,Trading_Volume,Trading_money,open,max,min,close,spread,Trading_turnover,Trading_money_rank
2021-01-20,6515,1918645,915905364,470.0,506.0,465.0,486.0,0.0,1941,88
2021-01-21,6515,1367212,660345393,492.0,505.0,459.0,461.0,-25.0,1647,82
2021-01-22,6515,781295,358058873,454.5,472.0,443.0,459.5,-1.5,934,144
2021-01-25,6515,934601,443261482,475.0,482.5,464.5,477.5,18.0,1055,113
2021-01-26,6515,587208,275641865,468.5,478.0,462.0,472.0,-5.5,698,150
2021-01-27,6515,330066,153582203,477.0,478.0,460.0,462.0,-10.0,387,214
2021-01-28,6515,527169,233589354,445.0,455.0,437.0,437.0,-25.0,726,168
2021-01-29,6515,561786,240277078,449.0,449.0,417.0,417.5,-19.5,678,181
2021-02-01,6515,273208,111217855,412.5,412.5,400.0,410.5,-7.0,379,237
2021-02-02,6515,356163,145048517,412.0,418.0,403.5,408.0,-2.5,422,195
2021-02-03,6515,460345,184524924,410.0,411.5,396.0,397.0,-11.0,602,166
2021-02-04,6515,424854,175730172,400.0,420.0,398.0,417.0,20.0,582,154
2021-02-05,6515,348945,140974527,412.5,412.5,400.5,403.0,-14.0,489,184
2021-02-17,6515,327332,130499898,406.0,406.0,391.0,403.0,0.0,365,271
2021-02-18,6515,101179,40770079,405.0,406.0,400.0,405.0,2.0,153,426
2021-02-19,6515,357304,150657905,412.0,428.5,407.0,428.0,23.0,495,261
2021-02-22,6515,274310,115356807,423.0,428.0,415.5,419.0,-9.0,420,328
2021-02-23,6515,155740,64237201,418.5,418.5,410.0,413.0,-6.0,235,400
2021-02-24,6515,201850,82998903,413.0,414.5,407.5,411.0,-2.0,291,369
2021-02-25,6515,187424,76446995,412.5,415.0,405.0,406.0,-5.0,255,363
2021-02-26,6515,181655,72975040,400.0,405.5,400.0,405.5,-0.5,292,360
2021-03-02,6515,201846,81071742,410.0,410.0,398.0,398.0,-7.5,268,354
2021-03-03,6515,148612,58892721,392.5,406.0,391.0,400.0,2.0,214,379
2021-03-04,6515,232789,91416703,395.0,399.0,390.5,390.5,-9.5,328,315
2021-03-05,6515,307723,117956562,388.0,388.0,380.5,381.0,-9.5,406,252
2021-03-08,6515,94224,36066717,384.0,388.0,381.0,382.5,1.5,157,440
2021-03-09,6515,248575,93113853,384.0,387.0,371.0,373.0,-9.5,367,317
2021-03-10,6515,268123,99084796,374.5,375.0,366.5,368.0,-5.0,343,271
2021-03-11,6515,101108,37754535,368.0,376.5,368.0,376.5,8.5,166,448
2021-03-12,6515,92803,34692539,377.5,378.0,371.0,372.0,-4.5,196,436
2021-03-15,6515,91833,33990375,376.0,376.0,368.0,373.5,1.5,158,459
2021-03-16,6515,207148,79765440,375.0,389.0,375.0,387.0,13.5,281,356
2021-03-17,6515,185951,71945773,387.0,391.0,384.0,384.0,-3.0,237,380
2021-03-18,6515,101028,38647320,381.0,385.5,380.0,381.5,-2.5,169,469
2021-03-19,6515,108215,41417403,381.0,385.0,380.0,383.0,1.5,136,473
2021-03-22,6515,103138,39279582,389.0,389.0,378.0,378.5,-4.5,168,491
2021-03-23,6515,75293,28641546,383.0,383.0,379.0,379.0,0.5,116,530
2021-03-24,6515,59343,22263683,377.5,377.5,374.0,375.0,-4.0,99,541
2021-03-25,6515,38005,14184724,374.0,376.0,371.0,374.0,-1.0,88,614
2021-03-26,6515,79544,29717561,375.0,376.0,372.0,373.5,-0.5,140,502
2021-03-29,6515,111604,42288545,374.0,383.0,373.5,380.0,6.5,137,482
2021-03-30,6515,78420,30123515,381.5,386.0,380.0,384.0,4.0,114,520
2021-03-31,6515,73333,28110734,386.0,386.0,381.5,383.0,-1.0,111,542
2021-04-01,6515,89128,34110604,384.5,384.5,381.5,382.5,-0.5,114,507
2021-04-06,6515,126065,48321331,382.5,384.5,382.5,383.5,1.0,167,484
2021-04-07,6515,347599,135805746,383.5,400.0,383.0,400.0,16.5,455,346
2021-04-08,6515,199217,79641098,405.0,405.0,395.0,400.0,0.0,266,450
2021-04-09,6515,174427,69384854,400.0,404.0,395.5,395.5,-4.5,239,473
2021-04-12,6515,247124,97015691,395.5,399.0,387.0,387.5,-8.0,274,445
2021-04-13,6515,135949,52126507,387.5,387.5,381.0,381.0,-6.5,175,540
2021-04-14,6515,225008,83806670,380.5,381.0,369.0,372.0,-9.0,266,446
2021-04-15,6515,30234,11367918,379.5,379.5,373.0,378.0,6.0,67,662
2021-04-16,6515,29339,11069632,381.5,382.0,374.0,376.0,-2.0,81,708
2021-04-19,6515,51291,19479807,382.0,386.0,377.0,377.0,1.0,79,715
2021-04-20,6515,74830,27989552,377.0,377.0,372.5,373.5,-3.5,118,624
2021-04-21,6515,41549,15637815,375.0,379.5,374.5,379.0,5.5,55,706
2021-04-22,6515,98175,36834385,381.5,381.5,373.0,374.0,-5.0,141,659
2021-04-23,6515,144651,53350821,376.5,376.5,365.0,370.5,-3.5,211,480
2021-04-26,6515,99275,36944850,372.0,380.0,368.0,370.5,0.0,132,569
2021-04-27,6515,64299,23996764,371.0,379.0,368.0,375.5,5.0,103,638
2021-04-28,6515,57057,21203876,378.0,378.0,370.0,371.5,-4.0,105,657
2021-04-29,6515,94848,35163773,372.0,374.0,368.0,370.0,-1.5,115,580
2021-05-03,6515,232532,82721108,370.5,370.5,350.5,351.5,-18.5,333,463
2021-05-04,6515,181373,60984084,351.5,353.0,330.0,334.0,-17.5,314,550
2021-05-05,6515,79105,26478120,330.0,340.0,329.5,333.0,-1.0,101,565
2021-05-06,6515,253871,81023375,338.5,338.5,301.0,315.0,-18.0,394,388
2021-05-07,6515,204154,62074451,311.5,311.5,290.0,305.0,-10.0,322,415
2021-05-10,6515,167525,49763157,304.0,308.0,292.5,292.5,-12.5,870,472
2021-05-11,6515,231474,64299139,292.5,292.5,271.0,272.0,-20.5,384,506
2021-05-12,6515,365518,92422441,251.0,260.5,245.0,252.0,-20.0,646,488
2021-05-13,6515,184507,45652429,248.0,260.0,231.5,251.5,-0.5,266,532
2021-05-14,6515,95048,24008748,260.0,260.0,243.5,245.5,-6.0,159,589
2021-05-17,6515,146781,33295609,225.0,236.0,222.0,224.5,-21.0,230,595
2021-05-18,6515,160651,37444342,228.0,237.0,225.0,236.0,11.5,201,503
2021-05-19,6515,67039,15515747,233.5,235.0,228.5,235.0,-1.0,145,588
2021-05-20,6515,47742,11034289,231.5,234.0,228.5,228.5,-6.5,91,612
2021-05-21,6515,196203,47387050,237.5,249.0,235.0,249.0,20.5,231,389
2021-05-24,6515,102232,25313208,249.0,251.0,243.0,249.5,0.5,136,481
2021-05-25,6515,115407,30481865,251.0,274.0,251.0,274.0,24.5,204,486
2021-05-26,6515,213628,61093038,277.5,292.5,277.5,282.5,8.5,313,349
2021-05-27,6515,147496,40207222,283.0,283.0,266.5,270.0,-12.5,214,401
2021-05-28,6515,84002,22366302,270.0,271.5,261.0,266.0,-4.0,114,516
2021-05-31,6515,84734,22321479,268.0,268.0,260.5,264.0,-2.0,151,534
2021-06-01,6515,62868,16626998,262.5,267.0,261.5,264.0,0.0,105,561
2021-06-02,6515,78956,20758075,263.0,265.5,261.5,265.5,1.5,90,557
2021-06-03,6515,40722,11175224,266.0,280.0,266.0,275.5,10.0,73,604
2021-06-04,6515,72407,19575905,276.0,276.0,266.0,270.0,-5.5,104,512
2021-06-07,6515,28172,7524730,270.5,270.5,263.0,267.5,-2.5,59,677
2021-06-08,6515,21591,5743597,263.0,269.5,263.0,266.5,-1.0,59,650
2021-06-09,6515,41311,11282558,266.5,277.0,266.0,274.5,8.0,76,568
2021-06-10,6515,74486,20825406,274.5,283.0,274.5,282.0,7.5,125,500
2021-06-11,6515,94809,27359577,282.0,295.0,280.5,291.0,9.0,133,463
2021-06-15,6515,90563,26063091,292.5,292.5,282.0,284.5,-6.5,134,470
2021-06-16,6515,71683,20320652,287.5,287.5,280.0,280.0,-4.5,98,528
2021-06-17,6515,55325,15488014,275.0,285.0,275.0,279.0,-1.0,64,535
2021-06-18,6515,38862,10905165,281.0,285.0,279.0,280.0,1.0,84,619
2021-06-21,6515,58825,16438077,280.0,284.5,275.0,276.0,-4.0,84,597
2021-06-22,6515,87315,23753971,279.0,279.0,269.0,271.5,-4.5,131,497
2021-06-23,6515,104477,29126467,274.5,282.5,272.0,279.0,7.5,143,499
2021-06-24,6515,80876,22060081,270.0,275.0,270.0,273.0,0.0,121,528
2021-06-25,6515,72183,19481095,273.0,273.0,268.5,268.5,-4.5,113,562
2021-06-28,6515,87210,23117139,269.0,269.0,263.0,268.5,0.0,109,532
2021-06-29,6515,50837,13478159,265.5,268.0,263.5,264.0,-4.5,121,634
2021-06-30,6515,44791,11979590,264.5,272.0,264.5,268.0,4.0,68,619
2021-07-01,6515,102831,27174870,273.0,273.0,262.0,262.0,-6.0,136,528
2021-07-02,6515,33645,8764388,261.5,263.0,259.0,260.5,-1.5,86,666
2021-07-05,6515,49016,12915367,260.5,265.5,260.5,262.0,1.5,84,644
2021-07-06,6515,99253,25897836,264.0,265.5,258.5,265.5,3.5,143,509
2021-07-07,6515,234340,65141553,268.0,289.0,268.0,276.5,11.0,323,396
2021-07-08,6515,95266,26458661,279.5,285.5,273.0,274.0,-2.5,149,523
2021-07-09,6515,74004,20062292,278.5,278.5,268.0,268.0,-6.0,103,564
2021-07-12,6515,39379,10561520,269.0,271.0,266.5,269.5,1.5,59,683
2021-07-13,6515,56237,15207653,269.5,273.0,267.0,267.0,-2.5,61,659
2021-07-14,6515,55692,14887590,267.0,270.0,265.0,265.0,-2.0,74,611
2021-07-15,6515,47380,12625377,265.0,269.0,264.5,266.5,1.5,91,595
2021-07-16,6515,72855,19601175,266.5,273.0,265.0,273.0,6.5,97,539
2021-07-19,6515,54656,14801375,274.5,275.0,268.5,268.5,-4.5,76,594
2021-07-20,6515,50865,13563756,266.5,268.5,265.0,265.5,-3.0,76,608
2021-07-21,6515,60227,15970106,267.0,267.0,263.0,263.0,-2.5,63,611
2021-07-22,6515,81944,22293950,265.5,280.0,265.5,274.0,11.0,121,518
2021-07-23,6515,367717,105969103,276.0,298.0,276.0,296.0,22.0,533,328
2021-07-26,6515,335238,104690115,308.0,319.5,305.0,306.0,10.0,516,340
2021-07-27,6515,163586,48795565,306.0,306.0,290.0,290.0,-16.0,295,426
2021-07-28,6515,134487,38178539,287.5,290.0,279.0,283.0,-7.0,188,478
2021-07-29,6515,60795,17455249,286.0,293.0,282.0,292.5,9.5,84,515
2021-07-30,6515,268761,80559103,296.5,310.0,288.0,288.5,-4.0,303,342
2021-08-02,6515,124252,35031001,281.0,285.0,281.0,282.0,-6.5,196,418
2021-08-03,6515,58174,16293219,284.0,284.0,278.0,280.5,-1.5,81,503
2021-08-04,6515,36559,10308944,281.0,286.0,279.5,285.0,4.5,58,591
2021-08-05,6515,35592,10069289,285.0,286.0,281.5,281.5,-3.5,58,596
2021-08-06,6515,43403,12090475,284.5,284.5,276.5,277.5,-4.0,63,570
2021-08-09,6515,70923,19287150,277.5,277.5,269.5,269.5,-8.0,112,524
2021-08-10,6515,125500,32885936,268.0,268.0,259.0,260.0,-9.5,174,445
2021-08-11,6515,66726,17292753,261.0,264.0,255.0,256.0,-4.0,99,567
2021-08-12,6515,24547,6354619,258.0,262.5,255.0,262.5,6.5,45,638
2021-08-13,6515,37353,9615564,260.0,260.0,256.0,256.5,-6.0,72,627
2021-08-16,6515,123475,30271025,255.0,255.5,241.0,242.0,-14.5,171,487
2021-08-17,6515,26833,6452000,240.0,242.0,240.0,240.0,-2.0,56,675
2021-08-18,6515,117592,28058104,240.0,243.0,236.5,239.5,-0.5,161,470
2021-08-19,6515,61213,14473410,243.0,243.0,234.0,234.0,-5.5,99,553
2021-08-20,6515,53492,12683235,235.0,240.0,232.0,240.0,6.0,62,530
2021-08-23,6515,71461,17215390,243.5,245.0,238.0,243.0,3.0,93,489
2021-08-24,6515,34930,8523676,243.0,248.0,240.0,240.5,-2.5,53,581
2021-08-25,6515,24311,5878892,240.0,245.0,240.0,243.0,2.5,40,636
2021-08-26,6515,23546,5751461,245.5,246.0,242.5,242.5,-0.5,32,619
2021-08-27,6515,15131,3675985,244.0,246.0,241.0,244.0,1.5,23,688
2021-08-30,6515,15261,3729280,244.5,247.0,241.5,247.0,3.0,28,670
2021-08-31,6515,21675,5316311,249.5,249.5,243.0,245.5,-1.5,37,635
2021-09-01,6515,17511,4315146,246.5,248.0,245.5,247.5,2.0,33,697
2021-09-02,6515,54569,13618845,250.5,252.0,247.5,249.5,2.0,68,519
2021-09-03,6515,32422,8124123,254.0,254.0,247.5,251.0,1.5,47,591
2021-09-06,6515,31014,7705900,251.0,251.0,247.0,247.0,-4.0,71,610
2021-09-07,6515,27889,6961791,250.0,253.0,247.0,248.5,1.5,47,598
2021-09-08,6515,73063,17735513,252.0,252.0,239.5,239.5,-9.0,91,497
2021-09-09,6515,14530,3509510,240.0,244.0,240.0,244.0,4.5,23,677
2021-09-10,6515,28242,6875219,246.0,249.5,240.0,243.0,-1.0,38,578
2021-09-13,6515,14203,3424632,241.5,241.5,241.0,241.0,-2.0,22,691
2021-09-14,6515,22930,5532240,241.5,243.0,239.5,240.5,-0.5,31,625
2021-09-15,6515,26303,6260025,240.0,240.5,236.5,236.5,-4.0,35,616
2021-09-16,6515,17373,4113760,234.5,237.5,234.5,237.5,1.0,26,654
2021-09-17,6515,83937,20539629,237.5,249.0,237.5,243.5,6.0,97,439
2021-09-22,6515,36852,8845041,237.5,245.5,237.5,240.0,-3.5,61,609
2021-09-23,6515,126681,31839112,248.5,262.0,243.5,251.5,11.5,150,361
2021-09-24,6515,307004,82469218,256.5,276.0,256.0,268.0,16.5,401,260
2021-09-27,6515,120055,32614581,272.0,278.0,268.0,268.0,0.0,161,390
2021-09-28,6515,66742,17565090,267.0,270.0,258.0,268.5,0.5,85,462
2021-09-29,6515,83105,21491730,260.5,263.0,253.0,254.5,-14.0,120,492
2021-09-30,6515,123700,32558434,263.5,270.0,254.5,258.0,3.5,119,397
2021-10-01,6515,119703,29499809,257.0,260.5,240.0,240.5,-17.5,148,474
2021-10-04,6515,84313,20192731,246.5,246.5,236.0,236.5,-4.0,90,515
2021-10-05,6515,57638,14093507,236.5,250.0,235.0,244.5,8.0,77,526
2021-10-06,6515,35984,8799045,248.5,249.0,238.5,239.5,-5.0,56,556
2021-10-07,6515,129956,32533311,247.0,256.0,243.0,248.0,8.5,133,388
2021-10-08,6515,29199,7222062,248.0,250.0,244.5,248.0,0.0,37,578
2021-10-12,6515,75448,18868012,242.5,253.0,242.5,251.0,3.0,90,467
2021-10-13,6515,410671,110382255,258.5,275.0,258.5,270.0,19.0,406,230
2021-10-14,6515,412933,116717752,279.0,286.5,279.0,284.5,14.5,446,215
2021-10-15,6515,314056,90009226,295.0,296.0,278.0,284.5,0.0,353,246
2021-10-18,6515,345224,99378014,286.5,293.0,280.5,291.0,6.5,363,248
2021-10-19,6515,230182,66520121,290.0,292.0,285.0,287.5,-3.5,440,296
2021-10-20,6515,781578,235468003,294.0,307.0,294.0,300.0,12.5,893,172
2021-10-21,6515,750672,228442353,301.0,309.5,294.5,307.5,7.5,765,197
2021-10-22,6515,591405,183247788,309.0,313.5,305.0,308.5,1.0,395,198
2021-10-25,6515,1273173,411615437,315.0,332.0,312.0,331.0,22.5,967,103
2021-10-26,6515,831149,278379008,338.5,345.0,321.0,326.0,-5.0,787,168
2021-10-27,6515,524502,174398236,321.5,340.5,321.5,333.5,7.5,509,192
2021-10-28,6515,275201,89885530,336.5,339.0,321.5,326.5,-7.0,285,267
2021-10-29,6515,705366,235600071,324.5,340.5,324.0,331.5,5.0,594,190
2021-11-01,6515,456778,150899219,340.5,341.0,324.0,329.5,-2.0,448,238
2021-11-02,6515,705934,217641605,326.5,328.0,297.0,299.0,-30.5,735,212
2021-11-03,6515,401798,123552243,302.0,315.0,300.0,314.5,15.5,381,253
2021-11-04,6515,286730,90996647,314.5,324.5,309.0,314.0,-0.5,314,292
2021-11-05,6515,114633,36404738,321.0,323.0,314.0,315.0,1.0,134,379
2021-11-08,6515,752386,257647999,330.0,346.5,328.0,346.5,31.5,652,175
2021-11-09,6515,900959,306607627,349.0,356.0,330.0,342.0,-4.5,886,163
2021-11-10,6515,363617,124888591,341.5,350.0,337.5,338.0,-4.0,359,268
2021-11-11,6515,1171520,422197446,342.5,370.0,342.0,366.5,28.5,1200,141
2021-11-12,6515,1154424,434567740,377.5,392.5,364.0,369.0,2.5,1192,137
2021-11-15,6515,474503,176246072,376.0,380.0,363.5,369.5,0.5,504,236
2021-11-16,6515,1747622,679013146,379.5,397.5,372.5,382.5,13.0,1557,105
2021-11-17,6515,499872,193419358,395.0,395.5,380.0,388.5,6.0,523,230
2021-11-18,6515,486503,184465809,388.5,392.5,372.0,375.0,-13.5,591,249
2021-11-19,6515,228144,85183586,380.0,382.5,369.0,370.0,-5.0,306,303
2021-11-22,6515,359027,131689443,370.0,378.0,362.0,362.5,-7.5,374,257
2021-11-23,6515,275676,100733331,360.0,371.5,360.0,366.0,3.5,312,306
2021-11-24,6515,1013792,392318682,370.0,396.0,366.0,390.0,24.0,1066,146
2021-11-25,6515,1603229,648059396,401.0,411.5,391.0,407.0,17.0,1784,90
2021-11-26,6515,718456,283860624,404.5,407.0,386.5,387.5,-19.5,840,177
2021-11-29,6515,450160,171618078,379.0,390.0,376.0,376.0,-11.5,481,227
2021-11-30,6515,889746,352298890,384.0,407.0,383.0,394.5,18.5,924,174
2021-12-01,6515,1119941,456211635,398.5,414.0,392.0,410.5,16.0,1190,116
2021-12-02,6515,539625,217589463,410.5,415.0,397.0,401.0,-9.5,626,204
2021-12-03,6515,809383,337570190,405.0,425.0,405.0,417.5,16.5,924,146
2021-12-06,6515,576323,243437684,419.0,429.5,413.0,422.0,4.5,666,165
2021-12-07,6515,516699,220297606,428.0,436.0,417.0,423.0,1.0,569,195
2021-12-08,6515,383752,160345173,426.0,431.0,414.0,414.0,-9.0,486,250
2021-12-09,6515,599232,240957825,412.0,412.5,395.5,396.5,-17.5,724,187
2021-12-10,6515,404877,157028302,399.0,403.0,380.0,386.0,-10.5,553,223
2021-12-13,6515,276984,107092958,390.0,391.0,383.5,384.5,-1.5,263,282
2021-12-14,6515,724629,263955523,383.0,383.0,350.5,362.0,-22.5,810,173
2021-12-15,6515,278442,103245173,362.0,379.0,362.0,374.5,12.5,274,260
2021-12-16,6515,741734,288685145,380.0,400.0,380.0,385.0,10.5,687,161
2021-12-17,6515,290159,108375011,375.0,380.5,369.0,372.5,-12.5,339,295
2021-12-20,6515,140223,52495024,370.5,382.0,370.0,371.5,-1.0,161,348
2021-12-21,6515,107938,40642511,372.0,381.5,372.0,374.5,3.0,123,354
2021-12-22,6515,472849,184235001,380.0,397.0,380.0,389.0,14.5,465,194
2021-12-23,6515,319669,124767669,392.0,396.5,387.0,387.0,-2.0,296,248
2021-12-24,6515,846919,340375151,392.0,409.0,392.0,404.0,17.0,881,130
2021-12-27,6515,1328578,557984846,414.5,427.0,407.5,416.5,12.5,1400,89
2021-12-28,6515,1365964,583261025,424.5,434.5,417.0,423.5,7.0,1491,90
2021-12-29,6515,430481,181298176,426.0,427.0,414.5,423.5,0.0,648,214
2021-12-30,6515,844813,364721770,419.5,437.5,419.5,433.5,10.0,877,131
2022-01-03,6515,882976,387382640,439.5,448.5,428.0,428.5,-5.0,1179,137
2022-01-04,6515,434328,187386867,433.0,440.0,423.0,424.0,-4.5,477,215
2022-01-05,6515,476794,196986853,423.0,424.0,408.0,409.0,-15.0,576,220
2022-01-06,6515,385446,156530366,409.0,414.0,400.0,403.0,-6.0,461,242
2022-01-07,6515,822414,318756344,397.0,397.0,378.0,393.0,-10.0,999,182
2022-01-10,6515,198403,76988571,378.0,394.5,377.5,393.5,0.5,265,318
2022-01-11,6515,239369,91883090,393.0,393.0,380.0,383.0,-10.5,344,324
2022-01-12,6515,301869,118405413,391.0,398.0,386.0,394.0,11.0,305,257
2022-01-13,6515,266274,102578053,395.5,396.5,380.5,381.0,-13.0,350,268
2022-01-14,6515,563874,205948698,380.5,380.5,358.0,364.5,-16.5,679,200
2022-01-17,6515,363162,137159377,366.0,385.5,366.0,384.0,19.5,368,218
2022-01-18,6515,362455,141778250,386.0,396.5,384.5,386.0,2.0,348,215
2022-01-19,6515,208184,79304059,383.5,386.0,375.0,386.0,0.0,248,283
2022-01-20,6515,162933,62816153,385.5,391.5,378.5,390.0,4.0,178,283
2022-01-21,6515,168773,63925511,384.5,384.5,376.0,376.0,-14.0,211,331
2022-01-24,6515,654554,229657429,363.0,366.0,343.0,348.5,-27.5,744,170
2022-01-25,6515,508649,179392010,353.0,358.5,342.0,355.0,6.5,545,207
2022-01-26,6515,301726,110188254,355.0,374.5,351.0,364.0,9.0,338,220
2022-02-07,6515,228590,84529647,378.0,378.0,364.0,374.5,10.5,271,270
2022-02-08,6515,109352,41000791,378.5,379.5,372.0,374.0,-0.5,123,363
2022-02-09,6515,248139,94909974,378.5,386.5,378.5,381.0,7.0,259,279
2022-02-10,6515,124018,47245615,381.0,386.5,377.0,384.0,3.0,133,350
2022-02-11,6515,81218,30956102,382.5,384.5,376.0,380.0,-4.0,86,392
2022-02-14,6515,150816,56213870,371.5,379.5,368.0,379.0,-1.0,164,325
2022-02-15,6515,223210,85852882,379.0,390.0,378.5,378.5,-0.5,260,265
2022-02-16,6515,424861,165539249,387.5,394.5,383.0,392.0,13.5,432,193
2022-02-17,6515,198421,77324008,390.0,394.0,385.0,392.0,0.0,246,306
2022-02-18,6515,477792,189658139,389.0,403.0,388.0,400.5,8.5,498,167
2022-02-21,6515,333321,133474314,402.0,406.0,394.5,398.0,-2.5,388,220
2022-02-22,6515,259335,100460693,396.0,396.0,382.5,384.0,-14.0,274,282
2022-02-23,6515,1157175,478944006,390.5,422.0,388.0,422.0,38.0,1113,87
2022-02-24,6515,1431610,584124136,407.5,421.5,394.0,400.0,-22.0,1480,113
2022-02-25,6515,1766519,669140400,412.5,415.0,361.0,366.0,-34.0,1815,97
2022-03-01,6515,487044,181146696,369.0,377.5,363.0,370.0,4.0,508,207
2022-03-02,6515,448909,161181240,364.5,366.5,352.5,363.0,-7.0,525,212
2022-03-03,6515,1104246,429379717,369.5,398.0,369.5,391.5,28.5,1113,119
2022-03-04,6515,1561992,637759041,384.0,419.5,383.5,408.5,17.0,1649,77
2022-03-07,6515,1047104,399903243,401.5,405.0,370.0,376.5,-32.0,1059,148
2022-03-08,6515,961427,353272762,376.0,383.5,358.5,362.5,-14.0,1002,165
2022-03-09,6515,310338,115039734,367.5,378.5,366.0,366.0,3.5,351,226
2022-03-10,6515,919313,357256636,379.0,397.5,377.0,383.5,17.5,894,142
2022-03-11,6515,1192846,474264166,388.0,405.0,382.5,393.5,10.0,1236,98
2022-03-14,6515,695563,280732179,400.0,414.0,396.0,399.0,5.5,795,138
2022-03-15,6515,468926,180827333,400.0,401.0,378.0,378.0,-21.0,538,197
2022-03-16,6515,588035,230755702,395.0,401.0,381.5,395.0,17.0,587,174
2022-03-17,6515,2576342,1100379439,413.0,434.5,410.5,433.0,38.0,2409,65
2022-03-18,6515,2043422,906640061,431.0,453.5,427.0,443.5,10.5,2130,80
2022-03-21,6515,1222330,551219154,451.0,456.5,444.0,451.5,8.0,1268,93
2022-03-22,6515,920771,416678567,460.0,460.0,446.0,452.5,1.0,884,107
2022-03-23,6515,1118461,512078831,457.5,466.5,449.5,463.0,10.5,1037,113
2022-03-24,6515,828166,379568327,453.5,479.0,446.0,479.0,16.0,856,128
2022-03-25,6515,1195749,536274992,462.0,463.5,437.0,438.0,-41.0,1301,104
2022-03-28,6515,550814,244935268,438.0,453.0,430.0,442.0,4.0,545,163
2022-03-29,6515,651380,295588650,452.5,459.5,447.0,456.0,14.0,680,135
2022-03-30,6515,677886,313677205,457.5,470.0,457.0,463.0,7.0,762,152
2022-03-31,6515,494536,223131109,464.5,464.5,444.5,445.0,-18.0,535,176
2022-04-01,6515,369786,162319585,444.0,446.0,431.0,437.5,-7.5,414,188
2022-04-06,6515,881495,366444366,431.5,431.5,405.0,422.5,-15.0,891,131
2022-04-07,6515,750016,308961867,419.5,425.0,403.0,403.0,-19.5,794,172
2022-04-08,6515,361502,146981122,409.0,415.0,401.0,403.0,0.0,388,218
2022-04-11,6515,528983,205774423,396.0,397.0,382.5,385.5,-17.5,579,210
2022-04-12,6515,329879,126605789,385.5,394.0,376.0,382.5,-3.0,370,237
2022-04-13,6515,289914,111258480,387.0,391.0,380.5,382.0,-0.5,331,235
2022-04-14,6515,367207,139004141,390.0,390.0,373.0,373.5,-8.5,465,219
2022-04-15,6515,331522,121142153,370.0,375.0,362.5,365.0,-8.5,468,246
2022-04-18,6515,304103,111872874,367.0,375.0,360.5,365.5,0.5,303,247
2022-04-19,6515,354143,130012499,373.0,375.0,362.5,365.0,-0.5,386,218
2022-04-20,6515,427272,156531358,369.0,372.0,359.0,372.0,7.0,434,227
2022-04-21,6515,657404,249229622,378.0,387.0,367.0,382.5,10.5,644,172
2022-04-22,6515,518785,193063326,376.0,382.0,365.0,365.0,-17.5,548,202
2022-04-25,6515,393023,137063366,356.0,357.0,341.0,351.5,-13.5,459,251
2022-04-26,6515,179108,63095133,356.0,357.0,347.0,351.0,-0.5,197,305
2022-04-27,6515,509045,171178391,333.0,347.0,329.0,347.0,-4.0,553,207
2022-04-28,6515,261216,89846948,347.0,349.0,337.0,346.0,-1.0,255,246
2022-04-29,6515,268023,95005148,352.0,362.0,348.0,349.5,3.5,265,231
2022-05-03,6515,124562,43335719,349.5,352.5,345.0,348.5,-1.0,147,315
2022-05-04,6515,86470,30233918,353.0,353.0,346.0,352.0,3.5,93,349
2022-05-05,6515,265113,96185425,359.5,369.0,356.0,361.0,9.0,283,227
2022-05-06,6515,175762,60787187,350.0,350.0,344.0,344.5,-16.5,219,284
2022-05-09,6515,206268,68842975,343.0,343.0,330.5,332.0,-12.5,241,307
2022-05-10,6515,187440,61682575,327.0,338.0,319.5,332.5,0.5,177,302
2022-05-11,6515,173361,57027826,325.0,336.5,325.0,326.0,-6.5,186,296
2022-05-12,6515,258418,86172960,321.5,338.0,321.5,334.0,8.0,244,279
2022-05-13,6515,888782,319287601,343.0,364.5,343.0,355.5,21.5,731,120
2022-05-16,6515,1253080,465436716,369.0,378.0,365.0,370.5,15.0,1026,98
2022-05-17,6515,325922,121390862,375.0,376.5,368.0,370.5,0.0,326,194
2022-05-18,6515,283017,103952471,375.0,376.0,361.5,362.0,-8.5,317,226
2022-05-19,6515,216364,77782293,355.0,366.0,350.0,360.5,-1.5,251,252
2022-05-20,6515,513508,192340890,362.5,381.5,360.0,380.5,20.0,535,163
2022-05-23,6515,443819,165558088,382.0,385.0,363.0,363.0,-17.5,505,167
2022-05-24,6515,221203,79175121,368.5,368.5,351.0,351.0,-12.0,284,244
2022-05-25,6515,148381,52627347,351.5,360.0,350.0,356.0,5.0,157,277
2022-05-26,6515,125519,44181911,359.0,359.0,347.0,347.0,-9.0,152,301
2022-05-27,6515,153088,54635365,353.5,360.0,352.0,357.0,10.0,136,271
2022-05-30,6515,364215,135242723,365.0,377.0,365.0,373.0,16.0,337,211
2022-05-31,6515,1008807,396013917,376.0,402.5,374.5,396.0,23.0,1079,138
2022-06-01,6515,712071,285422784,396.0,407.0,392.5,401.0,5.0,736,143
2022-06-02,6515,722108,297626272,401.0,418.0,400.5,409.5,8.5,780,120
2022-06-06,6515,263458,106548045,414.0,414.0,400.0,405.0,-4.5,286,208
2022-06-07,6515,337108,138560499,407.0,416.0,404.0,412.0,7.0,343,184
2022-06-08,6515,318880,131882896,412.5,419.5,408.0,414.5,2.5,348,202
2022-06-09,6515,1731318,758907621,414.5,455.5,414.0,450.0,35.5,1698,55
2022-06-10,6515,1602176,716580460,445.0,460.0,438.0,446.0,-4.0,1640,51
2022-06-13,6515,607154,255253216,426.0,436.0,412.5,414.0,-32.0,929,154
2022-06-14,6515,999076,422074628,421.0,436.5,409.0,426.5,12.5,956,96
2022-06-15,6515,1744460,788101498,435.0,465.0,435.0,442.0,15.5,1798,62
2022-06-16,6515,1066743,465385980,448.0,455.0,420.0,423.0,-19.0,1287,110
2022-06-17,6515,960327,395876051,419.0,424.0,401.0,404.5,-18.5,1592,142
2022-06-20,6515,1056718,414168652,409.5,409.5,378.0,378.0,-26.5,1526,120
2022-06-21,6515,596284,230942471,380.5,394.5,375.5,393.0,15.0,742,157
2022-06-22,6515,593560,224255760,391.0,395.5,370.0,371.5,-21.5,603,174
2022-06-23,6515,358722,134623979,372.0,384.5,365.5,376.0,4.5,354,219
2022-06-24,6515,303013,115270984,384.0,385.5,375.0,376.0,0.0,300,223
2022-06-27,6515,580184,229552208,385.0,401.0,385.0,396.0,20.0,561,151
2022-06-28,6515,302937,116478690,393.0,393.0,379.5,381.0,-15.0,307,204
2022-06-29,6515,182811,68845410,380.5,380.5,372.0,377.0,-4.0,224,254
2022-06-30,6515,337708,123910303,378.0,378.0,361.0,363.0,-14.0,345,224
2022-07-01,6515,449626,156617668,355.0,361.0,334.5,334.5,0.0,497,217
2022-07-04,6515,371207,128791412,340.0,357.0,335.0,350.0,15.5,398,205
2022-07-05,6515,601422,219386690,362.0,376.0,353.0,372.0,22.0,587,158
2022-07-06,6515,840085,294273217,372.0,372.5,337.5,343.0,-29.0,810,127
2022-07-07,6515,1012810,350702357,354.5,361.5,335.0,341.5,-1.5,999,119
2022-07-08,6515,699523,243387777,348.0,360.0,338.5,340.0,-1.5,710,160
2022-07-11,6515,639672,219395696,348.0,357.0,336.5,340.5,0.5,585,130
2022-07-12,6515,833346,266505446,338.5,338.5,309.0,311.5,-29.0,837,131
2022-07-13,6515,399625,127037882,324.0,325.5,310.0,311.0,-0.5,389,202
2022-07-14,6515,360529,113526588,320.0,321.5,306.5,320.0,9.0,360,211
2022-07-15,6515,591974,194687936,320.0,339.0,311.0,338.0,18.0,586,170
2022-07-18,6515,694614,242667253,345.0,355.5,343.0,352.5,14.5,700,165
2022-07-19,6515,361152,127342642,352.5,357.5,347.5,354.5,2.0,343,207
2022-07-20,6515,664079,244374925,365.5,374.5,361.5,365.0,10.5,636,175
2022-07-21,6515,449653,168524594,375.0,380.0,368.0,380.0,15.0,441,193
2022-07-22,6515,486879,185817709,383.5,389.0,373.5,378.0,-2.0,503,189
2022-07-25,6515,335782,127831682,377.0,388.0,367.5,386.0,8.0,360,183
2022-07-26,6515,252279,95163656,378.5,382.5,374.0,378.0,-8.0,277,224
2022-07-27,6515,497308,190190371,381.5,388.0,372.0,388.0,10.0,538,151
2022-07-28,6515,728227,287571209,390.0,402.5,386.0,389.0,1.0,777,123
2022-07-29,6515,358231,140571876,398.5,399.0,387.0,387.0,-2.0,409,208
2022-08-01,6515,169619,65734326,387.0,393.0,378.0,389.0,2.0,188,259
2022-08-02,6515,334508,128765911,383.0,390.0,381.0,387.5,-1.5,362,218
2022-08-03,6515,236847,92352417,383.5,395.0,383.5,390.5,3.0,255,242
2022-08-04,6515,421362,164480703,393.5,396.5,382.0,390.0,-0.5,434,179
2022-08-05,6515,553266,222104290,396.0,407.0,395.0,403.0,13.0,606,144
2022-08-08,6515,527690,210947993,405.0,408.0,391.0,394.0,-9.0,584,146
2022-08-09,6515,445746,173093528,393.0,398.0,383.0,387.5,-6.5,474,168
2022-08-10,6515,240668,91603738,385.0,385.0,377.5,378.5,-9.0,299,233
2022-08-11,6515,240864,91730428,384.5,389.5,374.0,374.0,-4.5,287,256
2022-08-12,6515,233845,87872539,377.5,381.5,371.0,373.5,-0.5,244,258
2022-08-15,6515,295160,113022906,379.5,387.0,378.0,384.0,10.5,299,236
2022-08-16,6515,587091,228171435,389.0,399.0,378.0,378.0,-6.0,610,155
2022-08-17,6515,268663,100677744,380.0,380.0,372.5,374.5,-3.5,372,249
2022-08-18,6515,225886,85184087,372.0,384.5,370.0,384.5,10.0,235,258
2022-08-19,6515,1351881,538442842,392.0,403.0,389.5,400.0,15.5,1343,86
2022-08-22,6515,934698,374891367,407.0,414.0,387.0,387.0,-13.0,1140,100
2022-08-23,6515,936428,370540354,380.5,406.0,376.0,406.0,19.0,996,93
2022-08-24,6515,1552124,640259470,409.0,424.5,403.0,409.5,3.5,1565,66
2022-08-25,6515,1570152,634979355,415.0,421.0,390.0,390.0,-19.5,1684,69
2022-08-26,6515,1059925,408204174,393.0,395.5,380.0,380.5,-9.5,1121,102
2022-08-29,6515,479643,178167801,369.0,377.0,366.5,376.0,-4.5,538,174
2022-08-30,6515,645073,250142598,378.0,394.5,378.0,393.5,17.5,635,130
2022-08-31,6515,1047643,421410704,392.0,410.5,391.5,403.0,9.5,1100,103
2022-09-01,6515,659718,258090883,392.0,400.0,384.5,385.5,-17.5,797,149
2022-09-02,6515,1166228,471855168,390.0,413.5,387.0,409.0,23.5,1183,81
2022-09-05,6515,1360046,543636092,417.0,421.0,386.0,387.5,-21.5,1531,72
2022-09-06,6515,498348,193965359,393.5,395.0,384.0,388.0,0.5,486,172
2022-09-07,6515,910471,356738063,390.0,402.0,378.0,397.0,9.0,864,102
2022-09-08,6515,683128,272711415,400.5,408.5,392.0,395.0,-2.0,750,130
2022-09-12,6515,875285,352050326,403.5,409.5,393.0,401.0,6.0,881,111
2022-09-13,6515,732688,296847707,399.5,410.0,397.0,407.0,6.0,789,129
2022-09-14,6515,435234,174611434,397.0,407.5,394.0,407.0,0.0,1006,170
2022-09-15,6515,1399555,574926364,408.5,420.0,399.5,401.0,-6.0,1314,74
2022-09-16,6515,628567,248274626,399.0,402.0,389.0,389.0,-12.0,836,170
2022-09-19,6515,186461,72949414,391.0,397.0,386.0,390.5,1.5,216,252
2022-09-20,6515,184744,72928205,394.0,398.5,392.0,395.0,4.5,193,244
2022-09-21,6515,122498,48167229,395.5,396.0,390.5,394.5,-0.5,155,300
2022-09-22,6515,230865,91063719,392.0,399.5,387.0,399.5,5.0,255,229
2022-09-23,6515,288818,113795706,398.0,402.0,390.0,390.0,-9.5,334,210
2022-09-26,6515,408235,154773062,386.0,389.0,373.0,375.5,-14.5,470,205
2022-09-27,6515,310428,117759228,377.5,386.5,371.5,385.5,10.0,313,211
2022-09-28,6515,506281,188208985,387.0,391.0,361.0,361.0,-24.5,599,180
2022-09-29,6515,225950,83906874,366.5,377.0,365.0,367.5,6.5,236,244
2022-09-30,6515,191371,70344224,362.0,376.0,357.5,375.0,7.5,203,251
2022-10-03,6515,195556,73927668,373.0,382.5,369.0,381.0,6.0,225,226
2022-10-04,6515,307871,118558231,388.0,392.0,381.5,386.0,5.0,326,196
2022-10-05,6515,372893,144848746,388.0,392.0,385.0,390.0,4.0,383,197
2022-10-06,6515,770903,307409067,390.5,404.0,389.0,401.0,11.0,807,101
2022-10-07,6515,887591,350974371,402.0,406.0,389.0,389.0,-12.0,842,78
2022-10-11,6515,681833,251746708,378.5,378.5,364.0,365.0,-24.0,886,136
2022-10-12,6515,498781,183814189,370.0,375.5,358.5,374.5,9.5,447,147
2022-10-13,6515,368616,134728795,370.5,376.0,357.0,359.0,-15.5,429,208
2022-10-14,6515,313131,114640535,371.0,371.0,361.5,363.0,4.0,324,200
2022-10-17,6515,497910,175158378,352.0,363.0,345.0,363.0,0.0,491,160
2022-10-18,6515,252798,91669106,366.0,368.5,356.0,357.0,-6.0,270,216
2022-10-19,6515,196608,69777390,356.0,362.0,348.0,350.0,-7.0,219,243
2022-10-20,6515,421184,144287256,348.0,348.0,340.0,342.5,-7.5,373,210
2022-10-21,6515,682393,224823956,342.5,342.5,319.0,319.0,-23.5,714,118
2022-10-24,6515,449262,145927842,331.0,335.0,319.0,320.5,1.5,439,158
2022-10-25,6515,490084,152904387,323.0,323.0,308.0,310.5,-10.0,510,159
2022-10-26,6515,347075,107382699,313.0,313.5,306.0,307.5,-3.0,643,183
2022-10-27,6515,270612,84889810,308.5,319.0,308.5,318.0,10.5,273,208
2022-10-28,6515,445042,136423190,317.0,317.0,300.0,303.5,-14.5,473,163
2022-10-31,6515,243873,74890129,310.0,310.5,304.5,307.5,4.0,277,210
2022-11-01,6515,138685,42836662,306.5,311.0,306.5,309.5,2.0,144,266
2022-11-02,6515,339168,106937714,312.5,320.0,308.0,319.0,9.5,356,194
2022-11-03,6515,426140,134571752,314.5,323.0,311.5,315.5,-3.5,439,171
2022-11-04,6515,312183,98137190,313.0,318.0,312.0,315.5,0.0,321,221
2022-11-07,6515,562216,183043062,323.0,331.5,320.0,323.5,8.0,692,166
2022-11-08,6515,1068222,351610680,326.0,339.5,316.5,321.0,-2.5,1029,115
2022-11-09,6515,758146,246511327,326.0,330.5,319.5,327.5,6.5,722,148
2022-11-10,6515,365989,119606576,326.0,331.5,322.0,331.5,4.0,351,197
2022-11-11,6515,1049754,358044711,348.5,349.0,334.0,335.5,4.0,949,141
2022-11-14,6515,556822,190151415,337.0,346.0,337.0,343.0,7.5,525,186
2022-11-15,6515,1005586,358721288,352.5,362.5,352.5,355.5,12.5,955,126
2022-11-16,6515,603435,212990485,360.0,361.0,348.0,348.0,-7.5,590,189
2022-11-17,6515,448044,155635863,349.5,353.0,343.0,349.0,1.0,483,191
2022-11-18,6515,652372,231495205,352.0,362.0,348.5,350.0,1.0,658,160
2022-11-21,6515,611416,219630547,352.0,363.0,350.0,359.5,9.5,597,130
2022-11-22,6515,829695,305004449,360.0,371.5,357.5,371.0,11.5,919,115
2022-11-23,6515,628335,237262724,378.0,381.0,372.0,378.0,7.0,697,135
2022-11-24,6515,946586,369046472,383.0,396.5,383.0,389.0,11.0,993,110
2022-11-25,6515,3211792,1350662364,394.5,427.5,392.5,426.0,37.0,2835,37
2022-11-28,6515,1238325,529523007,426.0,432.5,421.0,430.0,4.0,1125,79
2022-11-29,6515,1514714,657337381,429.5,445.0,423.5,437.5,7.5,1555,72
2022-11-30,6515,1445020,645386608,434.5,455.0,434.5,440.5,3.0,1483,102
2022-12-01,6515,1184379,537617620,452.0,460.0,448.5,449.5,9.0,1097,111
2022-12-02,6515,1292203,604046823,446.5,478.5,446.5,475.0,25.5,1398,82
2022-12-05,6515,1166247,566170341,483.5,500.0,475.5,481.0,6.0,1850,96
2022-12-06,6515,678920,328781880,477.5,490.5,477.5,485.0,4.0,751,142
2022-12-07,6515,1320844,636079713,499.5,500.0,467.5,470.5,-14.5,1921,89
2022-12-08,6515,1304686,631690958,474.0,492.5,472.0,486.5,16.0,1287,61
2022-12-09,6515,1265803,601732810,495.0,495.0,458.5,469.5,-17.0,2314,67
2022-12-12,6515,601994,287063392,475.0,482.0,470.5,473.0,3.5,646,117
2022-12-13,6515,785337,363672725,480.0,481.0,455.0,455.0,-18.0,2251,117
2022-12-14,6515,820888,374805734,458.0,464.0,447.0,449.5,-5.5,1289,103
2022-12-15,6515,487465,218516503,451.0,456.0,441.5,443.0,-6.5,792,162
2022-12-16,6515,578816,250860140,436.0,439.5,428.0,431.0,-12.0,1069,171
2022-12-19,6515,470671,202425686,440.0,440.0,425.5,426.5,-4.5,548,157
2022-12-20,6515,657084,275245178,429.0,432.0,408.0,408.0,-18.5,1214,156
2022-12-21,6515,476844,197405967,413.0,418.0,410.0,412.0,4.0,714,155
2022-12-22,6515,389449,161502277,419.0,421.0,410.0,410.0,-2.0,393,175
2022-12-23,6515,559111,223721704,402.0,410.0,394.0,404.0,-6.0,627,116
2022-12-26,6515,361215,148009962,412.0,415.0,403.0,412.5,8.5,389,125
2022-12-27,6515,544955,227489394,416.5,425.0,413.0,414.5,2.0,561,103
2022-12-28,6515,436135,175292337,411.5,411.5,396.0,398.5,-16.0,482,147
2022-12-29,6515,202765,80427442,395.0,402.5,391.0,400.0,1.5,275,220
2022-12-30,6515,587455,240614743,407.0,418.0,399.5,418.0,18.0,617,105
2023-01-03,6515,1041902,432912116,421.0,428.0,408.0,410.0,-8.0,1077,68
2023-01-04,6515,390101,160940847,415.0,417.5,408.0,412.0,2.0,400,149
2023-01-05,6515,517413,214948727,418.5,424.0,408.5,409.5,-2.5,548,137
2023-01-06,6515,254169,105326204,413.5,419.5,411.0,414.5,5.0,304,188
2023-01-09,6515,767333,319215748,418.0,422.0,406.0,419.5,5.0,807,126
2023-01-10,6515,987728,424268102,420.5,439.0,420.5,423.0,3.5,1254,88
2023-01-11,6515,423760,180408902,428.0,430.0,419.0,427.5,4.5,581,149
2023-01-12,6515,1114628,487872217,434.0,445.0,430.0,436.0,8.5,1316,66
2023-01-13,6515,611598,262923252,440.5,441.5,421.5,422.0,-14.0,827,110
2023-01-16,6515,202232,85922753,426.5,428.0,419.5,425.5,3.5,257,186
2023-01-17,6515,431555,185585727,429.0,434.5,422.0,431.0,5.5,491,134
2023-01-30,6515,1204978,555248131,452.0,470.0,443.5,461.5,30.5,1343,112
2023-01-31,6515,352468,160744443,459.5,461.5,452.0,454.5,-7.0,520,222
2023-02-01,6515,466808,211949578,457.0,464.0,447.0,452.0,-2.5,504,179
2023-02-02,6515,534493,245101754,456.0,464.0,453.5,460.5,8.5,569,174
2023-02-03,6515,606408,279610479,473.0,473.0,455.0,459.0,-1.5,675,140
2023-02-06,6515,414054,185369263,458.0,458.0,442.0,443.0,-16.0,555,172
2023-02-07,6515,1480057,702942453,450.0,486.0,448.5,478.5,35.5,1674,51
2023-02-08,6515,2330428,1192631980,488.0,526.0,487.5,526.0,47.5,2541,42
2023-02-09,6515,2094105,1131463328,536.0,551.0,529.0,539.0,13.0,4588,42
2023-02-10,6515,1464012,787454676,537.0,555.0,524.0,535.0,-4.0,2220,57
2023-02-13,6515,553779,295366093,537.0,541.0,526.0,529.0,-6.0,1044,117
2023-02-14,6515,1580722,841610272,538.0,549.0,517.0,525.0,-4.0,2785,48
2023-02-15,6515,1529875,816010605,531.0,549.0,518.0,527.0,2.0,1672,56
2023-02-16,6515,1600566,868837876,531.0,552.0,529.0,548.0,21.0,1769,54
2023-02-17,6515,1121836,610697112,548.0,556.0,536.0,539.0,-9.0,1980,75
2023-02-20,6515,600733,326307191,544.0,550.0,535.0,550.0,11.0,678,121
2023-02-21,6515,1592013,893120917,550.0,574.0,543.0,568.0,18.0,1842,62
2023-02-22,6515,1669447,884185715,558.0,564.0,514.0,517.0,-51.0,2252,56
2023-02-23,6515,1836391,1009149249,535.0,568.0,522.0,568.0,51.0,1978,55
2023-02-24,6515,3770006,2261139664,580.0,615.0,580.0,598.0,30.0,5000,31
2023-03-01,6515,3314357,2053405492,610.0,638.0,605.0,607.0,9.0,4177,22
2023-03-02,6515,2083587,1275013698,614.0,630.0,594.0,602.0,-5.0,2233,45
2023-03-03,6515,1625949,1003671164,615.0,626.0,604.0,612.0,10.0,1740,48
2023-03-06,6515,2098409,1332482581,625.0,654.0,610.0,639.0,27.0,2244,40
2023-03-07,6515,2226100,1348959494,623.0,625.0,592.0,603.0,-36.0,2675,38
2023-03-08,6515,1103076,670903166,601.0,615.0,601.0,608.0,5.0,1309,88
2023-03-09,6515,1241315,770729846,615.0,627.0,609.0,622.0,14.0,1438,68
2023-03-10,6515,748222,456034481,611.0,621.0,602.0,606.0,-16.0,1621,123
2023-03-13,6515,1001888,592558101,600.0,604.0,584.0,589.0,-17.0,3400,85
2023-03-14,6515,636300,369548576,583.0,589.0,575.0,575.0,-14.0,917,124
2023-03-15,6515,695263,409527335,590.0,597.0,580.0,582.0,7.0,869,112
2023-03-16,6515,608550,349952734,577.0,588.0,568.0,572.0,-10.0,869,133
2023-03-17,6515,1751995,1063711822,586.0,622.0,586.0,616.0,44.0,2233,55
2023-03-20,6515,2353480,1513888746,631.0,653.0,625.0,651.0,35.0,3164,29
2023-03-21,6515,2626908,1769741163,664.0,688.0,652.0,684.0,33.0,3193,24
2023-03-22,6515,2607361,1820850831,698.0,715.0,680.0,689.0,5.0,3055,28
2023-03-23,6515,1684225,1181141468,696.0,710.0,690.0,710.0,21.0,1922,37
2023-03-24,6515,3453723,2611672826,731.0,780.0,731.0,746.0,36.0,5289,18
2023-03-27,6515,1341712,1006603176,752.0,761.0,741.0,751.0,5.0,1632,48
2023-03-28,6515,1378421,1014653656,755.0,756.0,716.0,743.0,-8.0,1708,49
2023-03-29,6515,770466,567951106,750.0,750.0,721.0,734.0,-9.0,1123,76
2023-03-30,6515,903428,667640383,745.0,751.0,728.0,729.0,-5.0,1282,58
2023-03-31,6515,738111,534906906,736.0,736.0,717.0,719.0,-10.0,973,76
2023-04-06,6515,705350,504064742,716.0,727.0,697.0,723.0,4.0,978,94
2023-04-07,6515,2282308,1580192058,683.0,719.0,663.0,713.0,-10.0,2846,26
2023-04-10,6515,1596170,1184393708,720.0,761.0,720.0,735.0,22.0,2134,35
2023-04-11,6515,1806457,1371631032,735.0,768.0,735.0,768.0,33.0,2171,36
2023-04-12,6515,1906670,1482160740,776.0,796.0,748.0,754.0,-14.0,3240,41
2023-04-13,6515,2157874,1560617387,762.0,764.0,702.0,710.0,-44.0,3681,40
2023-04-14,6515,1057466,758019166,717.0,725.0,709.0,714.0,4.0,1311,75
2023-04-17,6515,1242074,916932765,744.0,752.0,720.0,723.0,9.0,1602,59
2023-04-18,6515,724665,530830635,730.0,744.0,723.0,724.0,1.0,905,100
2023-04-19,6515,430115,314552215,730.0,739.0,726.0,728.0,4.0,648,165
2023-04-20,6515,542945,392590593,731.0,734.0,711.0,714.0,-14.0,762,128
2023-04-21,6515,673319,479821336,723.0,727.0,701.0,705.0,-9.0,897,111
2023-04-24,6515,537189,375573741,691.0,708.0,690.0,701.0,-4.0,743,103
2023-04-25,6515,944729,640099555,708.0,709.0,664.0,673.0,-28.0,1482,85
2023-04-26,6515,1145632,759392564,670.0,681.0,638.0,681.0,8.0,1425,64
2023-04-27,6515,1029997,725637004,679.0,723.0,673.0,712.0,31.0,1355,69
2023-04-28,6515,1164670,841058450,725.0,737.0,704.0,713.0,1.0,1500,63
2023-05-02,6515,466553,338545399,720.0,733.0,714.0,723.0,10.0,651,125
2023-05-03,6515,276184,197093753,720.0,720.0,709.0,715.0,-8.0,480,169
2023-05-04,6515,218333,155607942,710.0,720.0,707.0,710.0,-5.0,372,212
2023-05-05,6515,2026720,1375335864,719.0,721.0,659.0,659.0,-51.0,3085,25
2023-05-08,6515,1057636,694771473,665.0,670.0,647.0,656.0,-3.0,1374,66
2023-05-09,6515,1444685,930873568,647.0,660.0,634.0,637.0,-19.0,1820,45
2023-05-10,6515,1068316,669941505,638.0,638.0,621.0,631.0,-6.0,1390,58
2023-05-11,6515,1030077,662977727,636.0,654.0,628.0,643.0,12.0,1262,72
2023-05-12,6515,1750809,1181847343,638.0,700.0,638.0,688.0,45.0,2188,40
2023-05-15,6515,1145817,774726830,688.0,695.0,661.0,661.0,-27.0,1952,53
2023-05-16,6515,673133,448150819,671.0,674.0,658.0,662.0,1.0,794,96
2023-05-17,6515,1295727,892261617,668.0,697.0,667.0,692.0,30.0,1562,67
2023-05-18,6515,1468022,1033172525,703.0,720.0,692.0,698.0,6.0,1729,62
2023-05-19,6515,1140002,814437273,706.0,723.0,703.0,720.0,22.0,1544,79
2023-05-22,6515,1081109,755898837,728.0,729.0,687.0,687.0,-33.0,1595,67
2023-05-23,6515,711339,494354694,692.0,707.0,683.0,691.0,4.0,872,100
2023-05-24,6515,417758,286408372,688.0,693.0,675.0,693.0,2.0,614,148
2023-05-25,6515,2789360,2067799009,717.0,762.0,710.0,762.0,69.0,3235,37
2023-05-26,6515,2294535,1885595051,803.0,838.0,801.0,838.0,76.0,3220,37
2023-05-29,6515,3228221,2732796688,860.0,868.0,824.0,830.0,-8.0,3851,25
2023-05-30,6515,1858227,1499615442,835.0,840.0,786.0,809.0,-21.0,2678,45
2023-05-31,6515,2074132,1662837682,809.0,829.0,783.0,796.0,-13.0,2406,59
2023-06-01,6515,1170430,938237623,790.0,816.0,783.0,807.0,11.0,1472,68
2023-06-02,6515,1816395,1495194877,825.0,844.0,799.0,799.0,-8.0,2478,51
2023-06-05,6515,1100061,889727469,820.0,824.0,790.0,816.0,17.0,1722,76
2023-06-06,6515,1375908,1124576525,817.0,828.0,798.0,828.0,12.0,1480,56
2023-06-07,6515,2607364,2203296284,849.0,858.0,826.0,846.0,18.0,2981,29
2023-06-08,6515,1213974,996153756,843.0,845.0,799.0,802.0,-44.0,3007,66
2023-06-09,6515,994547,826693319,820.0,842.0,815.0,835.0,33.0,1742,81
2023-06-12,6515,1919484,1625593686,846.0,876.0,825.0,830.0,-5.0,2366,37
2023-06-13,6515,1632278,1384036582,840.0,866.0,835.0,835.0,5.0,2540,48
2023-06-14,6515,1798734,1455237076,839.0,839.0,801.0,803.0,-32.0,2915,43
2023-06-15,6515,3237610,2668087167,815.0,852.0,802.0,804.0,1.0,4074,29
2023-06-16,6515,1604340,1273098123,806.0,812.0,781.0,785.0,-19.0,3262,77
2023-06-19,6515,1192389,949715572,785.0,808.0,770.0,796.0,11.0,1493,79
2023-06-20,6515,1064693,834107221,799.0,805.0,772.0,775.0,-21.0,2011,79
