date,stock_id,Trading_Volume,Trading_money,open,max,min,close,spread,Trading_turnover,Trading_money_rank
2017-10-26,6541,9464147,848238585,83.0,101.5,81.0,96.9,0.0,5810,21
2017-10-27,6541,4077907,374983913,94.6,94.6,89.9,90.1,-6.8,2910,74
2017-10-30,6541,1891649,164911792,89.1,90.0,84.6,84.6,-5.5,1365,124
2017-10-31,6541,1098780,95610848,85.1,88.4,85.0,87.3,2.7,803,182
2017-11-01,6541,842600,72866400,87.0,88.7,85.5,85.7,-1.6,632,207
2017-11-02,6541,569200,48797198,85.0,86.9,84.3,85.1,-0.6,452,276
2017-11-03,6541,471351,40072391,85.9,86.4,84.3,84.3,-0.8,376,277
2017-11-06,6541,596631,49937186,85.0,85.4,83.0,83.4,-0.9,390,247
2017-11-07,6541,738000,60554300,83.1,83.2,81.4,81.7,-1.7,512,242
2017-11-08,6541,892460,76832941,81.7,88.0,81.7,86.8,5.1,725,227
2017-11-09,6541,498455,42899185,87.7,87.8,85.1,85.3,-1.5,393,333
2017-11-10,6541,276020,23322501,85.0,85.3,84.0,84.5,-0.8,230,356
2017-11-13,6541,285001,24228486,83.9,86.1,83.9,84.5,0.0,233,392
2017-11-14,6541,315101,26447935,84.8,85.2,83.2,83.3,-1.2,228,373
2017-11-15,6541,180100,15113849,83.3,84.5,83.2,84.0,0.7,146,429
2017-11-16,6541,365362,30344352,84.0,84.6,82.3,82.4,-1.6,279,309
2017-11-17,6541,311238,25645854,82.8,83.9,82.0,82.4,0.0,204,340
2017-11-20,6541,719467,61474395,83.0,87.0,83.0,85.2,2.8,619,234
2017-11-21,6541,916366,80312103,85.3,89.7,85.3,87.3,2.1,692,226
2017-11-22,6541,592990,51801140,88.5,88.9,85.7,85.8,-1.5,464,295
2017-11-23,6541,228220,19612510,86.8,86.8,85.5,85.5,-0.3,195,394
2017-11-24,6541,251170,21332550,86.7,86.8,84.5,84.5,-1.0,214,376
2017-11-27,6541,258330,21609255,84.8,84.8,83.1,83.2,-1.3,220,372
2017-11-28,6541,196100,16344200,83.0,84.5,82.9,83.2,0.0,157,400
2017-11-29,6541,154235,12841322,83.9,84.2,83.0,83.0,-0.2,127,460
2017-11-30,6541,225999,18759916,83.0,84.1,82.5,84.1,1.1,190,439
2017-12-01,6541,205932,16949015,84.0,84.0,81.7,82.1,-2.0,189,431
2017-12-04,6541,276100,22390500,81.6,82.0,80.4,80.4,-1.7,199,364
2017-12-05,6541,424524,33690072,80.4,81.7,78.0,78.4,-2.0,348,332
2017-12-06,6541,479890,36649358,78.2,78.4,75.2,75.3,-3.1,351,318
2017-12-07,6541,124500,9426200,76.0,76.5,75.3,75.3,0.0,122,472
2017-12-08,6541,195290,14745420,76.0,76.0,75.2,76.0,0.7,147,397
2017-12-11,6541,131000,9946000,76.1,76.5,75.6,75.7,-0.3,108,467
2017-12-12,6541,279400,21678940,75.7,79.0,75.3,77.6,1.9,248,350
2017-12-13,6541,286300,21821490,77.6,77.6,75.8,76.1,-1.5,229,343
2017-12-14,6541,216500,16460600,76.1,76.9,75.6,75.7,-0.4,173,396
2017-12-15,6541,117000,8812700,75.7,76.4,75.0,75.2,-0.5,78,472
2017-12-18,6541,137150,10392600,75.8,76.9,75.0,75.1,-0.1,97,431
2017-12-19,6541,120002,8890948,75.1,75.2,73.5,73.6,-1.5,109,457
2017-12-20,6541,288102,21719500,74.4,76.7,74.0,75.4,1.8,207,334
2017-12-21,6541,330491,25184025,75.5,77.4,75.2,75.2,-0.2,237,324
2017-12-22,6541,90200,6860300,76.1,76.9,75.6,75.9,0.7,84,499
2017-12-25,6541,83000,6288500,76.2,76.4,75.1,75.2,-0.7,66,523
2017-12-26,6541,142243,10763779,75.9,76.4,75.2,75.2,0.0,114,474
2017-12-27,6541,74307,5590710,76.0,76.0,74.8,75.1,-0.1,71,524
2017-12-28,6541,132005,9923079,75.9,76.1,74.5,75.9,0.8,107,462
2017-12-29,6541,72200,5452940,75.6,75.9,75.2,75.7,-0.2,62,578
2018-01-02,6541,57000,4291500,75.1,75.8,75.0,75.1,-0.6,49,624
2018-01-03,6541,109000,8202800,75.9,76.0,75.0,75.2,0.1,74,551
2018-01-04,6541,190250,14241125,75.5,75.5,74.4,74.5,-0.7,116,473
2018-01-05,6541,152100,11255250,74.5,74.7,73.5,73.6,-0.9,122,510
2018-01-08,6541,301000,22022400,73.6,75.2,72.2,75.0,1.4,229,449
2018-01-09,6541,249100,18879100,75.6,76.3,75.0,76.0,1.0,186,427
2018-01-10,6541,326245,25069142,75.6,77.6,75.6,76.8,0.8,236,396
2018-01-11,6541,102201,7768555,76.2,76.6,75.6,76.1,-0.7,83,553
2018-01-12,6541,100200,7623719,75.7,76.5,75.7,76.3,0.2,97,533
2018-01-15,6541,675320,53769140,76.3,82.0,76.3,79.5,3.2,528,262
2018-01-16,6541,438020,34902120,79.6,81.2,78.5,78.7,-0.8,339,329
2018-01-17,6541,279500,21940699,79.6,79.6,77.8,78.1,-0.6,246,411
2018-01-18,6541,469430,37311985,80.0,80.7,78.7,79.0,0.9,323,339
2018-01-19,6541,453253,36805119,79.5,82.4,79.0,81.5,2.5,377,313
2018-01-22,6541,232100,18673889,81.0,81.8,79.7,80.9,-0.6,197,425
2018-01-23,6541,160000,12944000,81.0,81.9,80.4,80.6,-0.3,141,469
2018-01-24,6541,175500,14023599,80.6,80.6,79.2,79.8,-0.8,141,440
2018-01-25,6541,777633,64130255,81.0,84.6,80.5,83.5,3.7,509,237
2018-01-26,6541,1032703,88674110,83.6,87.9,83.0,86.8,3.3,692,191
2018-01-29,6541,1071650,95160200,88.0,90.5,87.1,89.0,2.2,797,186
2018-01-30,6541,626520,54406062,88.9,88.9,85.1,85.6,-3.4,504,249
2018-01-31,6541,504952,43610446,84.9,87.7,84.2,87.0,1.4,358,271
2018-02-01,6541,151480,13111139,86.5,87.3,86.0,86.0,-1.0,131,398
2018-02-02,6541,221500,18936950,86.0,86.1,85.1,85.1,-0.9,170,354
2018-02-05,6541,176400,15109700,83.2,86.9,83.2,86.1,1.0,151,425
2018-02-06,6541,561425,46365150,84.6,85.5,79.9,82.0,-4.1,441,401
2018-02-07,6541,244247,20564049,84.1,85.7,83.0,83.2,1.2,211,408
2018-02-08,6541,141350,11553429,83.1,83.1,80.3,81.1,-2.1,127,429
2018-02-09,6541,165053,13248546,78.5,81.9,78.3,81.9,0.8,134,479
2018-02-12,6541,111200,9208240,83.0,84.0,82.0,82.7,0.8,98,489
2018-02-21,6541,164300,13713268,83.4,84.5,82.5,83.5,0.8,113,436
2018-02-22,6541,178100,15049700,84.5,85.8,83.5,84.3,0.8,140,380
2018-02-23,6541,159350,13339650,84.2,84.6,83.2,83.2,-1.1,119,441
2018-02-26,6541,106578,8968209,83.6,84.6,83.6,84.1,0.9,88,472
2018-02-27,6541,115000,9661800,84.7,84.7,83.7,83.7,-0.4,78,474
2018-03-01,6541,211200,17129900,83.0,83.0,79.1,81.8,-1.9,174,377
2018-03-02,6541,64020,5156528,80.1,81.0,80.1,80.8,-1.0,62,548
2018-03-05,6541,178009,14717047,82.7,83.4,80.5,82.8,2.0,146,409
2018-03-06,6541,422209,35923474,82.8,86.4,82.8,85.5,2.7,342,271
2018-03-07,6541,1181466,104758145,87.2,89.5,87.2,89.5,4.0,787,166
2018-03-08,6541,1821652,167713900,90.5,93.7,90.3,92.8,3.3,1257,122
2018-03-09,6541,840210,76741693,93.1,93.1,89.5,91.1,-1.7,658,197
2018-03-12,6541,449391,41098372,91.0,92.4,90.6,91.1,0.0,360,291
2018-03-13,6541,943508,89498760,92.1,97.0,91.5,94.2,3.1,753,197
2018-03-14,6541,755101,71719785,93.0,96.5,92.9,94.8,0.6,608,203
2018-03-15,6541,2042090,206903060,95.0,104.0,95.0,104.0,9.2,1450,101
2018-03-16,6541,1281950,132301950,102.0,106.5,101.0,101.0,-3.0,924,176
2018-03-19,6541,1316877,142783347,104.5,111.0,102.0,111.0,10.0,1006,141
2018-03-20,6541,1554363,172337793,110.0,115.0,107.0,110.0,-1.0,1161,120
2018-03-21,6541,1986824,204955848,111.0,111.0,99.8,102.0,-8.0,1441,120
2018-03-22,6541,859611,87199100,101.5,103.5,100.0,100.5,-1.5,667,197
2018-03-23,6541,624000,61614200,95.1,101.5,95.1,99.8,-0.7,510,234
2018-03-26,6541,847700,87678550,100.5,106.0,99.0,103.5,3.7,623,178
2018-03-27,6541,610540,61518070,104.0,105.0,99.2,100.0,-3.5,498,231
2018-03-28,6541,353668,35784132,100.0,103.0,99.3,100.5,0.5,308,275
2018-03-29,6541,299700,30523200,102.0,103.5,100.5,102.0,1.5,261,317
2018-03-30,6541,580215,60936430,104.0,109.0,102.0,103.0,1.0,502,217
2018-03-31,6541,384033,39734432,103.5,105.0,101.5,103.0,0.0,328,229
2018-04-02,6541,1148963,124692967,103.0,112.0,103.0,110.0,7.0,897,135
2018-04-03,6541,989670,109307700,108.0,114.0,106.0,109.5,-0.5,764,161
2018-04-09,6541,669402,72943818,112.0,112.0,106.5,108.5,-1.0,501,235
2018-04-10,6541,984075,102902112,109.0,110.5,101.0,102.0,-6.5,695,202
2018-04-11,6541,535020,54421060,103.0,104.5,100.0,103.0,1.0,394,271
2018-04-12,6541,255320,26449300,103.5,105.0,102.5,102.5,-0.5,219,338
2018-04-13,6541,288390,29287585,103.0,103.5,100.5,101.0,-1.5,251,328
2018-04-16,6541,270727,27013142,101.0,101.0,99.1,99.1,-1.9,211,316
2018-04-17,6541,225123,22312078,99.3,100.0,98.5,98.5,-0.6,182,371
2018-04-18,6541,247160,24457980,99.0,100.0,97.6,98.0,-0.5,196,314
2018-04-19,6541,460940,46636440,99.0,102.5,99.0,101.5,3.5,332,260
2018-04-20,6541,258500,26398000,101.5,103.5,100.0,102.0,0.5,219,301
2018-04-23,6541,1819261,200605232,103.5,112.0,103.5,112.0,10.0,1079,108
2018-04-24,6541,1379465,153201916,114.5,114.5,106.0,109.5,-2.5,968,148
2018-04-25,6541,2443844,287742280,108.0,120.0,108.0,120.0,10.5,1704,91
2018-04-26,6541,1850905,213285502,118.5,119.5,110.0,110.5,-9.5,1324,118
2018-04-27,6541,1208762,136882271,112.5,119.5,105.0,116.5,6.0,956,137
2018-04-30,6541,528152,60627980,115.0,117.5,112.5,114.0,-2.5,442,209
2018-05-02,6541,423852,48894405,115.0,117.0,113.0,116.0,2.0,341,240
2018-05-03,6541,1701753,208616241,117.0,126.5,117.0,123.0,7.0,1399,100
2018-05-04,6541,3078735,390101302,126.0,132.5,122.0,122.0,-1.0,2276,65
2018-05-07,6541,979750,120336250,123.0,126.0,120.5,123.0,1.0,786,130
2018-05-08,6541,1295800,154968699,125.0,125.0,116.0,116.0,-7.0,982,132
2018-05-09,6541,917349,103866786,115.0,116.0,111.5,113.0,-3.0,728,177
2018-05-10,6541,632010,72373143,114.5,117.0,111.0,114.5,1.5,545,203
2018-05-11,6541,483600,54633998,114.5,115.5,112.0,112.5,-2.0,359,256
2018-05-14,6541,776369,87375379,113.0,118.5,108.5,114.0,1.5,605,210
2018-05-15,6541,1488433,177827094,118.0,121.5,116.0,118.0,4.0,1265,137
2018-05-16,6541,993310,119329580,118.0,123.0,117.5,118.0,0.0,773,172
2018-05-17,6541,411332,48625176,120.5,120.5,116.0,119.0,1.0,352,250
2018-05-18,6541,388225,46502887,120.0,121.5,118.5,120.5,1.5,331,246
2018-05-21,6541,847850,103920625,122.5,124.0,120.5,123.0,2.5,675,174
2018-05-22,6541,1022300,127947950,123.5,127.5,121.0,121.5,-1.5,825,149
2018-05-23,6541,695476,85497358,122.5,125.0,121.0,121.5,0.0,540,184
2018-05-24,6541,406460,49872348,123.0,124.5,121.5,122.5,1.0,333,235
2018-05-25,6541,807390,95895740,123.0,124.0,114.0,116.0,-6.5,647,176
2018-05-28,6541,623260,70886267,116.0,117.0,112.0,114.0,-2.0,510,209
2018-05-29,6541,329717,37754529,114.0,116.0,113.0,115.0,1.0,298,273
2018-05-30,6541,395000,44477000,115.0,115.0,111.0,112.0,-3.0,332,275
2018-05-31,6541,1191274,133272880,114.0,114.5,111.0,111.5,-0.5,555,192
2018-06-01,6541,767001,85842617,113.5,113.5,110.0,110.0,-1.5,574,222
2018-06-04,6541,618388,68597484,111.0,113.0,109.5,109.5,-0.5,465,248
2018-06-05,6541,280000,31102000,110.5,112.5,110.0,110.0,0.5,230,345
2018-06-06,6541,514278,55230107,110.0,110.0,105.5,105.5,-4.5,428,283
2018-06-07,6541,570110,60842325,106.0,110.0,104.0,106.5,1.0,449,268
2018-06-08,6541,442300,46237350,107.0,107.0,103.0,103.0,-3.5,371,269
2018-06-11,6541,218100,22538300,104.5,104.5,102.0,102.0,-1.0,177,400
2018-06-12,6541,193318,19929594,103.0,104.0,102.5,103.5,1.5,164,425
2018-06-13,6541,328200,33344400,103.5,104.0,100.0,100.0,-3.5,292,326
2018-06-14,6541,326000,32387300,101.5,101.5,98.3,99.0,-1.0,281,327
2018-06-15,6541,257460,25827650,99.0,103.0,97.6,103.0,4.0,205,363
2018-06-19,6541,177000,17797900,102.0,103.5,99.5,99.5,-3.5,157,409
2018-06-20,6541,145120,14558580,99.5,101.5,99.5,99.6,0.1,122,455
2018-06-21,6541,381300,39842100,100.5,107.0,100.0,105.5,5.9,311,271
2018-06-22,6541,223100,23341500,104.5,106.5,103.0,104.5,-1.0,180,335
2018-06-25,6541,311100,31908050,103.5,105.5,99.6,99.8,-4.7,212,303
2018-06-26,6541,259149,25992973,100.5,102.0,99.7,100.0,0.2,190,349
2018-06-27,6541,219250,21896950,101.0,101.0,98.0,99.1,-0.9,176,338
2018-06-28,6541,146000,14610000,99.5,101.5,99.0,99.1,0.0,134,404
2018-06-29,6541,210199,21303498,99.5,103.0,99.5,102.5,3.4,183,334
2018-07-02,6541,215205,21724875,102.0,103.0,100.0,100.0,-2.5,190,337
2018-07-03,6541,125300,12478449,100.0,101.0,99.0,99.0,-1.0,104,447
2018-07-04,6541,478300,45342700,98.0,98.5,93.0,93.0,-6.0,368,228
2018-07-05,6541,210073,19382189,93.8,94.8,90.2,90.2,-2.8,156,349
2018-07-06,6541,155500,14133249,90.5,92.0,90.2,91.0,0.8,126,432
2018-07-09,6541,337000,31907000,91.3,98.0,91.0,95.2,4.2,243,261
2018-07-10,6541,234400,21849960,94.0,94.7,92.2,92.6,0.0,163,316
2018-07-11,6541,57789,5372761,92.0,94.0,92.0,92.6,0.0,59,523
2018-07-12,6541,74000,6927400,93.9,94.0,93.0,93.1,0.5,66,459
2018-07-13,6541,191293,18223628,94.0,97.5,93.5,95.7,2.6,132,351
2018-07-16,6541,113004,10787980,97.0,97.2,94.1,94.1,-1.6,81,424
2018-07-17,6541,90100,8402170,94.1,94.1,92.5,93.0,-1.1,78,453
2018-07-18,6541,161010,15065535,93.0,95.0,92.4,94.3,1.3,124,388
2018-07-19,6541,190000,17527400,93.7,93.9,91.3,91.5,-2.8,142,334
2018-07-20,6541,114100,10434400,91.6,92.6,91.0,91.6,0.1,98,407
2018-07-23,6541,219171,19716329,92.7,92.7,88.9,89.0,-2.6,181,323
2018-07-24,6541,469100,41334939,88.8,90.2,87.5,88.4,-0.6,312,242
2018-07-25,6541,281171,24960904,88.4,89.8,87.8,88.7,0.3,208,295
2018-07-26,6541,1081800,100863400,92.8,96.0,90.4,91.0,2.3,828,164
2018-07-27,6541,527222,47376380,91.3,92.0,89.0,89.5,-1.5,395,247
2018-07-30,6541,234050,20745500,88.2,89.0,88.1,88.6,-0.9,187,343
2018-07-31,6541,154750,13719900,88.1,89.8,88.1,88.5,-0.1,106,380
2018-08-01,6541,253000,22571400,89.0,90.5,88.5,88.5,0.0,181,329
2018-08-02,6541,288384,25487960,89.0,89.2,87.8,87.8,-0.7,189,328
2018-08-03,6541,175453,15508413,88.8,88.9,88.0,88.6,0.8,132,374
2018-08-06,6541,211682,18651942,88.8,88.8,87.9,88.0,-0.6,169,348
2018-08-07,6541,170164,14958363,88.0,88.1,87.6,87.8,-0.2,124,390
2018-08-08,6541,138500,12158900,88.0,88.5,87.5,87.5,-0.3,119,419
2018-08-09,6541,161000,14034500,87.5,87.9,86.8,87.0,-0.5,129,366
2018-08-10,6541,216000,18684800,87.0,87.3,86.1,86.2,-0.8,164,371
2018-08-13,6541,555338,47370668,86.2,86.2,84.7,84.8,-1.4,369,297
2018-08-14,6541,116204,9890658,85.0,85.8,84.8,85.0,0.2,85,456
2018-08-15,6541,401001,34246685,86.4,86.4,84.9,84.9,-0.1,307,296
2018-08-16,6541,342050,28830395,85.5,85.5,83.0,84.4,-0.5,269,311
2018-08-17,6541,420111,35982246,84.4,86.8,84.4,85.1,0.7,319,256
2018-08-20,6541,198000,16767100,85.1,85.3,84.0,84.5,-0.6,137,359
2018-08-21,6541,336157,28625107,85.1,85.6,84.9,85.0,0.5,215,271
2018-08-22,6541,161100,13706050,85.0,85.5,84.9,85.0,0.0,133,367
2018-08-23,6541,165363,14026955,85.0,85.4,84.5,84.6,-0.4,137,371
2018-08-24,6541,1006700,87798357,88.0,88.7,85.6,85.9,1.3,767,162
2018-08-27,6541,412400,34968100,85.9,85.9,84.2,84.7,-1.2,305,254
2018-08-28,6541,288200,24410800,84.7,85.2,84.3,84.4,-0.3,224,303
2018-08-29,6541,501100,41725270,84.5,84.5,82.7,82.7,-1.7,361,243
2018-08-30,6541,179831,15133118,83.5,85.0,83.1,84.5,1.8,156,369
2018-08-31,6541,99100,8331540,84.5,84.6,83.8,84.0,-0.5,75,425
2018-09-03,6541,122700,10240900,84.6,84.6,82.8,83.0,-1.0,107,434
2018-09-04,6541,189001,15592083,83.3,83.9,81.7,82.1,-0.9,159,330
2018-09-05,6541,2624476,208195732,77.0,81.8,77.0,81.0,-1.1,1336,101
2018-09-06,6541,597033,47455873,80.5,81.0,78.5,79.1,-1.9,441,224
2018-09-07,6541,593402,46419979,78.5,79.4,77.2,77.4,-1.7,414,259
2018-09-10,6541,767209,57240479,77.1,77.1,72.9,73.5,-3.9,557,240
2018-09-11,6541,378536,28726754,75.0,77.2,74.7,75.8,2.3,299,278
2018-09-12,6541,209517,16043143,76.5,77.3,75.6,76.3,0.5,176,355
2018-09-13,6541,576016,45749640,76.3,81.5,76.3,79.5,3.2,467,221
2018-09-14,6541,308375,24273025,80.1,80.1,78.1,78.3,-1.2,209,297
2018-09-17,6541,166000,12943000,78.3,79.2,77.3,77.4,-0.9,114,324
2018-09-18,6541,115000,8844000,77.4,77.7,76.1,76.3,-1.1,92,402
2018-09-19,6541,123540,9445780,76.6,77.3,76.0,76.3,0.0,111,423
2018-09-20,6541,255460,19791620,77.3,78.2,76.3,76.9,0.6,207,302
2018-09-21,6541,190400,14579460,76.9,77.2,76.1,76.1,-0.8,134,358
2018-09-25,6541,208121,15608362,76.3,76.3,74.6,74.8,-1.3,155,344
2018-09-26,6541,112101,8440564,74.8,75.8,74.8,75.3,0.5,90,413
2018-09-27,6541,320249,24309324,75.3,76.2,75.3,76.0,0.7,283,293
2018-09-28,6541,416318,32081589,78.0,78.1,75.4,78.0,2.0,311,271
2018-10-01,6541,1738657,144596100,83.4,84.9,81.8,82.1,4.1,1266,120
2018-10-02,6541,1487332,123660324,83.1,84.6,81.0,81.0,-1.1,1101,143
2018-10-03,6541,412329,33006019,81.2,81.6,78.7,78.7,-2.3,357,256
2018-10-04,6541,1589399,127179537,78.7,82.9,78.2,78.3,-0.4,1057,138
2018-10-05,6541,597724,46396826,78.5,79.4,76.1,76.8,-1.5,467,275
2018-10-08,6541,325172,24821785,77.4,77.6,75.8,76.0,-0.8,231,281
2018-10-09,6541,527707,39009522,76.0,76.2,72.0,73.0,-3.0,389,250
2018-10-11,6541,1007164,66561252,66.0,68.7,65.7,65.7,-7.3,623,267
2018-10-12,6541,690300,44044648,63.1,65.5,62.1,64.5,-1.2,526,257
2018-10-15,6541,327487,21436390,65.0,67.0,64.6,65.0,0.5,281,308
2018-10-16,6541,434758,29106288,66.7,67.9,66.2,67.0,2.0,391,263
2018-10-17,6541,204584,13825234,67.5,68.4,67.0,67.0,0.0,187,362
2018-10-18,6541,260900,17217859,67.5,67.8,64.8,65.0,-2.0,209,301
2018-10-19,6541,335020,21093928,63.9,64.0,62.2,63.1,-1.9,250,365
2018-10-22,6541,253000,16057800,62.5,64.8,61.8,64.8,1.7,178,307
2018-10-23,6541,175000,11230000,64.7,65.3,63.5,64.0,-0.8,145,372
2018-10-24,6541,207457,13081848,63.6,64.3,62.7,62.9,-1.1,180,349
2018-10-25,6541,655450,39031373,60.0,61.0,58.0,58.0,-4.9,468,248
2018-10-26,6541,404023,23254096,60.0,60.5,56.0,56.0,-2.0,347,306
2018-10-29,6541,844200,46048260,53.2,57.3,53.0,57.0,1.0,558,196
2018-10-30,6541,287265,15876665,56.1,56.5,54.6,55.0,-2.0,240,295
2018-10-31,6541,243100,13584579,55.8,56.3,55.3,56.0,1.0,188,350
2018-11-01,6541,206400,11860718,56.0,58.7,56.0,57.5,1.5,174,350
2018-11-02,6541,156019,9116817,57.5,59.3,57.5,58.3,0.8,145,398
2018-11-05,6541,126275,7334850,58.8,58.9,57.5,57.5,-0.8,122,382
2018-11-06,6541,216700,12322150,58.3,58.4,55.1,55.1,-2.4,190,342
2018-11-07,6541,180207,10233635,57.3,57.4,56.3,56.8,1.7,156,359
2018-11-08,6541,135386,7717102,57.4,58.1,56.6,56.6,-0.2,122,434
2018-11-09,6541,135412,7764896,57.0,58.3,56.5,57.4,0.8,113,385
2018-11-12,6541,126499,7156543,57.3,57.3,56.3,56.3,-1.1,107,396
2018-11-13,6541,152015,8499140,55.0,57.1,55.0,55.5,-0.8,131,380
2018-11-14,6541,103015,5741137,56.3,56.3,55.2,55.2,-0.3,77,456
2018-11-15,6541,143200,7815300,55.3,55.3,54.0,54.3,-0.9,117,410
2018-11-16,6541,78890,4332293,55.0,55.6,54.3,54.3,0.0,74,514
2018-11-19,6541,121154,6640139,54.9,55.4,54.3,54.7,0.4,106,426
2018-11-20,6541,147000,8137000,54.7,56.0,54.5,55.1,0.4,118,380
2018-11-21,6541,405125,23187837,55.0,58.3,55.0,57.4,2.3,328,276
2018-11-22,6541,1459321,91122861,57.9,63.1,57.9,62.3,4.9,876,157
2018-11-23,6541,632135,39100787,62.5,65.0,60.2,60.4,-1.9,497,215
2018-11-26,6541,141250,8645300,60.4,62.2,60.4,61.0,0.6,118,387
2018-11-27,6541,240290,14687935,61.8,62.2,60.5,61.3,0.3,184,322
2018-11-28,6541,196400,12131000,61.5,62.7,61.2,62.0,0.7,154,386
2018-11-29,6541,526600,33737520,63.6,65.4,63.2,64.2,2.2,380,280
2018-11-30,6541,477296,31160450,65.3,66.4,64.6,64.7,0.5,368,312
2018-12-03,6541,327092,21475372,65.8,66.5,65.0,65.9,1.2,216,390
2018-12-04,6541,294100,19184600,65.6,66.3,64.8,64.8,-1.1,227,368
2018-12-05,6541,240280,15122372,63.3,64.0,62.4,62.4,-2.4,199,365
2018-12-06,6541,327188,19929074,62.7,62.7,60.0,60.1,-2.3,218,377
2018-12-07,6541,104500,6381200,60.8,61.4,60.8,61.0,0.9,86,442
2018-12-10,6541,124083,7463088,60.9,61.6,59.5,59.5,-1.5,100,434
2018-12-11,6541,116312,7063225,59.5,61.5,59.5,61.0,1.5,94,445
2018-12-12,6541,74100,4538530,61.5,61.7,61.0,61.1,0.1,70,521
2018-12-13,6541,351500,22170800,61.1,64.5,61.1,64.0,2.9,291,311
2018-12-14,6541,275000,17608700,64.7,64.7,63.2,64.1,0.1,230,328
2018-12-17,6541,217015,13947872,64.0,64.7,63.5,64.3,0.2,195,347
2018-12-18,6541,181896,11517488,64.0,64.2,62.6,62.6,-1.7,148,381
2018-12-19,6541,79818,4975468,63.1,63.1,61.8,62.8,0.2,75,479
2018-12-20,6541,132244,8138606,62.8,63.1,60.2,61.2,-1.6,103,441
2018-12-21,6541,80300,4915700,60.6,61.8,60.6,61.2,0.0,64,498
2018-12-22,6541,18000,1096900,60.6,61.2,60.6,60.9,-0.3,17,607
2018-12-24,6541,48500,2978750,61.4,61.9,61.1,61.1,0.2,39,515
2018-12-25,6541,184672,11037720,60.3,60.3,59.2,60.0,-1.1,143,367
2018-12-26,6541,106310,6361413,60.2,61.2,59.0,59.0,-1.0,99,418
2018-12-27,6541,157000,9514000,60.1,61.6,60.0,60.3,1.3,119,390
2018-12-28,6541,453000,28167700,60.9,63.5,60.3,62.5,2.2,353,245
2019-01-02,6541,214062,13263893,62.9,62.9,61.5,61.8,-0.7,172,319
2019-01-03,6541,295200,18787700,62.0,64.6,62.0,63.0,1.2,248,277
2019-01-04,6541,152113,9591943,63.8,63.8,62.1,63.1,0.1,140,395
2019-01-07,6541,144213,9190359,64.3,65.0,63.2,63.6,0.5,116,389
2019-01-08,6541,334350,21691000,63.6,65.8,63.6,64.6,1.0,292,267
2019-01-09,6541,222100,14435080,65.1,65.5,64.6,64.6,0.0,173,383
2019-01-10,6541,992609,67219597,64.7,69.4,64.7,68.3,3.7,808,187
2019-01-11,6541,329295,22314835,68.0,68.3,67.0,68.0,-0.3,317,287
2019-01-14,6541,291092,19816092,68.0,69.0,67.1,68.3,0.3,230,283
2019-01-15,6541,269883,18679107,69.5,70.9,68.5,68.7,0.4,234,298
2019-01-16,6541,311500,20919599,68.4,68.4,66.5,66.9,-1.8,256,306
2019-01-17,6541,129000,8609500,67.3,67.5,66.3,66.5,-0.4,105,420
2019-01-18,6541,97100,6485970,66.6,67.3,66.5,66.6,0.1,79,432
2019-01-21,6541,247500,16792650,66.7,68.4,66.5,68.0,1.4,209,325
2019-01-22,6541,94934,6484557,68.0,69.0,67.3,67.4,-0.6,78,422
2019-01-23,6541,248650,17121360,67.1,69.7,67.1,68.5,1.1,209,283
2019-01-24,6541,283061,19775639,69.8,70.7,68.8,69.1,0.6,243,289
2019-01-25,6541,148000,10191200,69.5,69.7,68.0,68.2,-0.9,107,389
2019-01-28,6541,115100,7871010,68.2,69.0,68.1,68.1,-0.1,91,420
2019-01-29,6541,90179,6158361,68.5,68.5,68.0,68.5,0.4,78,443
2019-01-30,6541,82000,5634400,68.5,69.0,68.5,68.6,0.1,67,466
2019-02-11,6541,485200,34328200,69.0,73.0,69.0,70.4,1.8,376,267
2019-02-12,6541,547000,40454700,71.5,75.8,71.1,73.8,3.4,426,267
2019-02-13,6541,328200,24488059,75.8,75.8,73.8,73.8,0.0,278,347
2019-02-14,6541,181669,13524938,74.8,75.3,73.9,73.9,0.1,160,420
2019-02-15,6541,238195,17639030,74.7,75.5,73.0,73.0,-0.9,178,377
2019-02-18,6541,173517,12756646,74.0,74.0,73.0,73.3,0.3,112,420
2019-02-19,6541,414686,31245539,73.5,76.3,73.5,76.3,3.0,339,296
2019-02-20,6541,1055964,83173734,77.7,80.9,76.6,76.8,0.5,843,223
2019-02-21,6541,207000,15907298,77.0,78.4,75.5,76.8,0.0,182,399
2019-02-22,6541,110175,8437475,76.7,77.6,76.0,76.4,-0.4,95,454
2019-02-25,6541,256600,19260619,76.0,76.0,74.6,74.7,-1.7,203,370
2019-02-26,6541,91000,6842400,75.0,75.7,74.6,75.7,1.0,77,521
2019-02-27,6541,356001,26526975,75.9,75.9,73.9,75.5,-0.2,234,310
2019-03-04,6541,121000,9193000,76.5,76.5,75.2,76.0,0.5,103,462
2019-03-05,6541,84000,6345800,75.6,76.4,75.1,75.2,-0.8,73,500
2019-03-06,6541,57200,4301100,75.2,75.6,75.0,75.1,-0.1,51,577
2019-03-07,6541,306892,23358777,74.9,77.8,74.7,75.3,0.2,250,328
2019-03-08,6541,101000,7613000,75.5,75.9,74.9,75.3,0.0,86,469
2019-03-11,6541,110284,8354925,75.5,76.4,75.5,75.8,0.5,87,458
2019-03-12,6541,112000,8485500,76.5,76.5,75.3,75.3,-0.5,90,500
2019-03-13,6541,186250,14140425,75.9,76.7,75.3,75.7,0.4,146,379
2019-03-14,6541,57000,4317400,76.5,76.5,75.6,75.6,-0.1,37,602
2019-03-15,6541,132929,9987767,75.6,75.6,74.4,75.1,-0.5,108,479
2019-03-18,6541,249793,18405204,75.1,75.1,72.2,73.4,-1.7,193,382
2019-03-19,6541,94210,6875935,73.8,73.8,72.3,72.3,-1.1,76,530
2019-03-20,6541,170150,12117684,72.5,72.5,70.5,70.9,-1.4,147,445
2019-03-21,6541,123000,8890300,72.1,72.7,71.8,72.5,1.6,87,498
2019-03-22,6541,77290,5607180,73.0,73.7,72.0,72.0,-0.5,69,585
2019-03-25,6541,100871,7186937,72.0,72.4,70.8,71.0,-1.0,84,534
2019-03-26,6541,129421,9294596,71.1,72.2,71.1,71.6,0.6,106,466
2019-03-27,6541,330749,24331700,71.7,74.9,71.7,74.3,2.7,259,338
2019-03-28,6541,236878,17602012,74.3,75.4,73.1,73.6,-0.7,181,391
2019-03-29,6541,132276,9771677,73.7,74.4,73.4,73.9,0.3,106,475
2019-04-01,6541,99219,7350751,74.1,74.3,73.3,73.3,-0.6,88,545
2019-04-02,6541,147022,10844034,73.4,74.1,73.4,73.6,0.3,91,472
2019-04-03,6541,122192,8957512,73.7,73.9,72.9,73.3,-0.3,93,496
2019-04-08,6541,114300,8324880,73.3,73.3,72.6,72.6,-0.7,90,550
2019-04-09,6541,112749,8228550,72.6,73.5,72.6,72.7,0.1,87,524
2019-04-10,6541,116296,8504867,72.8,73.7,72.8,73.2,0.5,73,530
2019-04-11,6541,113577,8293693,73.2,73.3,72.8,72.9,-0.3,61,540
2019-04-12,6541,261475,19241426,72.9,74.3,72.8,73.0,0.1,159,384
2019-04-15,6541,135119,9910487,73.0,73.8,73.0,73.0,0.0,85,480
2019-04-16,6541,1105968,84248268,73.9,77.5,73.7,76.0,3.0,824,223
2019-04-17,6541,414250,31119200,76.0,76.5,74.5,74.8,-1.2,330,346
2019-04-18,6541,431106,31985516,74.8,75.7,72.8,72.8,-2.0,296,363
2019-04-19,6541,161072,11762192,73.0,73.8,72.6,73.0,0.2,120,422
2019-04-22,6541,126067,9161284,73.1,73.2,72.2,72.6,-0.4,99,468
2019-04-23,6541,90737,6610352,72.7,73.3,72.6,73.0,0.4,64,510
2019-04-24,6541,91300,6686800,73.1,73.5,73.0,73.0,0.0,68,517
2019-04-25,6541,97347,7076790,73.1,73.2,72.2,72.6,-0.4,87,488
2019-04-26,6541,209599,14930829,72.6,72.6,70.7,71.0,-1.6,169,370
2019-04-29,6541,72155,5104874,71.3,71.3,70.5,70.7,-0.3,65,557
2019-04-30,6541,73250,5184049,70.7,71.1,70.6,70.6,-0.1,60,524
2019-05-02,6541,111200,7909160,70.6,72.0,70.6,71.0,0.4,85,467
2019-05-03,6541,98200,7011780,71.0,71.7,71.0,71.4,0.4,78,490
2019-05-06,6541,218100,15213700,70.7,71.1,68.5,68.8,-2.6,150,433
2019-05-07,6541,87039,6084902,70.0,71.0,69.1,69.1,0.3,71,502
2019-05-08,6541,97200,6740659,69.1,69.9,68.6,69.8,0.7,75,506
2019-05-09,6541,258100,17458370,69.2,69.8,66.8,67.6,-2.2,199,415
2019-05-10,6541,92200,6224600,67.1,68.5,66.8,67.0,-0.6,79,550
2019-05-13,6541,180200,11900700,66.4,66.8,65.9,65.9,-1.1,104,481
2019-05-14,6541,168020,10925726,65.1,65.9,63.7,65.5,-0.4,122,472
2019-05-15,6541,198070,12922120,65.3,67.3,64.9,65.2,-0.3,138,411
2019-05-16,6541,178150,11493279,65.2,65.7,63.7,63.7,-1.5,129,434
2019-05-17,6541,144685,9247697,64.0,65.2,63.4,63.6,-0.1,113,472
2019-05-20,6541,79000,5050000,63.6,64.3,63.6,64.3,0.7,64,528
2019-05-21,6541,251300,16873010,64.3,68.7,64.3,67.4,3.1,188,370
2019-05-22,6541,101553,6916925,67.2,68.9,67.2,68.6,1.2,87,448
2019-05-23,6541,98000,6679800,68.5,68.6,67.9,68.0,-0.6,79,491
2019-05-24,6541,105701,7245771,68.0,69.6,67.6,69.6,1.6,100,454
2019-05-27,6541,202800,14401219,69.9,72.4,69.9,72.1,2.5,144,377
2019-05-28,6541,290453,21520345,72.1,75.7,71.5,75.7,3.6,188,357
2019-05-29,6541,277198,20787752,73.9,75.9,73.9,74.0,-1.7,226,345
2019-05-30,6541,78497,5850778,74.0,75.0,74.0,74.0,0.0,76,487
2019-05-31,6541,111000,8258100,74.7,74.9,73.0,74.2,0.2,102,470
2019-06-03,6541,125200,9368579,74.2,75.6,72.9,75.2,1.0,103,418
2019-06-04,6541,210340,15945640,75.2,76.4,75.0,75.8,0.6,155,331
2019-06-05,6541,151085,11479109,76.2,76.8,75.2,75.3,-0.5,123,385
2019-06-06,6541,106141,7912632,75.2,75.2,73.8,74.7,-0.6,77,422
2019-06-10,6541,78000,5865900,76.0,76.0,74.3,74.8,0.1,51,499
2019-06-11,6541,99092,7358835,74.8,74.8,74.0,74.0,-0.8,84,479
2019-06-12,6541,183463,13730077,74.7,75.9,74.1,74.9,0.9,130,365
2019-06-13,6541,164000,12308800,74.9,75.4,74.6,75.3,0.4,96,360
2019-06-14,6541,116100,8742430,75.3,75.8,74.9,75.3,0.0,79,408
2019-06-17,6541,86146,6472150,75.8,75.8,74.8,74.8,-0.5,68,459
2019-06-18,6541,174500,13167399,75.3,76.4,74.9,76.0,1.2,140,364
2019-06-19,6541,493200,38028880,76.3,77.9,76.3,77.0,1.0,412,280
2019-06-20,6541,174125,13352787,77.5,77.5,76.2,76.5,-0.5,148,409
2019-06-21,6541,309232,23619981,77.1,77.4,74.8,75.0,-1.5,238,354
2019-06-24,6541,192294,14576067,75.0,76.4,75.0,75.4,0.4,149,390
2019-06-25,6541,236100,17511189,75.2,75.9,73.0,73.6,-1.8,150,349
2019-06-26,6541,144109,10603600,73.6,74.0,73.2,73.5,-0.1,91,405
2019-06-27,6541,195000,14377300,73.5,74.9,72.6,73.5,0.0,146,392
2019-06-28,6541,47123,3473003,74.4,74.4,73.2,73.2,-0.3,44,569
2019-07-01,6541,103377,7652360,74.3,74.4,73.4,73.9,0.7,74,513
2019-07-02,6541,130000,9779600,73.6,76.0,73.6,75.4,1.5,117,473
2019-07-03,6541,273000,20569900,75.4,76.5,74.2,74.9,-0.5,175,359
2019-07-04,6541,151100,11286900,75.0,75.2,74.4,75.0,0.1,100,427
2019-07-05,6541,118000,8867100,75.0,75.5,74.8,75.2,0.2,77,458
2019-07-08,6541,187000,13965000,75.0,75.4,74.4,74.6,-0.6,87,411
2019-07-09,6541,97500,7294799,74.6,75.2,74.2,74.6,0.0,93,510
2019-07-10,6541,110100,8218650,74.6,75.1,74.3,74.6,0.0,95,502
2019-07-11,6541,54000,4028500,74.8,74.9,74.4,74.5,-0.1,41,609
2019-07-12,6541,189500,14215600,74.6,75.9,74.4,75.2,0.7,140,419
2019-07-15,6541,50200,3761480,75.0,75.1,74.8,75.0,-0.2,39,622
2019-07-16,6541,929656,73126154,75.0,80.4,74.8,79.0,4.0,765,216
2019-07-17,6541,994098,79817740,79.6,81.6,79.1,80.0,1.0,834,197
2019-07-18,6541,684790,55033082,80.4,81.4,79.2,79.6,-0.4,532,247
2019-07-19,6541,214292,17098013,80.1,80.8,79.2,79.5,-0.1,186,402
2019-07-22,6541,543300,44329349,80.5,83.9,80.5,80.6,1.1,426,256
2019-07-23,6541,452400,36370840,81.1,81.8,79.6,79.6,-1.0,305,309
2019-07-24,6541,306100,24298400,80.5,80.5,78.4,78.4,-1.2,239,379
2019-07-25,6541,603100,46009700,78.0,78.0,75.5,75.7,-2.7,443,278
2019-07-26,6541,149200,11358400,75.7,76.8,75.2,76.4,0.7,122,432
2019-07-29,6541,133787,10154474,76.0,76.7,75.6,75.7,-0.7,102,463
2019-07-30,6541,487020,35470054,75.3,75.9,71.0,72.0,-3.7,378,321
2019-07-31,6541,138110,9935131,71.7,72.4,71.4,72.0,0.0,122,453
2019-08-01,6541,123684,8902440,72.0,72.5,71.5,71.7,-0.3,90,466
2019-08-02,6541,137100,9653100,70.8,70.9,70.0,70.5,-1.2,102,495
2019-08-05,6541,292200,20292020,70.3,70.3,68.6,70.0,-0.5,213,366
2019-08-06,6541,202200,13977800,68.1,70.0,68.1,69.1,-0.9,153,431
2019-08-07,6541,197000,13539400,70.1,70.2,66.8,67.5,-1.6,134,386
2019-08-08,6541,78000,5330000,67.6,68.9,67.6,68.0,0.5,62,493
2019-08-12,6541,135000,9177300,68.0,68.2,67.7,67.8,-0.2,101,463
2019-08-13,6541,130000,8728800,68.0,68.5,66.6,66.8,-1.0,108,463
2019-08-14,6541,138150,9356310,67.9,68.8,66.9,67.3,0.5,105,469
2019-08-15,6541,83100,5557450,66.2,67.2,66.2,66.9,-0.4,62,556
2019-08-16,6541,250100,17282209,67.7,69.9,67.7,69.1,2.2,213,367
2019-08-19,6541,226000,15910800,69.7,71.2,69.7,70.8,1.7,181,393
2019-08-20,6541,261700,18503769,71.0,71.1,70.2,70.2,-0.6,201,372
2019-08-21,6541,183140,12890200,70.3,71.2,69.9,70.1,-0.1,164,420
2019-08-22,6541,169000,11840900,71.0,71.0,69.2,69.2,-0.9,126,434
2019-08-23,6541,106050,7290540,69.1,69.2,68.5,68.6,-0.6,61,477
2019-08-26,6541,111151,7558213,68.6,69.2,67.4,68.3,-0.3,88,482
2019-08-27,6541,102100,6931600,68.3,68.8,67.5,68.0,-0.3,78,483
2019-08-28,6541,61300,4140449,67.8,68.2,67.4,67.5,-0.5,48,541
2019-08-29,6541,81800,5554260,68.0,68.6,67.5,67.7,0.2,63,504
2019-08-30,6541,177600,12338740,68.2,70.2,68.2,69.3,1.6,156,424
2019-09-02,6541,112057,7781455,69.9,70.6,68.9,68.9,-0.4,84,475
2019-09-03,6541,100125,6956612,69.5,70.1,69.0,69.1,0.2,95,480
2019-09-04,6541,124110,8690944,69.8,70.4,69.4,70.0,0.9,99,464
2019-09-05,6541,75000,5246300,70.0,70.8,69.6,69.8,-0.2,56,553
2019-09-06,6541,22300,1556640,70.7,70.7,69.6,69.7,-0.1,22,702
2019-09-09,6541,144000,9865900,69.7,69.7,67.8,68.5,-1.2,108,450
2019-09-10,6541,192000,12935000,67.7,68.5,67.0,67.1,-1.4,164,416
2019-09-11,6541,284500,18890400,67.4,67.5,65.9,66.9,-0.2,213,381
2019-09-12,6541,99200,6601060,66.5,67.2,66.0,67.2,0.3,80,507
2019-09-16,6541,75000,5062600,67.5,67.7,67.3,67.3,0.1,66,546
2019-09-17,6541,59201,4007968,67.6,68.2,67.1,67.7,0.4,52,546
2019-09-18,6541,211042,14620244,68.0,70.0,68.0,69.9,2.2,192,411
2019-09-19,6541,556936,40227416,70.8,73.5,70.6,71.7,1.8,416,249
2019-09-20,6541,136000,9697700,71.7,72.3,70.9,71.5,-0.2,115,454
2019-09-23,6541,106005,7478958,70.2,71.4,70.2,70.5,-1.0,102,489
2019-09-24,6541,148000,10392500,70.3,70.8,69.7,69.9,-0.6,122,433
2019-09-25,6541,52000,3602500,69.9,69.9,68.9,69.5,-0.4,44,596
2019-09-26,6541,313100,21211249,69.0,69.6,66.2,67.2,-2.3,242,324
2019-09-27,6541,392434,25778327,67.1,67.1,64.3,65.0,-2.2,258,330
2019-10-01,6541,246773,16025566,64.7,65.8,64.6,64.6,-0.4,171,354
2019-10-02,6541,289500,18792749,64.6,65.6,64.5,64.8,0.2,115,301
2019-10-03,6541,138000,8945100,64.8,65.6,64.5,64.7,-0.1,95,419
2019-10-04,6541,148126,9499275,64.7,64.7,63.9,64.0,-0.7,124,420
2019-10-07,6541,95009,6063798,64.2,64.2,63.5,63.9,-0.1,72,491
2019-10-08,6541,136932,8753153,64.0,64.5,63.5,64.0,0.1,103,460
2019-10-09,6541,397146,24773140,63.6,63.6,61.9,62.4,-1.6,248,326
2019-10-14,6541,306735,18990821,62.3,62.4,61.5,61.8,-0.6,173,405
2019-10-15,6541,535615,32548705,61.6,62.7,59.8,60.1,-1.7,267,286
2019-10-16,6541,419200,24837640,60.1,60.2,58.9,59.4,-0.7,238,354
2019-10-17,6541,158832,9385754,59.5,59.5,58.5,58.7,-0.7,118,462
2019-10-18,6541,341153,19983835,58.8,59.3,58.0,58.0,-0.7,221,414
2019-10-21,6541,1047118,58690266,58.0,58.1,55.0,55.0,-3.0,557,248
2019-10-22,6541,420191,23678623,55.6,57.1,55.6,56.5,1.5,324,336
2019-10-23,6541,265886,15095231,57.1,57.4,56.3,56.6,0.1,215,404
2019-10-24,6541,423400,24537299,57.3,58.5,57.2,57.9,1.3,313,321
2019-10-25,6541,455247,25866679,58.0,58.2,56.0,56.0,-1.9,318,310
2019-10-28,6541,521100,28823709,56.0,56.0,54.8,55.5,-0.5,366,304
2019-10-29,6541,1335917,70521223,54.1,54.9,51.6,52.5,-3.0,894,231
2019-10-30,6541,909499,46530697,52.5,52.5,50.5,51.0,-1.5,692,243
2019-10-31,6541,561108,28751792,51.8,52.4,50.9,51.5,0.5,482,309
2019-11-01,6541,448200,23638779,51.5,53.9,51.5,53.7,2.2,358,317
2019-11-04,6541,1410122,72177439,51.6,52.1,50.8,50.9,0.0,864,228
2019-11-05,6541,871302,43961321,50.6,51.4,49.95,50.3,-0.6,689,270
2019-11-06,6541,586123,29370708,50.3,51.0,49.8,49.95,-0.35,449,329
2019-11-07,6541,450800,22411070,49.9,50.2,49.3,49.45,-0.5,335,343
2019-11-08,6541,416300,20734750,49.55,50.8,49.0,50.8,1.35,336,351
2019-11-11,6541,566406,27987623,51.0,51.0,48.95,48.95,-1.85,456,358
2019-11-12,6541,365150,17776750,49.3,49.5,48.45,48.55,-0.4,269,359
2019-11-13,6541,618900,29866979,48.55,49.15,48.0,48.05,-0.5,428,294
2019-11-14,6541,444350,21561277,48.1,49.2,48.05,48.15,0.1,345,364
2019-11-15,6541,430092,20648952,48.15,48.5,47.75,47.9,-0.25,345,365
2019-11-18,6541,252509,12115083,47.95,48.2,47.85,47.9,0.0,185,428
2019-11-19,6541,252100,12129270,48.0,48.5,47.9,48.0,0.1,238,417
2019-11-20,6541,352755,16919695,48.0,48.1,47.9,47.95,-0.05,256,373
2019-11-21,6541,319493,15456995,48.3,48.85,48.05,48.25,0.3,274,387
2019-11-22,6541,760982,37250423,48.25,49.95,48.25,48.4,0.15,594,264
2019-11-25,6541,342054,16439106,48.4,48.4,47.85,48.0,-0.4,275,394
2019-11-26,6541,386331,18734934,48.3,48.9,48.1,48.9,0.9,273,377
2019-11-27,6541,358439,17356691,48.8,48.8,48.2,48.2,-0.7,305,378
2019-11-28,6541,957189,47365290,48.65,50.2,48.2,49.65,1.45,745,237
2019-11-29,6541,877088,43965814,50.1,50.9,49.2,49.2,-0.45,664,254
2019-12-02,6541,483570,23353710,49.5,49.5,48.0,48.0,-1.2,387,327
2019-12-03,6541,363100,17417560,47.95,48.35,47.75,47.75,-0.25,282,346
2019-12-04,6541,648550,30317275,47.75,47.75,46.0,46.35,-1.4,504,267
2019-12-05,6541,1252939,58484483,46.35,47.6,46.35,46.45,0.1,656,223
2019-12-06,6541,835292,37992664,46.45,46.75,44.5,44.9,-1.55,632,271
2019-12-09,6541,3819319,157886994,44.9,44.9,40.45,40.45,-4.45,2283,112
2019-12-10,6541,1271624,51728280,40.4,41.3,39.6,40.85,0.4,889,236
2019-12-11,6541,800947,32017680,40.5,40.85,39.75,39.8,-1.05,588,313
2019-12-12,6541,462103,18615132,39.9,40.95,39.85,40.15,0.35,352,398
2019-12-13,6541,927810,35426580,40.3,40.3,36.85,37.6,-2.55,697,304
2019-12-16,6541,1219079,48222670,38.05,40.9,38.05,39.6,2.0,901,264
2019-12-17,6541,696325,28308475,40.2,41.3,40.15,40.65,1.05,474,343
2019-12-18,6541,363300,14671497,40.4,41.0,39.8,40.2,-0.45,278,429
2019-12-19,6541,1210100,52896420,43.0,44.2,42.55,44.2,4.0,596,244
2019-12-20,6541,4893048,226486505,45.8,47.9,45.0,45.1,0.9,3389,127
2019-12-23,6541,849336,36945314,44.95,44.95,42.2,42.95,-2.15,669,289
2019-12-24,6541,314663,13446505,42.95,43.3,42.2,42.2,-0.75,249,401
2019-12-25,6541,464100,19419805,42.6,42.8,41.4,41.4,-0.8,343,344
2019-12-26,6541,492001,20313742,41.6,42.2,40.7,41.9,0.5,361,337
2019-12-27,6541,1473650,64986413,42.15,44.8,42.1,44.1,2.2,1064,214
2019-12-30,6541,947000,43046049,44.85,46.5,44.6,44.7,0.6,646,268
2019-12-31,6541,314452,13994448,44.7,44.9,44.1,44.75,0.05,205,414
2020-01-02,6541,288354,12899332,44.5,45.1,44.5,44.55,-0.2,209,439
2020-01-03,6541,374011,16365531,44.55,44.55,43.3,43.55,-1.0,292,454
2020-01-06,6541,178300,7666950,43.1,43.9,42.65,42.65,-0.9,151,539
2020-01-07,6541,225050,9617850,42.65,43.1,42.35,42.5,-0.15,159,487
2020-01-08,6541,256222,10668718,42.4,42.4,41.3,41.4,-1.1,200,481
2020-01-09,6541,121392,5068725,41.5,42.05,41.45,41.45,0.05,102,530
2020-01-10,6541,176200,7379660,41.9,42.15,41.5,41.85,0.4,139,486
2020-01-13,6541,210200,9007489,42.0,44.0,42.0,42.55,0.7,179,485
2020-01-14,6541,84100,3557590,42.75,42.75,42.1,42.1,-0.45,76,609
2020-01-15,6541,242950,10105850,41.7,41.95,41.3,41.4,-0.7,169,442
2020-01-16,6541,168000,7010700,41.45,42.05,41.35,41.85,0.45,112,490
2020-01-17,6541,743125,32344050,42.6,44.2,42.4,43.7,1.85,567,293
2020-01-20,6541,284972,12466352,44.2,44.4,43.25,44.0,0.3,209,440
2020-01-30,6541,422399,18314775,43.0,44.65,41.5,41.7,-2.3,323,554
2020-01-31,6541,178100,7458495,42.25,43.3,41.5,41.75,0.05,153,587
2020-02-03,6541,456876,18204653,41.9,41.9,38.75,40.85,-0.9,339,487
2020-02-04,6541,178400,7280140,40.9,41.1,40.25,41.1,0.25,117,547
2020-02-05,6541,1366199,60413704,41.15,45.2,41.1,44.45,3.35,957,256
2020-02-06,6541,655598,29588110,44.0,46.45,44.0,44.3,-0.15,516,318
2020-02-07,6541,286040,12438244,44.5,44.5,43.0,43.0,-1.3,206,447
2020-02-10,6541,248000,10463450,42.95,42.95,42.0,42.0,-1.0,175,466
2020-02-11,6541,154468,6500145,42.35,42.4,41.9,42.0,0.0,105,514
2020-02-12,6541,221565,9398281,42.0,42.75,42.0,42.5,0.5,161,463
2020-02-13,6541,170921,7240622,42.55,43.1,42.0,42.0,-0.5,136,513
2020-02-14,6541,93100,3925080,41.9,42.55,41.9,42.05,0.05,88,577
2020-02-17,6541,116000,4848050,42.5,42.5,41.3,41.95,-0.1,101,566
2020-02-18,6541,96000,4053950,42.4,42.55,42.0,42.05,0.1,83,570
2020-02-19,6541,776500,34393050,42.3,45.2,42.3,44.9,2.85,627,289
2020-02-20,6541,747583,33917142,45.7,46.4,44.15,44.4,-0.5,611,281
2020-02-21,6541,396035,17579687,44.4,45.05,43.75,44.85,0.45,323,362
2020-02-24,6541,1307637,60633521,44.2,47.75,44.15,47.2,2.35,1059,244
2020-02-25,6541,1808924,86401674,46.95,48.85,46.0,47.55,0.35,1479,209
2020-02-26,6541,836400,39089090,47.55,47.55,46.0,46.0,-1.55,606,277
2020-02-27,6541,609000,27779950,45.55,47.0,44.15,44.45,-1.55,450,366
2020-03-02,6541,505566,21919599,43.5,44.5,42.55,44.2,-0.25,412,407
2020-03-03,6541,274300,12226100,44.75,45.5,44.2,44.35,0.15,223,429
2020-03-04,6541,212000,9333800,44.65,44.65,43.7,43.7,-0.65,148,449
2020-03-05,6541,518100,23412880,44.2,46.25,44.0,45.6,1.9,406,334
2020-03-06,6541,1067665,50485859,45.35,48.45,45.0,48.45,2.85,870,263
2020-03-09,6541,1249597,57848864,48.5,48.5,43.8,44.1,-4.35,941,307
2020-03-10,6541,795050,33525780,41.6,43.2,41.15,43.1,-1.0,620,367
2020-03-11,6541,512813,21710705,43.1,43.75,41.75,41.75,-1.35,445,373
2020-03-12,6541,808524,31734488,41.2,41.45,38.05,38.6,-3.15,548,443
2020-03-13,6541,1190184,41724042,36.0,36.0,34.75,35.95,-2.65,615,411
2020-03-16,6541,745100,25622870,35.2,36.0,32.45,32.6,-3.35,422,401
2020-03-17,6541,768245,23075022,30.1,31.5,29.35,29.75,-2.85,540,417
2020-03-18,6541,1102216,30938469,29.4,30.25,26.8,26.85,-2.9,670,345
2020-03-19,6541,1282705,34438093,28.1,29.5,24.5,25.5,-1.35,796,409
2020-03-20,6541,736392,20562245,28.05,28.05,27.0,28.05,2.55,384,415
2020-03-23,6541,325235,8522466,26.8,27.35,25.3,26.5,-1.55,206,483
2020-03-24,6541,309000,8570350,27.05,28.25,27.05,27.95,1.45,208,517
2020-03-25,6541,596659,17929881,29.2,30.7,28.95,30.7,2.75,382,431
2020-03-26,6541,768559,23758929,32.75,32.75,29.6,30.7,0.0,497,357
2020-03-27,6541,413223,12926774,31.0,31.75,31.0,31.4,0.7,304,471
2020-03-30,6541,262800,7942427,31.45,31.45,29.6,30.4,-1.0,215,475
2020-03-31,6541,175700,5395029,30.9,31.05,30.35,30.4,0.0,143,561
2020-04-01,6541,402000,12742800,30.55,33.0,29.9,31.7,1.3,301,395
2020-04-06,6541,460195,14847098,33.0,33.05,31.5,32.3,0.6,329,402
2020-04-07,6541,333000,10832550,32.75,33.2,32.2,32.4,0.1,195,498
2020-04-08,6541,291000,9348600,32.4,32.7,31.95,32.1,-0.3,210,547
2020-04-09,6541,519427,17070204,32.4,33.65,31.6,33.05,0.95,366,447
2020-04-10,6541,268158,8872595,33.3,33.65,32.7,32.95,-0.1,197,493
2020-04-13,6541,424100,14474990,33.25,35.0,32.9,33.85,0.9,338,417
2020-04-14,6541,258440,8884853,34.5,34.9,33.85,34.45,0.6,196,537
2020-04-15,6541,264075,9182788,35.45,35.45,34.35,34.9,0.45,195,567
2020-04-16,6541,235065,8225064,34.9,35.5,34.55,34.8,-0.1,175,528
2020-04-17,6541,244195,8552186,35.8,35.8,34.3,34.3,-0.5,191,591
2020-04-20,6541,189008,6610788,34.55,35.55,34.25,35.5,1.2,161,517
2020-04-21,6541,429035,14371835,35.8,35.8,32.55,33.0,-2.5,327,503
2020-04-22,6541,195000,6344000,31.8,33.2,31.8,33.0,0.0,148,534
2020-04-23,6541,292000,9900550,33.2,34.45,33.15,34.0,1.0,230,445
2020-04-24,6541,285100,9919334,34.0,35.3,33.65,34.75,0.75,217,423
2020-04-27,6541,1443800,53784009,36.4,38.2,35.65,38.2,3.45,910,292
2020-04-28,6541,736115,27858207,39.0,39.0,37.1,37.75,-0.45,527,358
2020-04-29,6541,328300,12511605,37.8,38.7,37.6,38.05,0.3,241,529
2020-04-30,6541,332386,12696845,38.15,38.7,37.95,38.05,0.0,233,552
2020-05-04,6541,350314,13188369,37.5,38.3,37.45,37.55,-0.5,231,513
2020-05-05,6541,404374,15646073,37.9,39.65,37.75,39.3,1.75,278,457
2020-05-06,6541,863145,35093877,40.15,42.2,39.3,39.35,0.05,652,369
2020-05-07,6541,582395,23912485,39.6,41.9,39.6,41.9,2.55,438,406
2020-05-08,6541,445000,18063750,42.75,42.75,39.75,39.75,-2.15,339,461
2020-05-11,6541,179199,7091738,39.75,40.1,39.2,39.9,0.15,142,616
2020-05-12,6541,331099,13015956,39.9,40.75,38.6,38.8,-1.1,276,496
2020-05-13,6541,113099,4444610,39.05,39.6,38.8,39.4,0.6,92,620
2020-05-14,6541,261219,10118709,39.2,39.6,38.3,38.3,-1.1,185,541
2020-05-15,6541,202000,7728700,38.7,38.7,38.05,38.45,0.15,129,574
2020-05-18,6541,433027,17343102,39.15,41.0,39.0,39.9,1.45,304,411
2020-05-19,6541,1748027,74627233,41.85,43.85,40.1,43.85,3.95,1055,249
2020-05-20,6541,4350429,208983276,48.2,48.2,46.65,48.2,4.35,1652,146
2020-05-21,6541,5718668,294956427,50.9,52.8,50.3,51.1,2.9,3349,128
2020-05-22,6541,3252262,164403570,51.0,51.9,48.65,49.9,-1.2,1900,185
2020-05-25,6541,1708221,81997395,49.1,49.1,47.1,47.85,-2.05,1066,236
2020-05-26,6541,1269357,62164356,48.2,49.5,48.1,48.35,0.5,925,287
2020-05-27,6541,1020734,47357842,48.9,48.9,45.2,45.3,-3.05,742,330
2020-05-28,6541,590002,26405939,45.4,45.95,44.05,44.05,-1.25,400,417
2020-05-29,6541,598131,26994684,44.15,46.2,44.1,45.15,1.1,350,367
2020-06-01,6541,366000,16263450,45.2,45.2,44.1,44.4,-0.75,242,435
2020-06-02,6541,448500,19735925,44.4,44.65,43.8,43.9,-0.5,288,421
2020-06-03,6541,682092,31011382,44.05,46.55,44.05,46.4,2.5,499,403
2020-06-04,6541,488050,22727917,47.4,47.4,45.6,47.2,0.8,373,437
2020-06-05,6541,297600,13912788,47.6,47.6,46.4,46.45,-0.75,231,521
2020-06-08,6541,273581,12593166,47.0,47.0,45.65,45.8,-0.65,207,581
2020-06-09,6541,732315,34915852,46.35,48.3,45.7,48.0,2.2,549,384
2020-06-10,6541,2078656,104379525,48.0,52.7,47.0,52.0,4.0,1408,243
2020-06-11,6541,1457655,72442290,50.1,51.9,48.0,48.0,-4.0,936,324
2020-06-12,6541,891228,42776956,46.5,49.45,46.3,49.15,1.15,575,344
2020-06-15,6541,1186018,59729683,49.15,52.3,49.05,50.0,0.85,840,297
2020-06-16,6541,1084748,55548248,51.0,52.5,50.6,51.0,1.0,707,291
2020-06-17,6541,716027,36627277,51.7,52.2,50.6,51.2,0.2,492,352
2020-06-18,6541,895851,45774352,51.4,51.8,50.6,50.6,-0.6,576,337
2020-06-19,6541,813478,40171725,51.0,51.1,48.5,48.55,-2.05,521,395
2020-06-22,6541,645035,32005090,48.55,50.4,48.45,49.4,0.85,446,400
2020-06-23,6541,459000,22710450,50.9,51.2,48.9,49.0,-0.4,306,434
2020-06-24,6541,451198,22005502,49.15,49.2,48.5,48.55,-0.45,268,411
2020-06-29,6541,406000,19818850,48.55,49.55,48.0,48.4,-0.15,237,442
2020-06-30,6541,454722,21853450,48.55,48.6,47.8,47.9,-0.5,255,402
2020-07-01,6541,503000,24004200,47.9,48.6,47.25,48.3,0.4,251,419
2020-07-02,6541,528000,25630400,49.1,49.3,48.0,48.0,-0.3,301,425
2020-07-03,6541,496200,23651539,48.75,48.75,47.3,47.35,-0.65,293,450
2020-07-06,6541,682099,32288862,47.35,47.9,47.0,47.0,-0.35,417,458
2020-07-07,6541,813322,39254361,47.5,49.2,47.0,48.3,1.3,482,432
2020-07-08,6541,1620291,80870087,48.5,51.5,48.5,50.2,1.9,884,326
2020-07-09,6541,3998865,212427498,50.3,55.2,49.25,55.2,5.0,1719,216
2020-07-10,6541,5248641,296341514,60.6,60.6,51.5,53.9,-1.3,2909,170
2020-07-13,6541,1669219,87050282,54.2,54.9,51.0,51.0,-2.9,1103,295
2020-07-14,6541,1199039,59105557,51.0,51.0,48.4,48.5,-2.5,778,328
2020-07-15,6541,769860,37821437,49.5,50.8,48.1,48.6,0.1,536,402
2020-07-16,6541,428219,20969451,49.0,49.5,48.6,48.8,0.2,272,450
2020-07-17,6541,1281862,59421440,49.5,49.6,44.6,46.0,-2.8,853,323
2020-07-20,6541,631703,28041954,46.0,46.0,43.5,45.0,-1.0,443,400
2020-07-21,6541,661100,30347545,45.3,47.0,45.25,45.25,0.25,430,415
2020-07-22,6541,536279,25125972,46.95,47.5,46.15,46.4,1.15,335,429
2020-07-23,6541,354099,16361768,47.8,47.8,45.65,45.75,-0.65,241,465
2020-07-24,6541,491205,21995090,44.85,45.7,44.0,44.0,-1.75,309,460
2020-07-27,6541,775201,33252461,44.0,44.7,41.7,41.8,-2.2,447,402
2020-07-28,6541,742123,30359004,41.0,41.95,40.05,41.0,-0.8,447,423
2020-07-29,6541,469000,19886400,41.2,43.05,41.2,41.55,0.55,269,433
2020-07-30,6541,335490,14263665,42.85,43.15,42.0,43.0,1.45,212,460
2020-07-31,6541,189000,8175450,42.9,43.9,42.7,43.0,0.0,146,518
2020-08-03,6541,253140,10824720,42.8,43.6,42.4,42.45,-0.55,209,520
2020-08-04,6541,255000,10900450,43.3,43.45,42.2,42.3,-0.15,160,497
2020-08-05,6541,243000,10272950,42.25,42.6,42.0,42.25,-0.05,144,529
2020-08-06,6541,311000,13151800,42.85,43.4,42.0,42.15,-0.1,197,505
2020-08-07,6541,211001,8883142,43.2,43.2,41.75,41.75,-0.4,158,534
2020-08-10,6541,180000,7572100,43.0,43.0,41.8,41.8,0.05,120,594
2020-08-11,6541,366310,15003204,41.8,41.85,40.05,40.7,-1.1,230,502
2020-08-12,6541,330807,13257462,40.2,40.5,39.9,40.05,-0.65,214,487
2020-08-13,6541,351399,13987689,40.15,40.2,39.4,39.5,-0.55,200,494
2020-08-14,6541,150962,6020121,39.5,40.3,39.4,40.2,0.7,109,619
2020-08-17,6541,185128,7456170,40.05,41.0,40.0,40.0,-0.2,121,630
2020-08-18,6541,250200,9972020,40.8,40.8,39.5,39.85,-0.15,141,573
2020-08-19,6541,240000,9594150,40.0,40.3,39.5,39.55,-0.3,172,605
2020-08-20,6541,441703,16614751,39.3,39.3,37.0,37.0,-2.55,319,587
2020-08-21,6541,160730,6000575,37.5,37.6,37.15,37.25,0.25,128,619
2020-08-24,6541,417030,15821760,37.25,39.5,37.0,39.5,2.25,327,483
2020-08-25,6541,226000,8834900,39.6,40.0,38.55,38.65,-0.85,152,569
2020-08-26,6541,214065,8470619,38.65,40.4,38.35,39.9,1.25,143,568
2020-08-27,6541,370100,14913020,40.4,40.95,39.8,40.2,0.3,203,503
2020-08-28,6541,267100,10811549,40.5,40.75,40.2,40.25,0.05,143,534
2020-08-31,6541,165145,6637822,40.8,40.85,40.0,40.15,-0.1,92,625
2020-09-01,6541,74000,2934500,39.6,40.1,39.05,39.5,-0.65,63,717
2020-09-02,6541,125000,4898150,39.45,39.8,38.85,38.95,-0.55,88,673
2020-09-03,6541,106200,4203059,39.7,40.0,39.2,39.95,1.0,86,704
2020-09-04,6541,109000,4253850,39.3,39.75,38.6,38.9,-1.05,86,697
2020-09-07,6541,105000,4084050,39.0,39.4,38.8,38.8,-0.1,67,729
2020-09-08,6541,113000,4377150,38.85,39.05,38.3,38.8,0.0,78,685
2020-09-09,6541,101000,3953400,39.0,39.9,38.55,39.7,0.9,71,690
2020-09-10,6541,249531,9729754,40.0,40.15,38.3,38.9,-0.8,214,584
2020-09-11,6541,207962,7834167,38.9,39.0,37.05,37.65,-1.25,160,628
2020-09-14,6541,156999,6054159,37.8,39.8,37.7,38.6,0.95,121,623
2020-09-15,6541,773162,32628875,41.8,42.45,41.4,42.45,3.85,430,382
2020-09-16,6541,962512,41497816,42.45,44.4,42.05,42.5,0.05,710,350
2020-09-17,6541,321847,13673447,42.5,43.2,42.1,42.1,-0.4,236,499
2020-09-18,6541,617866,26778966,42.5,44.0,42.45,44.0,1.9,416,437
2020-09-21,6541,412000,18083500,45.8,45.8,43.0,43.15,-0.85,309,507
2020-09-22,6541,244000,10230450,43.2,43.2,41.55,41.6,-1.55,181,572
2020-09-23,6541,171247,6975603,41.65,41.65,40.1,40.7,-0.9,150,642
2020-09-24,6541,243000,9604550,40.6,40.6,39.2,39.3,-1.4,173,651
2020-09-25,6541,215000,8436050,39.0,39.95,38.6,39.3,0.0,148,632
2020-09-28,6541,209000,8373250,39.3,40.9,39.3,40.65,1.35,163,517
2020-09-29,6541,91085,3634529,41.05,41.1,39.6,40.15,-0.5,68,614
2020-09-30,6541,36000,1439700,40.35,40.35,39.7,40.0,-0.15,35,729
2020-10-05,6541,77276,3124383,39.5,40.8,39.5,40.65,0.65,68,654
2020-10-06,6541,145203,5959753,40.65,41.45,40.65,41.15,0.5,107,587
2020-10-07,6541,48102,1958671,40.2,41.0,40.15,40.9,-0.25,42,720
2020-10-08,6541,116361,4727928,40.9,40.9,40.2,40.8,-0.1,56,621
2020-10-12,6541,201445,7962766,40.8,40.8,39.1,39.15,-1.65,137,560
2020-10-13,6541,140207,5453752,39.15,39.2,38.75,38.9,-0.25,95,590
2020-10-14,6541,76000,2965800,39.3,39.35,38.9,38.9,0.0,66,684
2020-10-15,6541,225000,8626000,38.8,39.0,38.05,38.35,-0.55,176,536
2020-10-16,6541,103522,3992674,38.4,39.0,38.35,38.35,0.0,82,651
2020-10-19,6541,190226,7303347,38.3,38.9,38.2,38.8,0.45,124,571
2020-10-20,6541,69000,2651450,38.85,38.85,38.3,38.3,-0.5,66,656
2020-10-21,6541,136250,5203698,38.3,38.4,38.05,38.2,-0.1,98,603
2020-10-22,6541,220500,8329850,37.8,38.3,37.6,37.8,-0.4,139,549
2020-10-23,6541,259560,10319183,40.5,40.5,39.05,39.1,1.3,215,500
2020-10-26,6541,196070,7519813,39.0,39.5,38.0,38.0,-1.1,153,559
2020-10-27,6541,172100,6530145,38.0,38.1,37.85,37.85,-0.15,130,565
2020-10-28,6541,171651,6482311,37.85,38.0,37.65,37.75,-0.1,122,578
2020-10-29,6541,187975,7021306,37.75,38.0,37.1,37.85,0.1,88,566
2020-10-30,6541,122552,4650750,38.0,38.5,37.4,37.4,-0.45,84,626
2020-11-02,6541,115528,4317249,37.5,37.6,37.15,37.5,0.1,85,615
2020-11-03,6541,210131,7848511,37.5,37.55,37.15,37.3,-0.2,143,527
2020-11-04,6541,120000,4471450,37.3,37.4,37.1,37.3,0.0,84,591
2020-11-05,6541,116000,4346400,37.3,37.8,37.3,37.3,0.0,84,596
2020-11-06,6541,72000,2721000,37.3,38.25,37.3,37.6,0.3,63,680
2020-11-09,6541,155030,5996809,38.55,39.0,38.2,38.45,0.85,106,631
2020-11-10,6541,127086,4890456,38.35,39.1,38.1,38.1,-0.35,90,678
2020-11-11,6541,219890,8510113,38.85,39.3,38.2,38.85,0.75,146,631
2020-11-12,6541,199300,7623625,38.45,38.5,37.85,37.85,-1.0,122,611
2020-11-13,6541,165043,6383000,38.0,39.0,38.0,38.7,0.85,124,590
2020-11-16,6541,394540,15585707,39.8,39.8,39.2,39.7,1.0,237,510
2020-11-17,6541,872828,36178106,40.1,42.6,40.0,42.25,2.55,539,411
2020-11-18,6541,1072481,46891956,41.7,46.0,41.5,45.95,3.7,621,362
2020-11-19,6541,1128895,48882586,45.1,45.1,42.25,43.1,-2.85,656,360
2020-11-20,6541,660092,28145406,42.5,43.1,41.9,42.0,-1.1,273,433
2020-11-23,6541,1002811,44218796,43.85,45.5,43.5,43.7,1.7,563,398
2020-11-24,6541,539730,23246261,45.2,45.2,42.2,43.0,-0.7,271,490
2020-11-25,6541,477542,20223612,43.0,43.0,41.95,42.1,0.0,300,516
2020-11-26,6541,312178,13162872,42.25,42.35,41.9,42.2,0.1,176,555
2020-11-27,6541,216574,9162469,42.2,42.55,42.0,42.3,0.1,141,627
2020-11-30,6541,324872,14017931,43.35,43.7,42.8,43.0,0.7,214,622
2020-12-01,6541,173000,7384250,43.45,43.5,42.4,42.6,-0.4,125,672
2020-12-02,6541,437517,18193593,42.5,42.5,41.0,41.0,-1.6,303,559
2020-12-03,6541,454026,18346841,41.1,41.1,40.2,40.3,-0.7,280,531
2020-12-04,6541,250198,10159754,40.35,40.9,40.35,40.65,0.35,162,624
2020-12-07,6541,294847,11883044,41.4,41.4,40.0,40.1,-0.55,205,619
2020-12-08,6541,299322,11942183,39.9,40.4,39.75,39.85,-0.25,195,594
2020-12-09,6541,267370,10639259,39.85,40.2,39.4,39.9,0.05,201,638
2020-12-10,6541,387254,15296717,40.1,40.1,39.3,39.55,-0.35,291,571
2020-12-11,6541,471652,18304194,39.4,39.4,38.2,38.65,-0.9,326,562
2020-12-14,6541,323039,12594098,38.65,39.4,38.5,38.8,0.15,203,552
2020-12-15,6541,385106,14765937,38.8,38.9,38.0,38.1,-0.7,233,554
2020-12-16,6541,421244,16408803,39.0,39.65,38.3,39.65,1.55,347,537
2020-12-17,6541,423929,17066422,39.85,41.0,39.65,40.5,0.85,279,497
2020-12-18,6541,213301,8626179,40.6,40.8,40.05,40.35,-0.15,161,616
2020-12-21,6541,684783,27563437,40.6,41.0,39.65,39.65,-0.7,368,492
2020-12-22,6541,303092,11888484,39.9,39.9,38.9,38.9,-0.75,195,626
2020-12-23,6541,316495,12435100,38.9,39.7,38.9,39.1,0.2,193,562
2020-12-24,6541,3475521,128760436,36.95,37.35,36.35,37.15,-1.95,2313,251
2020-12-25,6541,1005694,37185075,37.2,37.2,36.9,36.9,-0.25,641,413
2020-12-28,6541,722635,26685556,36.95,37.2,36.75,36.9,0.0,510,517
2020-12-29,6541,742454,27462197,36.85,37.1,36.85,36.95,0.05,445,509
2020-12-30,6541,533979,19799690,37.0,37.2,36.95,37.1,0.15,326,547
2020-12-31,6541,539335,20167431,37.05,37.55,37.05,37.4,0.3,357,540
2021-01-04,6541,553193,20595207,37.55,37.65,37.0,37.3,-0.1,302,558
2021-01-05,6541,259502,9652758,37.1,37.4,37.05,37.2,-0.1,167,649
2021-01-06,6541,535441,19748120,37.1,37.2,36.65,36.65,-0.55,322,605
2021-01-07,6541,272098,10044826,36.7,37.05,36.7,36.9,0.25,186,624
2021-01-08,6541,230145,8499071,36.9,37.1,36.8,37.1,0.2,192,668
2021-01-11,6541,264178,9756630,37.2,37.2,36.75,36.75,-0.35,158,664
2021-01-12,6541,279804,10282030,36.75,37.05,36.4,36.55,-0.2,206,669
2021-01-13,6541,301267,11011177,36.55,36.75,36.4,36.45,-0.1,202,620
2021-01-14,6541,178220,6503260,36.45,36.6,36.4,36.6,0.15,128,657
2021-01-15,6541,446728,16141202,36.45,36.5,35.6,35.9,-0.7,319,596
2021-01-18,6541,193936,7006625,35.9,36.5,35.9,35.95,0.05,169,670
2021-01-19,6541,233296,8354029,36.1,36.2,35.5,35.7,-0.25,157,608
2021-01-20,6541,455786,16073428,35.4,35.55,35.05,35.05,-0.65,307,627
2021-01-21,6541,364982,12755510,35.0,35.1,34.75,34.8,-0.25,217,574
2021-01-22,6541,275098,9543204,35.45,35.45,34.5,34.6,-0.2,227,604
2021-01-25,6541,349756,12482761,35.2,36.8,34.2,35.0,0.4,265,560
2021-01-26,6541,236653,8310807,35.4,35.4,34.75,35.35,0.35,192,593
2021-01-27,6541,357382,12829877,35.5,36.85,35.3,36.6,1.25,219,515
2021-01-28,6541,172192,6184044,36.0,36.25,35.7,35.8,-0.8,139,635
2021-01-29,6541,279329,9861955,35.6,35.65,35.1,35.1,-0.7,182,605
2021-02-01,6541,99132,3487136,35.2,35.3,35.0,35.2,0.1,70,709
2021-02-02,6541,99081,3507543,35.05,35.7,35.05,35.55,0.35,84,707
2021-02-03,6541,168621,6034445,35.7,36.1,35.55,35.95,0.4,110,580
2021-02-04,6541,133248,4801954,35.45,36.3,35.45,36.15,0.2,97,629
2021-02-05,6541,449047,16491146,36.15,37.15,36.0,37.05,0.9,323,473
2021-02-17,6541,336492,12564229,37.1,37.8,36.5,37.65,0.6,287,587
2021-02-18,6541,321534,12138588,37.6,38.0,37.0,38.0,0.35,226,602
2021-02-19,6541,1098495,43943299,38.2,41.6,38.2,40.9,2.9,705,413
2021-02-22,6541,334750,15047001,44.95,44.95,44.95,44.95,4.05,168,611
2021-02-23,6541,445924,22028641,49.4,49.4,49.4,49.4,4.45,201,550
2021-02-24,6541,11355574,615359337,54.3,54.3,52.7,54.3,4.9,4506,106
2021-02-25,6541,7530987,428383799,53.0,59.7,52.9,59.3,5.0,4072,128
2021-02-26,6541,2304798,132489189,59.0,59.0,55.7,57.5,-1.8,1590,272
2021-03-02,6541,2871969,179457633,60.0,63.2,60.0,63.1,5.6,1622,240
2021-03-03,6541,3166689,202318247,63.8,67.0,58.1,64.0,0.9,2159,205
2021-03-04,6541,746664,45430632,62.0,62.0,60.0,60.0,-4.0,508,406
2021-03-05,6541,1425526,92039925,61.8,66.0,61.8,66.0,6.0,929,293
2021-03-08,6541,1128044,74464725,67.2,67.2,65.0,65.9,-0.1,603,354
2021-03-09,6541,629251,40110815,65.0,65.0,63.0,64.5,-1.4,375,434
2021-03-10,6541,556627,35351721,63.9,64.9,61.8,61.8,-2.7,358,427
2021-03-11,6541,828093,53008650,62.8,65.5,62.8,63.0,1.2,466,400
2021-03-12,6541,782331,48525987,62.5,63.0,61.1,62.5,-0.5,461,398
2021-03-15,6541,992289,64308180,64.6,66.0,63.0,66.0,3.5,533,369
2021-03-16,6541,1015532,67869539,67.0,67.5,66.0,67.5,1.5,526,380
2021-03-17,6541,2297304,167126352,68.1,74.2,68.1,74.2,6.7,986,251
2021-03-18,6541,5224097,391750575,74.2,79.9,72.0,73.6,-0.6,3239,142
2021-03-19,6541,1738987,126232114,70.5,74.6,70.5,73.0,-0.6,1208,307
2021-03-22,6541,2589008,192554394,73.2,79.0,70.2,76.4,3.4,1794,260
2021-03-23,6541,3922103,312063929,74.3,84.0,73.5,84.0,7.6,2542,174
2021-03-24,6541,4478146,398718331,86.9,92.4,84.0,92.4,8.4,2602,132
2021-03-25,6541,5335995,508843278,95.0,100.0,91.5,93.3,0.9,3964,117
2021-03-26,6541,2390361,218628516,91.0,94.0,88.1,92.4,-0.9,1847,199
2021-03-29,6541,2169175,200987695,94.5,95.0,91.2,91.7,-0.7,1604,235
2021-03-30,6541,3304883,293206695,92.5,92.5,86.1,87.0,-4.7,2403,182
2021-03-31,6541,1480697,130439119,87.2,89.5,86.6,89.0,2.0,1025,302
2021-04-01,6541,1725282,156256733,89.0,92.5,87.5,91.0,2.0,1255,275
2021-04-06,6541,1857531,168618951,90.5,93.9,88.6,88.9,-2.1,1402,300
2021-04-07,6541,1410357,125203434,90.1,91.8,87.2,87.3,-1.6,1096,354
2021-04-08,6541,3077585,256653079,88.5,88.5,81.5,81.5,-5.8,2297,255
2021-04-09,6541,3293701,257904881,81.5,83.5,74.0,78.8,-2.7,2358,263
2021-04-12,6541,2624457,215631116,78.6,84.9,77.0,82.4,3.6,1934,305
2021-04-13,6541,4299277,329565342,82.4,82.4,74.2,74.2,-8.2,2956,226
2021-04-14,6541,3278487,228251685,74.2,74.9,67.0,69.9,-4.3,2257,283
2021-04-15,6541,945262,67263740,70.0,72.4,69.0,70.7,0.8,718,411
2021-04-16,6541,1261518,87638274,71.0,71.7,68.0,68.9,-1.8,868,410
2021-04-19,6541,2607123,170617203,67.7,68.0,63.3,63.9,-5.0,1670,348
2021-04-20,6541,1335049,91068978,65.8,70.2,64.3,70.2,6.3,910,426
2021-04-21,6541,3320513,236261339,72.5,74.9,67.7,68.0,-2.2,2341,275
2021-04-22,6541,1734924,115851958,67.4,70.0,65.2,66.1,-1.9,1228,458
2021-04-23,6541,884918,58430309,66.3,67.9,64.6,65.4,-0.7,593,466
2021-04-26,6541,1243477,84860385,65.5,70.1,65.5,69.4,4.0,775,421
2021-04-27,6541,1490224,104698179,70.0,72.5,68.2,68.3,-1.1,998,393
2021-04-28,6541,1362008,92694176,70.3,70.9,66.6,66.6,-1.7,868,427
2021-04-29,6541,890279,59368246,67.0,67.8,65.9,66.7,0.1,581,495
2021-05-03,6541,1135593,73980689,67.2,67.2,64.1,64.1,-2.6,878,479
2021-05-04,6541,2057921,123261886,63.5,64.5,57.7,58.8,-5.3,1419,422
2021-05-05,6541,959066,58355526,58.9,62.0,58.6,60.5,1.7,709,436
2021-05-06,6541,787232,47614438,59.5,63.0,58.9,59.8,-0.7,558,467
2021-05-07,6541,851718,52935055,60.2,64.5,60.2,63.4,3.6,535,436
2021-05-10,6541,1060888,64492665,63.4,63.4,60.0,60.3,-3.1,942,422
2021-05-11,6541,1041614,60863277,58.5,60.0,57.5,58.0,-2.3,737,515
2021-05-12,6541,1458434,82460309,58.0,60.5,52.6,54.1,-3.9,1073,510
2021-05-13,6541,915734,48371696,53.0,54.6,50.1,52.6,-1.5,685,519
2021-05-14,6541,1183830,66752497,54.2,57.8,53.4,57.8,5.2,652,435
2021-05-17,6541,2099678,117243674,62.6,62.6,52.1,52.2,-5.6,1449,366
2021-05-18,6541,798464,43381079,53.1,56.0,52.1,55.2,3.0,570,472
2021-05-19,6541,1002212,57471031,55.4,59.6,54.2,58.4,3.2,737,398
2021-05-20,6541,1147011,66217072,58.4,61.0,55.7,56.1,-2.3,814,350
2021-05-21,6541,569848,32823475,56.9,58.6,56.4,58.0,1.9,383,453
2021-05-24,6541,989329,56028799,58.0,58.0,54.6,56.8,-1.2,651,360
2021-05-25,6541,705698,39491512,56.8,57.3,55.3,55.6,-1.2,457,448
2021-05-26,6541,573594,32194145,56.0,57.0,55.6,55.7,0.1,437,428
2021-05-27,6541,1733400,102755977,54.9,61.2,54.9,61.2,5.5,984,289
2021-05-28,6541,2740096,171966717,65.2,65.2,59.9,63.0,1.8,1948,246
2021-05-31,6541,1535148,92301587,62.5,62.5,58.4,58.9,-4.1,1128,334
2021-06-01,6541,587319,34841186,59.1,60.9,58.1,59.9,1.0,482,449
2021-06-02,6541,1035449,59932960,59.3,59.9,56.7,57.2,-2.7,795,400
2021-06-03,6541,619323,35188599,57.2,57.9,56.3,56.6,-0.6,463,438
2021-06-04,6541,553933,31558525,56.8,58.2,56.2,56.2,-0.4,397,457
2021-06-07,6541,375443,21198021,56.3,57.2,55.8,56.4,0.2,266,522
2021-06-08,6541,2546472,156510185,56.1,62.0,56.1,62.0,5.6,1566,223
2021-06-09,6541,1755341,107048814,62.0,62.3,59.8,60.0,-2.0,1233,276
2021-06-10,6541,1364216,84777958,61.1,63.8,60.6,62.7,2.7,1038,313
2021-06-11,6541,1095087,67575104,63.3,63.4,60.6,60.8,-1.9,860,329
2021-06-15,6541,694035,41150913,60.8,61.0,58.3,59.1,-1.7,615,416
2021-06-16,6541,597414,35532216,59.5,60.9,58.8,58.8,-0.3,424,439
2021-06-17,6541,513040,30625887,59.2,60.8,58.8,59.4,0.6,359,432
2021-06-18,6541,486478,28871913,59.4,59.7,59.1,59.7,0.3,322,477
2021-06-21,6541,798992,47511207,60.3,61.9,58.6,59.1,-0.6,536,423
2021-06-22,6541,618265,36312079,59.6,59.6,58.0,58.5,-0.6,452,441
2021-06-23,6541,335252,19700244,58.8,59.3,58.4,58.7,0.2,256,550
2021-06-24,6541,407856,24361752,59.5,60.5,58.8,59.8,1.1,292,508
2021-06-25,6541,347588,20634653,60.0,60.1,58.9,58.9,-0.9,262,555
2021-06-28,6541,458254,26865409,58.7,59.0,58.4,58.5,-0.4,294,506
2021-06-29,6541,529111,30600830,58.5,58.5,57.5,57.6,-0.9,385,488
2021-06-30,6541,205849,11909871,57.6,58.2,57.6,57.9,0.3,169,623
2021-07-01,6541,380963,21925572,58.0,58.1,57.2,57.5,-0.4,318,564
2021-07-02,6541,366858,21545432,57.9,59.8,57.6,58.3,0.8,294,536
2021-07-05,6541,361672,20905980,58.3,58.3,57.5,57.8,-0.5,265,561
2021-07-06,6541,239315,13847812,57.9,58.5,57.5,58.0,0.2,190,593
2021-07-07,6541,269109,15498831,58.3,58.3,57.3,57.3,-0.7,215,600
2021-07-08,6541,406662,23107274,57.5,58.0,56.5,56.9,-0.4,354,546
2021-07-09,6541,395576,22182305,56.0,57.0,55.6,55.7,-1.2,304,553
2021-07-12,6541,473480,26458136,55.7,57.1,55.3,55.4,-0.3,317,546
2021-07-13,6541,898417,48286427,55.4,55.4,53.0,53.3,-2.1,691,487
2021-07-14,6541,421003,21953906,53.2,53.2,51.5,52.4,-0.9,330,543
2021-07-15,6541,388271,20422922,52.0,53.8,52.0,52.9,0.5,276,526
2021-07-16,6541,207716,11131303,52.9,54.1,52.9,53.6,0.7,174,613
2021-07-19,6541,478034,25287865,54.0,54.0,52.2,52.3,-1.3,342,534
2021-07-20,6541,510126,27262776,53.0,54.8,52.2,52.2,-0.1,402,512
2021-07-21,6541,670577,34349681,52.7,52.7,50.2,50.6,-1.6,527,502
2021-07-22,6541,1132710,56410808,50.6,51.2,49.2,49.5,-1.1,785,404
2021-07-23,6541,420160,21135284,49.4,51.5,49.3,50.0,0.5,306,545
2021-07-26,6541,342170,17155887,50.3,50.9,49.9,49.9,-0.1,215,575
2021-07-27,6541,459355,22587801,50.3,50.3,48.6,48.6,-1.3,330,534
2021-07-28,6541,356230,17067886,48.55,50.0,47.35,47.7,-0.9,280,591
2021-07-29,6541,612118,31883580,50.6,52.4,50.4,52.4,4.7,338,435
2021-07-30,6541,1577633,85192164,52.4,56.1,52.0,53.8,1.4,1113,331
2021-08-02,6541,517511,27144971,54.0,54.2,50.9,52.6,-1.2,407,458
2021-08-03,6541,476565,25856097,53.4,55.4,53.1,54.5,1.9,378,437
2021-08-04,6541,589519,31267731,54.2,54.2,52.6,52.6,-1.9,424,435
2021-08-05,6541,196460,10402171,52.7,53.5,52.6,52.6,0.0,146,586
2021-08-06,6541,238820,12457506,52.6,52.7,51.5,51.5,-1.1,194,567
2021-08-09,6541,250027,12746854,51.5,51.7,50.6,50.6,-0.9,195,603
2021-08-10,6541,272195,13676267,50.2,50.8,49.75,50.1,-0.5,212,582
2021-08-11,6541,170525,8604501,50.4,52.0,49.75,50.0,-0.1,131,680
2021-08-12,6541,265026,13294976,50.1,50.9,49.95,50.0,0.0,179,525
2021-08-13,6541,238596,11926964,50.2,50.4,49.8,50.0,0.0,181,586
2021-08-16,6541,307201,15172510,49.75,50.1,49.0,49.0,-1.0,208,584
2021-08-17,6541,223227,10901627,49.35,49.6,48.1,48.15,-0.85,182,583
2021-08-18,6541,422467,20002670,48.0,48.2,46.65,48.05,-0.1,340,524
2021-08-19,6541,506337,23461679,47.85,47.85,45.5,45.5,-2.55,380,476
2021-08-20,6541,323087,14682488,45.8,46.6,45.0,45.0,-0.5,216,514
2021-08-23,6541,257435,12001211,45.3,47.3,45.3,47.3,2.3,171,540
2021-08-24,6541,378252,18386155,47.9,49.6,47.6,49.5,2.2,263,481
2021-08-25,6541,260609,12805048,49.9,50.0,48.6,48.85,-0.65,184,524
2021-08-26,6541,162800,7961200,49.35,49.35,48.4,48.4,-0.45,147,585
2021-08-27,6541,180000,8798700,48.5,49.4,48.0,48.65,0.25,138,556
2021-08-30,6541,207050,10049895,48.9,49.0,48.15,48.25,-0.4,152,547
2021-08-31,6541,184831,8882014,48.25,48.4,47.75,48.0,-0.25,157,565
2021-09-01,6541,487640,22892697,47.5,47.5,46.7,46.75,-1.25,299,461
2021-09-02,6541,295050,13754100,46.75,47.5,46.15,46.8,0.05,211,518
2021-09-03,6541,255098,11960656,47.0,47.1,46.6,46.75,-0.05,184,536
2021-09-06,6541,139546,6538054,46.75,47.15,46.65,46.65,-0.1,118,630
2021-09-07,6541,140267,6536266,46.5,46.9,46.25,46.8,0.0,101,605
2021-09-08,6541,221558,10230717,46.3,46.5,46.0,46.0,-0.8,152,578
2021-09-09,6541,223899,10291855,45.5,46.5,45.5,46.5,0.5,149,516
2021-09-10,6541,128374,5962267,47.1,47.1,46.0,46.0,-0.5,106,603
2021-09-13,6541,269066,12695118,45.65,48.6,45.65,47.2,1.2,192,525
2021-09-14,6541,373338,17188569,47.0,47.0,44.8,45.9,-1.3,268,465
2021-09-15,6541,330467,14932134,46.0,46.0,45.05,45.1,-0.8,255,498
2021-09-16,6541,583347,25863329,45.1,45.35,43.0,44.0,-1.1,408,406
2021-09-17,6541,267932,11829608,44.35,44.75,43.85,43.95,-0.05,190,530
2021-09-22,6541,428099,18453670,43.8,43.8,42.65,43.0,-0.95,272,497
2021-09-23,6541,683365,29874688,43.1,44.5,43.1,44.05,1.05,443,376
2021-09-24,6541,420276,18847805,44.35,45.75,43.65,45.3,1.25,334,448
2021-09-27,6541,187714,8459008,45.5,45.65,44.65,44.7,-0.6,162,600
2021-09-28,6541,86055,3840219,44.6,44.85,44.35,44.7,0.0,70,680
2021-09-29,6541,210176,9209265,44.7,44.7,43.6,43.6,-1.1,316,617
2021-09-30,6541,278818,12493524,43.7,45.4,43.65,45.4,1.8,195,531
2021-10-01,6541,415259,18679694,44.9,45.7,44.5,44.6,-0.8,266,536
2021-10-04,6541,2626003,110784320,42.2,42.5,42.0,42.05,-2.55,1889,267
2021-10-05,6541,2038215,86578313,42.1,43.3,41.65,42.45,0.4,1229,269
2021-10-06,6541,912931,38976631,43.1,43.5,42.2,42.4,-0.05,662,355
2021-10-07,6541,450322,19137366,42.6,42.7,42.35,42.45,0.05,368,465
2021-10-08,6541,400204,16957829,42.45,42.55,42.2,42.45,0.0,265,443
2021-10-12,6541,541115,22796281,42.45,42.5,41.9,42.0,-0.45,350,439
2021-10-13,6541,278902,11713642,42.05,42.4,41.9,41.95,-0.05,203,536
2021-10-14,6541,359715,15199265,42.1,42.5,42.0,42.15,0.2,217,454
2021-10-15,6541,328660,13921425,42.4,42.55,42.15,42.35,0.2,253,483
2021-10-18,6541,931631,43367418,46.55,46.55,46.55,46.55,4.2,411,332
2021-10-19,6541,3881759,194449072,51.2,51.2,47.5,49.0,2.45,2460,188
2021-10-20,6541,1295967,62584246,47.8,49.3,47.35,49.05,0.05,1038,299
2021-10-21,6541,2150983,110940559,48.8,53.9,48.65,53.9,4.85,1550,288
2021-10-22,6541,2975860,163406110,52.9,58.0,51.1,55.8,1.9,2607,205
2021-10-25,6541,1603683,87261584,56.0,56.2,53.2,53.9,-1.9,1211,251
2021-10-26,6541,1392146,72375626,53.4,53.5,50.7,50.7,-3.2,1011,317
2021-10-27,6541,642622,32740500,50.2,51.8,50.1,50.7,0.0,510,387
2021-10-28,6541,414821,20964595,50.6,51.0,50.2,50.4,-0.3,325,446
2021-10-29,6541,558014,28474761,50.4,51.9,50.3,51.5,1.1,432,422
2021-11-01,6541,476519,24259333,51.4,51.5,50.5,50.7,-0.8,382,466
2021-11-02,6541,876543,43370392,50.7,50.9,48.35,48.6,-2.1,663,403
2021-11-03,6541,255154,12471268,48.5,49.5,48.5,49.05,0.45,198,537
2021-11-04,6541,745044,37974842,49.35,52.0,49.35,50.2,1.15,512,386
2021-11-05,6541,343515,17435279,50.3,51.5,50.2,50.9,0.7,238,478
2021-11-08,6541,456573,22891400,51.1,51.3,49.5,49.65,-1.25,357,469
2021-11-09,6541,598165,29418123,50.4,50.5,48.45,48.75,-0.9,426,442
2021-11-10,6541,231749,11413373,48.7,49.5,48.5,49.35,0.6,196,581
2021-11-11,6541,684184,34738380,49.35,51.8,49.35,50.3,0.95,502,438
2021-11-12,6541,404577,20630062,51.3,51.6,50.3,50.7,0.4,254,495
2021-11-15,6541,395043,19912333,50.8,51.3,49.8,50.0,-0.7,273,522
2021-11-16,6541,429538,21403016,50.1,50.2,49.6,49.8,-0.2,288,515
2021-11-17,6541,390699,19350680,49.8,50.0,49.2,49.2,-0.6,271,520
2021-11-18,6541,843208,41462114,49.5,50.4,48.45,49.8,0.6,547,404
2021-11-19,6541,877549,44890408,49.8,52.0,49.8,50.9,1.1,637,400
2021-11-22,6541,958721,49499291,51.6,52.5,50.9,51.7,0.8,580,373
2021-11-23,6541,1516452,81011401,52.0,54.9,51.6,54.1,2.4,1072,329
2021-11-24,6541,740579,39435724,53.5,54.1,52.9,53.2,-0.9,559,394
2021-11-25,6541,538160,28678678,53.5,54.3,52.6,52.8,-0.4,595,420
2021-11-26,6541,607385,31785244,52.4,53.5,51.6,52.0,-0.8,432,465
2021-11-29,6541,681774,34704086,50.3,51.9,50.3,50.7,-1.3,521,433
2021-11-30,6541,604565,31281873,51.4,52.5,50.6,52.3,1.6,439,460
2021-12-01,6541,523760,27519778,52.4,53.6,52.1,52.3,0.0,343,430
2021-12-02,6541,1977721,111075907,52.0,57.5,52.0,57.5,5.2,1350,271
2021-12-03,6541,2288920,132931917,56.2,59.6,56.1,57.9,0.4,1715,233
2021-12-06,6541,1210937,68908633,57.5,58.6,55.6,55.6,-2.3,1193,298
2021-12-07,6541,825533,45454455,56.0,56.0,54.6,55.1,-0.5,674,379
2021-12-08,6541,782496,43658416,55.2,56.7,54.9,56.1,1.0,521,388
2021-12-09,6541,3053130,184225403,55.6,61.7,55.6,61.6,5.5,2064,225
2021-12-10,6541,4687973,308672804,60.9,67.7,59.5,67.7,6.1,3165,144
2021-12-13,6541,5454947,397566073,71.3,74.4,70.5,74.4,6.7,3359,123
2021-12-14,6541,9384609,714779636,79.8,81.8,68.8,74.4,0.0,6624,73
2021-12-15,6541,5337205,400775238,72.4,79.6,69.8,77.6,3.2,3771,110
2021-12-16,6541,3719093,279932301,78.0,78.0,72.7,72.9,-4.7,2748,164
2021-12-17,6541,4133194,283754660,72.5,72.9,65.7,67.1,-5.8,3081,187
2021-12-20,6541,1936881,130315766,67.5,70.0,66.0,66.1,-1.0,1981,244
2021-12-21,6541,2023864,131499749,66.9,67.0,63.4,66.5,0.4,1654,227
2021-12-22,6541,1146871,75863252,66.2,66.9,65.3,66.5,0.0,878,295
2021-12-23,6541,1271529,83114721,66.1,66.6,64.6,64.8,-1.7,921,314
2021-12-24,6541,905009,57959913,65.0,65.4,63.5,63.5,-1.3,729,341
2021-12-27,6541,2612967,160160284,64.1,64.1,59.8,60.6,-2.9,1694,204
2021-12-28,6541,1533137,94320956,60.7,62.9,60.5,60.7,0.1,1210,300
2021-12-29,6541,2192360,129504416,61.0,61.0,58.3,58.7,-2.0,1571,256
2021-12-30,6541,1096046,64515812,58.0,59.8,57.9,58.1,-0.6,775,341
2022-01-03,6541,1261433,72822685,58.5,58.6,56.9,57.6,-0.5,906,333
2022-01-04,6541,2227195,135167445,57.8,63.0,57.2,61.6,4.0,1708,256
2022-01-05,6541,1534768,91388173,60.3,60.8,58.5,58.9,-2.7,1636,314
2022-01-06,6541,1109489,66311262,59.0,60.9,58.5,60.3,1.4,830,337
2022-01-07,6541,953628,56661102,60.6,60.9,58.9,58.9,-1.4,899,398
2022-01-10,6541,1293569,79362430,59.5,63.0,59.4,60.9,2.0,951,314
2022-01-11,6541,928503,55385039,61.6,61.6,58.8,58.8,-2.1,882,393
2022-01-12,6541,688484,39951918,59.8,59.8,57.3,57.6,-1.2,604,395
2022-01-13,6541,457265,26657604,57.6,59.1,57.6,58.7,1.1,336,427
2022-01-14,6541,593077,33999270,58.3,58.7,57.0,57.0,-1.7,438,431
2022-01-17,6541,394416,22604178,56.6,58.2,56.3,57.6,0.6,284,429
2022-01-18,6541,335825,19441962,57.6,58.3,57.6,57.7,0.1,249,460
2022-01-19,6541,517918,29585293,57.7,58.0,56.5,56.5,-1.2,492,388
2022-01-20,6541,841496,46984375,56.5,57.4,55.4,55.5,-1.0,837,323
2022-01-21,6541,735018,40217704,55.2,55.9,53.9,53.9,-1.6,510,400
2022-01-24,6541,730184,38476917,53.8,53.8,51.8,53.3,-0.6,488,380
2022-01-25,6541,881034,46020995,53.3,54.0,51.3,51.3,-2.0,676,355
2022-01-26,6541,786958,41658427,51.3,54.6,51.3,53.2,1.9,551,336
2022-02-07,6541,702429,38276639,54.5,55.2,54.0,54.9,1.7,532,366
2022-02-08,6541,1311477,76058313,55.0,60.3,54.9,60.3,5.4,958,292
2022-02-09,6541,2126796,130210162,60.8,63.0,59.1,61.8,1.5,1674,247
2022-02-10,6541,725613,43876236,61.2,61.5,60.1,60.1,-1.7,682,361
2022-02-11,6541,715581,42894373,59.3,61.0,59.0,59.0,-1.1,546,352
2022-02-14,6541,834258,47655350,58.0,58.0,56.5,57.0,-2.0,613,346
2022-02-15,6541,475808,27525378,57.2,58.5,57.1,57.3,0.3,357,401
2022-02-16,6541,685429,40370544,58.0,60.9,57.8,59.7,2.4,512,355
2022-02-17,6541,1040252,61451733,59.9,60.3,58.0,58.1,-1.6,598,334
2022-02-18,6541,411095,24075323,57.7,59.3,57.5,58.4,0.3,276,427
2022-02-21,6541,1913259,117271535,57.5,62.8,57.5,62.1,3.7,1316,228
2022-02-22,6541,1300290,77952127,61.0,61.7,59.1,60.4,-1.7,1093,312
2022-02-23,6541,822173,50004486,60.4,61.7,60.0,60.5,0.1,577,314
2022-02-24,6541,1343778,78401488,59.9,59.9,57.6,58.0,-2.5,1148,349
2022-02-25,6541,632542,36972879,58.2,59.4,57.7,59.0,1.0,477,397
2022-03-01,6541,660664,39282446,59.6,60.5,58.8,58.8,-0.2,453,371
2022-03-02,6541,400691,23592071,59.0,59.8,58.3,59.5,0.7,274,415
2022-03-03,6541,306209,18196990,60.0,60.0,59.0,59.5,0.0,224,476
2022-03-04,6541,452986,26517887,58.9,59.4,58.2,58.5,-1.0,330,424
2022-03-07,6541,977011,54807780,57.8,57.8,55.2,55.4,-3.1,707,409
2022-03-08,6541,607729,33210291,55.0,56.3,53.5,53.6,-1.8,482,455
2022-03-09,6541,489733,26532708,54.0,55.4,53.9,54.0,0.4,347,426
2022-03-10,6541,413340,23072876,55.8,56.5,55.0,55.8,1.8,319,448
2022-03-11,6541,259618,14306507,55.5,56.2,54.7,54.9,-0.9,322,476
2022-03-14,6541,260000,14256700,55.5,55.6,54.5,54.5,-0.4,178,488
2022-03-15,6541,578293,30819631,54.5,54.5,52.5,52.5,-2.0,453,420
2022-03-16,6541,320021,16916281,53.0,53.7,52.4,52.8,0.3,236,494
2022-03-17,6541,473773,25970654,54.2,55.5,54.2,54.8,2.0,330,454
2022-03-18,6541,824905,46867140,54.3,58.5,54.3,58.0,3.2,612,365
2022-03-21,6541,423983,24599825,58.0,58.8,57.1,57.5,-0.5,292,441
2022-03-22,6541,228556,13175851,57.6,58.2,57.1,57.5,0.0,264,504
2022-03-23,6541,615477,36053835,57.8,59.8,57.4,59.1,1.6,448,414
2022-03-24,6541,648100,37802871,58.5,59.0,58.0,58.0,-1.1,514,383
2022-03-25,6541,593753,33763936,57.8,58.2,56.2,56.2,-1.8,613,412
2022-03-28,6541,686689,37740476,55.1,55.5,54.5,55.2,-1.0,545,390
2022-03-29,6541,1017995,57939694,55.2,58.8,54.8,58.3,3.1,759,311
2022-03-30,6541,886955,50590989,57.5,58.1,56.5,56.5,-1.8,700,355
2022-03-31,6541,639783,35667447,56.2,56.8,55.3,55.4,-1.1,545,377
2022-04-01,6541,800730,43974797,54.9,55.6,54.5,54.5,-0.9,579,329
2022-04-06,6541,563716,31171740,53.8,56.3,53.8,55.8,1.3,424,391
2022-04-07,6541,797391,43332273,54.9,56.0,53.8,53.8,-2.0,664,400
2022-04-08,6541,434756,23481299,54.2,54.5,53.7,54.0,0.2,314,432
2022-04-11,6541,1098530,61264942,55.9,56.6,55.0,55.5,1.5,769,364
2022-04-12,6541,726553,39773765,55.6,55.8,54.1,55.3,-0.2,611,385
2022-04-13,6541,1519876,86681421,55.6,58.6,55.2,57.5,2.2,1009,268
2022-04-14,6541,1299281,76093377,58.0,59.8,57.3,59.6,2.1,923,291
2022-04-15,6541,1263255,73304171,59.7,59.7,56.7,57.6,-2.0,918,307
2022-04-18,6541,744947,42344446,57.6,57.9,56.1,56.9,-0.7,520,372
2022-04-19,6541,1034212,59023676,58.3,58.6,56.4,56.4,-0.5,807,307
2022-04-20,6541,477749,26911971,56.8,57.1,55.8,56.8,0.4,333,416
2022-04-21,6541,3868095,235171588,57.0,62.4,57.0,62.4,5.6,2392,177
2022-04-22,6541,2970346,179724467,61.0,61.8,59.5,60.2,-2.2,2056,208
2022-04-25,6541,1413328,81293713,59.0,59.0,57.0,57.0,-3.2,1132,322
2022-04-26,6541,1383745,77340807,57.8,57.8,54.6,56.1,-0.9,929,277
2022-04-27,6541,739529,40792077,55.0,56.0,54.4,56.0,-0.1,471,413
2022-04-28,6541,377350,21120321,57.3,57.3,55.5,55.6,-0.4,287,426
2022-04-29,6541,448204,25122812,55.7,56.9,55.6,55.7,0.1,363,405
2022-05-03,6541,849043,46964254,55.8,56.3,54.7,54.7,-1.0,517,301
2022-05-04,6541,2051077,117084640,56.0,58.4,55.6,57.3,2.6,1315,192
2022-05-05,6541,1234750,69840734,57.5,57.5,55.9,56.9,-0.4,822,265
2022-05-06,6541,3723871,217344302,56.3,59.9,55.8,58.9,2.0,2231,159
2022-05-09,6541,3935759,233404510,58.3,61.2,57.7,59.4,0.5,2504,166
2022-05-10,6541,2669305,154952456,58.9,59.3,56.5,59.3,-0.1,1523,197
2022-05-11,6541,2157824,123940629,58.4,59.0,56.5,58.0,-1.3,1443,210
2022-05-12,6541,2389448,132478743,57.0,57.4,54.4,54.4,-3.6,1562,222
2022-05-13,6541,2390143,127365857,54.2,54.3,52.5,53.9,-0.5,1466,204
2022-05-16,6541,717060,38517326,54.1,54.3,53.1,53.2,-0.7,490,353
2022-05-17,6541,580872,31198203,54.0,54.2,53.2,53.7,0.5,362,356
2022-05-18,6541,733003,39922929,53.5,55.3,53.5,54.8,1.1,468,333
2022-05-19,6541,607064,32452603,53.6,54.0,53.2,53.4,-1.4,451,355
2022-05-20,6541,793922,42002987,53.5,53.5,52.6,53.0,-0.4,553,305
2022-05-23,6541,628234,33457432,53.4,54.4,52.6,53.2,0.2,432,337
2022-05-24,6541,558822,29624614,53.3,53.9,52.5,52.5,-0.7,428,363
2022-05-25,6541,641608,33630126,53.2,53.2,52.0,52.5,0.0,413,337
2022-05-26,6541,1096881,59100225,53.8,54.5,53.1,53.3,0.8,670,283
2022-05-27,6541,1030136,55922205,54.1,55.4,53.5,54.7,1.4,575,268
2022-05-30,6541,624056,34089874,54.6,55.1,54.2,54.7,0.0,417,358
2022-05-31,6541,558739,30724100,55.3,55.5,54.4,55.2,0.5,367,368
2022-06-01,6541,382181,21092339,55.0,55.7,54.7,55.5,0.3,311,438
2022-06-02,6541,555926,30936660,56.0,56.4,55.0,55.9,0.4,413,344
2022-06-06,6541,1224924,65060035,54.5,55.0,52.0,52.9,-3.0,851,263
2022-06-07,6541,395564,21015613,52.8,53.9,52.7,53.9,1.0,291,389
2022-06-08,6541,288141,15427255,53.9,54.0,53.2,53.3,-0.6,222,445
2022-06-09,6541,402738,21400710,53.0,53.6,52.8,53.5,0.2,305,393
2022-06-10,6541,2022116,112626753,53.0,57.3,52.5,57.1,3.6,1347,210
2022-06-13,6541,1913264,108196721,56.0,58.1,55.4,58.1,1.0,1222,230
2022-06-14,6541,6077537,361746543,58.2,61.5,56.0,61.5,3.4,4010,111
2022-06-15,6541,6394001,397608858,62.0,63.5,60.2,62.2,0.7,4517,109
2022-06-16,6541,8384533,550868347,62.7,68.4,61.6,64.8,2.6,5775,98
2022-06-17,6541,4303565,277369180,64.7,65.9,62.8,65.5,0.7,3149,171
2022-06-20,6541,5205500,338928957,67.4,67.5,62.2,62.4,-3.1,3751,139
2022-06-21,6541,7057653,465960908,62.8,68.6,61.5,68.6,6.2,4645,103
2022-06-22,6541,7700956,537986710,68.0,72.0,67.7,71.0,2.4,5587,91
2022-06-23,6541,5267173,362156520,70.6,70.6,67.0,69.2,-1.8,3824,133
2022-06-24,6541,3323553,230578028,69.3,71.0,67.6,70.0,0.8,2590,158
2022-06-27,6541,3060311,212077381,70.3,70.7,68.2,69.1,-0.9,2380,157
2022-06-28,6541,3547461,243112645,69.1,70.6,66.8,67.1,-2.0,2541,125
2022-06-29,6541,5912554,418913810,66.2,73.3,66.2,72.6,5.5,4591,102
2022-06-30,6541,5379876,373730082,72.1,72.1,67.0,67.3,-5.3,4614,131
2022-07-01,6541,4541320,294475301,66.9,68.7,62.2,62.5,-4.8,3201,162
2022-07-04,6541,1965173,122808467,63.5,64.5,61.0,61.6,-0.9,1459,209
2022-07-05,6541,2418186,157358496,63.1,66.9,62.5,66.0,4.4,1784,189
2022-07-06,6541,1651839,106251636,66.0,66.4,62.7,63.0,-3.0,1575,222
2022-07-07,6541,1307938,82942607,63.6,64.7,61.7,63.6,0.6,936,252
2022-07-08,6541,1489418,93854320,63.8,64.7,62.3,62.3,-1.3,1149,249
2022-07-11,6541,1488440,96030711,62.5,65.8,62.1,65.0,2.7,1097,218
2022-07-12,6541,1812303,114387347,64.5,65.3,62.0,62.3,-2.7,1197,218
2022-07-13,6541,836558,53048013,63.7,64.2,62.6,63.0,0.7,623,300
2022-07-14,6541,1099850,68173091,62.6,63.3,61.1,62.5,-0.5,839,260
2022-07-15,6541,1164036,73002316,62.5,63.3,62.2,63.0,0.5,830,262
2022-07-18,6541,1546332,100773411,63.1,66.5,63.0,65.4,2.4,1129,241
2022-07-19,6541,1231241,81162151,65.4,66.9,64.6,65.0,-0.4,1017,248
2022-07-20,6541,1393551,89498926,65.1,65.4,63.5,63.5,-1.5,1143,265
2022-07-21,6541,1920223,118704501,63.5,63.5,60.5,62.5,-1.0,1573,222
2022-07-22,6541,1684084,107217140,62.3,64.9,62.0,64.2,1.7,1187,231
2022-07-25,6541,5023672,349660990,65.3,70.6,65.0,70.6,6.4,2947,95
2022-07-26,6541,5368740,374299146,68.6,71.7,68.4,68.9,-1.7,3719,99
2022-07-27,6541,2752575,184581915,68.0,68.2,66.1,67.3,-1.6,2269,156
2022-07-28,6541,2507386,166200691,67.4,67.4,65.5,66.1,-1.2,1967,168
2022-07-29,6541,3362328,217135455,66.1,66.5,63.0,64.0,-2.1,2589,164
2022-08-01,6541,1086633,62590022,57.6,57.6,57.6,57.6,-6.4,798,264
2022-08-02,6541,5412578,288326895,52.5,55.4,52.3,53.0,-4.6,3734,129
2022-08-03,6541,8172255,401994163,52.5,53.0,47.7,49.35,-3.65,6270,92
2022-08-04,6541,2817717,133914033,48.3,48.8,46.2,47.35,-2.0,2091,197
2022-08-05,6541,1707234,82855903,47.9,49.1,47.9,48.35,1.0,1319,243
2022-08-08,6541,1712262,79156411,47.9,47.9,45.5,46.0,-2.35,1260,242
2022-08-09,6541,1360229,64257811,46.0,48.3,45.75,48.0,2.0,1047,269
2022-08-10,6541,851184,40223353,46.6,47.8,46.6,47.3,-0.7,750,329
2022-08-11,6541,1051653,50694049,47.5,49.3,47.4,48.3,1.0,797,335
2022-08-12,6541,974662,46560561,47.95,48.8,47.25,48.15,-0.15,729,336
2022-08-15,6541,832979,40402695,48.2,48.9,47.95,48.75,0.6,541,382
2022-08-16,6541,2328900,119316755,49.9,52.4,49.85,51.5,2.75,1813,228
2022-08-17,6541,1318667,66840539,50.5,51.3,50.2,50.7,-0.8,1177,291
2022-08-18,6541,1581630,81807285,51.0,52.2,50.8,51.4,0.7,1108,264
2022-08-19,6541,1008083,51621205,51.8,52.2,50.7,50.9,-0.5,879,328
2022-08-22,6541,1493207,77853136,51.2,52.8,51.2,52.0,1.1,1322,265
2022-08-23,6541,1350127,69324380,51.9,51.9,50.8,51.7,-0.3,1126,260
2022-08-24,6541,1613949,84501075,51.7,53.2,51.1,52.2,0.5,1201,253
2022-08-25,6541,3487858,175078645,50.5,51.3,49.5,49.9,-2.3,2345,163
2022-08-26,6541,1662910,84471487,50.2,51.4,50.2,50.8,0.9,1231,276
2022-08-29,6541,1481559,73122785,49.75,50.1,48.65,49.15,-1.65,1183,266
2022-08-30,6541,1112194,55826650,49.5,50.7,49.2,50.4,1.25,796,281
2022-08-31,6541,2390772,124035203,50.2,52.8,50.0,52.7,2.3,1622,226
2022-09-01,6541,1298706,66644450,51.9,52.2,50.7,50.7,-2.0,985,288
2022-09-02,6541,874471,44324148,51.4,51.5,50.2,50.4,-0.3,657,324
2022-09-05,6541,1030926,52239420,50.5,51.4,50.1,50.1,-0.3,794,298
2022-09-06,6541,1188006,58775430,50.3,50.7,48.95,49.05,-1.05,944,304
2022-09-07,6541,620015,30671676,48.95,49.9,48.65,49.5,0.45,502,359
2022-09-08,6541,639522,32408597,50.0,51.2,49.75,50.8,1.3,522,357
2022-09-12,6541,1166602,60229400,51.9,52.2,51.0,51.7,0.9,845,301
2022-09-13,6541,1258617,65430608,52.0,52.6,51.3,51.4,-0.3,1058,289
2022-09-14,6541,1000449,50479642,50.2,50.9,50.0,50.3,-1.1,817,314
2022-09-15,6541,988144,50213754,50.4,51.7,50.3,50.4,0.1,746,318
2022-09-16,6541,5875870,296191450,50.4,50.5,49.55,50.5,0.1,824,151
2022-09-19,6541,845946,42773931,51.1,51.6,49.65,49.65,-0.85,664,321
2022-09-20,6541,607637,30718405,51.1,51.1,49.8,50.9,1.25,425,330
2022-09-21,6541,707985,36102933,51.5,51.6,50.4,50.8,-0.1,596,330
2022-09-22,6541,1473525,76105610,51.4,53.2,50.4,52.0,1.2,1001,246
2022-09-23,6541,1177987,59974724,52.1,52.4,50.1,50.2,-1.8,921,271
2022-09-26,6541,1114874,54984466,49.8,50.0,48.9,49.1,-1.1,702,328
2022-09-27,6541,735936,36497549,49.3,49.95,49.3,49.6,0.5,434,338
2022-09-28,6541,798309,39282828,49.8,50.0,48.85,48.85,-0.75,714,373
2022-09-29,6541,577312,28638313,49.7,50.2,49.0,49.5,0.65,467,371
2022-09-30,6541,679074,33361992,48.95,49.55,48.85,49.5,0.0,532,335
2022-10-03,6541,496664,24877045,49.65,50.4,49.5,49.9,0.4,330,331
2022-10-04,6541,472651,23715451,50.8,51.0,49.9,50.1,0.2,413,358
2022-10-05,6541,536313,26744828,50.6,50.6,49.55,49.55,-0.55,485,367
2022-10-06,6541,331104,16359990,49.75,49.75,49.25,49.25,-0.3,321,387
2022-10-07,6541,344760,16973979,49.25,49.75,49.05,49.05,-0.2,239,394
2022-10-11,6541,719835,34086700,48.8,48.8,46.5,46.55,-2.5,551,354
2022-10-12,6541,398900,18614430,46.55,47.1,46.4,46.6,0.05,272,402
2022-10-13,6541,694158,31194143,46.65,47.0,43.05,43.55,-3.05,519,416
2022-10-14,6541,440902,19984765,44.85,46.15,44.3,45.4,1.85,328,391
2022-10-17,6541,594291,26093089,45.4,45.4,43.3,44.65,-0.75,433,351
2022-10-18,6541,255982,11520605,45.7,45.7,44.15,44.95,0.3,200,456
2022-10-19,6541,261522,11645817,44.85,45.2,43.95,44.0,-0.95,218,453
2022-10-20,6541,490810,20954823,44.0,44.0,42.3,42.95,-1.05,374,477
2022-10-21,6541,316208,13311442,42.9,42.9,41.85,41.85,-1.1,289,447
2022-10-24,6541,302406,12749778,42.2,42.75,41.85,41.9,0.05,206,437
2022-10-25,6541,508046,20697531,42.2,42.2,40.2,40.3,-1.6,349,354
2022-10-26,6541,240249,9696530,40.3,40.65,40.1,40.3,0.0,195,467
2022-10-27,6541,415574,15085315,36.3,36.3,36.3,36.3,-4.0,310,394
2022-10-28,6541,371115,12135438,32.7,32.7,32.7,32.7,-3.6,244,412
2022-10-31,6541,249252,7340441,29.45,29.45,29.45,29.45,-3.25,248,477
2022-11-01,6541,3971395,114505399,27.0,31.4,27.0,29.55,0.1,2319,180
2022-11-02,6541,2043154,59351696,28.65,29.9,28.5,29.1,-0.45,1349,243
2022-11-03,6541,1534911,45248134,29.1,30.2,28.85,29.9,0.8,940,262
2022-11-04,6541,838198,24821966,29.85,29.9,29.15,29.8,-0.1,626,348
2022-11-07,6541,860792,25237907,30.0,30.0,29.0,29.1,-0.7,661,383
2022-11-08,6541,1028131,30013157,29.25,29.55,28.7,28.7,-0.4,684,371
2022-11-09,6541,926343,26883066,28.9,29.35,28.7,29.05,0.35,584,398
2022-11-10,6541,725142,21241473,29.1,29.5,29.05,29.4,0.35,486,394
2022-11-11,6541,1006171,29557440,29.6,29.75,29.1,29.1,-0.3,649,415
2022-11-14,6541,2366487,74338058,30.75,32.0,30.05,32.0,2.9,1518,282
2022-11-15,6541,1535296,48585858,31.6,33.0,31.1,31.55,-0.45,1060,325
2022-11-16,6541,1366403,42029077,31.25,31.5,30.25,30.65,-0.9,841,336
2022-11-17,6541,653526,20395526,30.65,31.65,30.65,31.0,0.35,448,417
2022-11-18,6541,520692,16154852,31.0,31.45,30.5,31.0,0.0,360,445
2022-11-21,6541,520650,15989728,31.0,31.05,30.5,30.7,-0.3,373,414
2022-11-22,6541,1326399,41867808,30.7,31.95,30.6,31.9,1.2,914,299
2022-11-23,6541,1949541,65566250,32.05,35.05,31.7,35.05,3.15,1197,248
2022-11-24,6541,2914884,105962457,34.95,38.1,34.8,37.15,2.1,1955,219
2022-11-25,6541,1652781,58460600,36.5,36.6,34.15,34.5,-2.65,1261,277
2022-11-28,6541,731709,24674822,33.8,34.45,32.65,34.1,-0.4,586,382
2022-11-29,6541,745648,24776728,34.1,34.1,32.9,33.2,-0.9,532,383
2022-11-30,6541,556149,18670526,33.0,33.95,32.85,33.85,0.65,415,483
2022-12-01,6541,778589,26483289,34.1,34.7,33.7,34.05,0.2,519,454
2022-12-02,6541,399589,13654259,34.25,34.5,33.95,34.05,0.0,379,506
2022-12-05,6541,2173925,77909172,34.05,37.45,33.8,37.45,3.4,1248,307
2022-12-06,6541,2861789,107737886,39.1,39.15,35.65,35.65,-1.8,1689,267
2022-12-07,6541,3083981,118040386,35.7,39.2,35.3,39.2,3.55,1585,248
2022-12-08,6541,4673291,192725211,38.8,43.1,37.9,41.5,2.3,2668,173
2022-12-09,6541,1966239,81501420,40.55,42.45,40.5,40.75,-0.75,1535,272
2022-12-12,6541,825476,32835267,40.75,40.75,39.3,39.55,-1.2,648,366
2022-12-13,6541,1840160,75933673,40.65,42.85,39.8,40.05,0.5,1283,281
2022-12-14,6541,1960299,73652784,39.8,39.8,36.05,38.1,-1.95,1441,285
2022-12-15,6541,651759,24532213,37.95,38.05,37.2,37.45,-0.65,533,400
2022-12-16,6541,556069,20933506,36.8,38.85,36.35,37.4,-0.05,426,466
2022-12-19,6541,556675,20949423,37.0,38.4,37.0,37.45,0.05,387,411
2022-12-20,6541,856324,31697115,37.1,38.1,36.05,36.05,-1.4,590,405
2022-12-21,6541,495357,17947360,36.9,37.05,35.65,36.0,-0.05,338,416
2022-12-22,6541,715345,25678767,36.1,36.5,35.4,36.0,0.0,481,358
2022-12-23,6541,371750,13413310,35.9,36.3,35.6,36.15,0.15,271,445
2022-12-26,6541,432370,15904239,36.3,37.75,36.15,36.6,0.45,397,398
2022-12-27,6541,355706,13154723,36.5,37.4,36.4,37.0,0.4,259,422
2022-12-28,6541,486109,17613173,36.65,36.9,35.55,35.7,-1.3,405,416
2022-12-29,6541,460404,16245268,35.4,35.8,34.65,35.4,-0.3,284,416
2022-12-30,6541,441912,15660919,35.25,36.1,35.1,35.1,-0.3,273,399
2023-01-03,6541,385960,13725199,35.35,36.3,35.15,35.6,0.5,321,409
2023-01-04,6541,253052,9073927,35.65,36.25,35.6,36.0,0.4,177,481
2023-01-05,6541,280450,10066766,36.0,36.35,35.55,35.55,-0.45,244,482
2023-01-06,6541,163048,5804608,35.55,35.75,35.5,35.5,-0.05,130,543
2023-01-09,6541,357630,13009123,36.0,36.8,36.0,36.35,0.85,280,479
2023-01-10,6541,301366,11016529,36.35,36.95,36.2,36.35,0.0,230,498
2023-01-11,6541,424902,15745287,36.6,37.4,36.6,36.8,0.45,299,429
2023-01-12,6541,323989,11919370,36.9,37.15,36.5,36.65,-0.15,241,454
2023-01-13,6541,257146,9388966,36.95,36.95,36.3,36.6,-0.05,186,488
2023-01-16,6541,581136,21821163,36.9,38.4,36.7,37.75,1.15,444,355
2023-01-17,6541,499169,18898831,37.85,38.15,37.45,37.85,0.1,336,361
2023-01-30,6541,1674019,66623324,41.5,41.5,38.5,39.2,1.35,1122,295
2023-01-31,6541,1064777,40415104,38.8,38.8,37.35,37.85,-1.35,724,352
2023-02-01,6541,766133,28832844,37.85,38.3,37.3,37.35,-0.5,495,422
2023-02-02,6541,693381,26493589,37.6,38.65,37.55,38.35,1.0,476,445
2023-02-03,6541,952997,36757468,37.6,39.0,37.6,38.5,0.15,591,389
2023-02-06,6541,3388002,139091836,39.5,42.35,38.8,42.35,3.85,1600,199
2023-02-07,6541,3937347,166166675,42.55,43.75,40.5,42.7,0.35,2418,180
2023-02-08,6541,4084751,178449786,41.8,46.45,41.2,46.35,3.65,2310,169
2023-02-09,6541,2918511,134899487,46.4,46.95,45.6,45.8,-0.55,1805,199
2023-02-10,6541,2416995,106453570,45.8,45.8,43.2,43.75,-2.05,1610,241
2023-02-13,6541,4760717,223870472,44.3,48.1,44.3,48.0,4.25,2784,141
2023-02-14,6541,5142312,250555488,47.95,50.5,47.0,48.5,0.5,3185,123
2023-02-15,6541,3180397,154722052,48.65,49.9,47.5,48.5,0.0,2107,185
2023-02-16,6541,567330,24763916,43.65,43.65,43.65,43.65,-4.85,409,419
2023-02-17,6541,558456,21947259,39.3,39.3,39.3,39.3,-4.35,530,415
2023-02-20,6541,9343179,343536686,35.4,39.1,35.4,38.35,-0.95,4345,114
2023-02-21,6541,3788833,141414111,37.0,38.55,36.55,37.45,-0.9,2412,205
2023-02-22,6541,2668679,101673235,37.1,38.75,37.1,38.25,0.8,1698,255
2023-02-23,6541,2697062,101407287,38.2,38.35,37.0,37.4,-0.85,2089,261
2023-02-24,6541,2653293,98959933,37.3,38.0,36.8,37.75,0.35,1671,265
2023-03-01,6541,2521442,93491707,37.45,37.85,36.55,37.2,-0.55,1550,267
2023-03-13,6541,63979,6429858,100.5,100.5,100.5,100.5,0.0,136,730
2023-03-14,6541,660729,60154262,91.4,94.0,90.5,91.0,-9.5,899,322
2023-03-15,6541,223257,20293649,89.2,93.5,89.2,91.5,0.5,541,489
2023-03-16,6541,450203,38154163,91.9,91.9,82.4,82.4,-9.1,752,421
2023-03-17,6541,415572,32347933,80.8,82.4,75.0,80.0,-2.4,787,419
2023-03-20,6541,169681,14050601,79.5,85.1,78.7,83.0,3.0,306,509
2023-03-21,6541,115146,9355556,81.2,82.8,79.9,82.1,-0.9,186,601
2023-03-22,6541,168359,14152352,82.5,85.0,82.1,84.0,1.9,200,552
2023-03-23,6541,155490,13533813,83.9,89.7,83.5,89.7,5.7,237,551
2023-03-24,6541,223512,21027955,90.1,97.0,90.0,94.1,4.4,372,501
2023-03-27,6541,126473,11610339,94.1,94.1,91.0,91.5,0.0,181,588
2023-03-28,6541,134708,11851643,91.0,91.0,85.9,87.0,-4.5,212,589
2023-03-29,6541,60744,5383679,86.3,89.9,86.3,89.5,2.5,109,669
2023-03-30,6541,59135,5313737,89.5,90.5,89.3,89.5,0.0,71,667
2023-03-31,6541,487071,40094851,89.5,89.6,80.6,80.6,-8.9,283,372
2023-04-06,6541,281087,22719773,82.4,84.4,79.7,80.0,-0.6,368,478
2023-04-07,6541,88455,7154548,80.1,82.0,80.1,80.5,0.5,144,622
2023-04-10,6541,188666,15123646,80.4,80.6,79.8,80.0,-0.5,233,541
2023-04-11,6541,229270,18261074,80.0,81.0,78.6,79.1,-0.9,324,521
2023-04-12,6541,115814,9211616,79.3,80.0,79.1,79.3,0.2,176,646
2023-04-13,6541,174486,13762602,79.5,79.5,78.6,78.6,-0.7,192,598
2023-04-14,6541,144303,11340941,78.0,79.0,78.0,78.7,0.1,201,609
2023-04-17,6541,310984,24820763,78.7,81.0,78.7,79.9,1.2,302,510
2023-04-18,6541,216930,17448840,79.9,80.8,79.9,80.5,0.6,314,553
2023-04-19,6541,281774,22831112,80.6,81.6,80.5,80.8,0.3,299,524
2023-04-20,6541,161295,12948578,81.0,81.1,79.5,79.6,-1.2,183,602
2023-04-21,6541,249203,19445524,79.6,79.9,75.5,77.8,-1.8,225,562
2023-04-24,6541,141722,10919371,76.5,77.4,76.5,77.0,-0.8,149,561
2023-04-25,6541,133433,10173964,77.1,77.3,75.9,75.9,-1.1,183,645
2023-04-26,6541,888406,67295618,76.3,78.0,74.3,74.8,-1.1,820,311
2023-04-27,6541,613179,46128550,75.1,75.6,74.9,75.4,0.6,381,335
2023-04-28,6541,228428,17385009,75.4,76.6,75.4,76.0,0.6,258,498
2023-05-02,6541,295422,22766041,75.6,77.7,75.6,77.6,1.6,281,476
2023-05-03,6541,258939,20077110,77.8,78.0,77.3,77.5,-0.1,171,461
2023-05-04,6541,256243,20123834,77.7,79.7,77.4,78.8,1.3,262,478
2023-05-05,6541,212293,16618251,78.8,78.8,77.5,78.2,-0.6,178,493
2023-05-08,6541,297086,24035560,78.3,83.8,78.3,81.8,3.6,349,468
2023-05-09,6541,150494,12410713,83.0,83.6,81.6,82.0,0.2,202,568
2023-05-10,6541,202695,16977351,82.6,85.4,82.2,85.4,3.4,239,487
2023-05-11,6541,322334,28134173,89.8,89.8,85.0,86.7,1.3,361,481
2023-05-12,6541,158171,13480105,86.7,86.7,84.1,85.0,-1.7,189,517
2023-05-15,6541,175775,14305986,83.9,83.9,80.1,80.7,-4.3,222,526
2023-05-16,6541,163941,12970182,79.0,80.5,78.1,79.0,-1.7,209,555
2023-05-17,6541,197599,16448508,85.0,85.0,81.5,83.2,4.2,237,558
2023-05-18,6541,144195,11702891,82.0,82.2,80.5,81.2,-2.0,152,592
2023-05-19,6541,67558,5540155,81.2,82.4,81.1,82.1,0.9,107,683
2023-05-22,6541,85111,6901027,83.4,83.4,80.3,80.7,-1.4,120,637
2023-05-23,6541,34357,2807793,82.4,82.4,81.4,81.5,0.8,52,799
2023-05-24,6541,93208,7561192,82.0,82.3,80.6,81.6,0.1,121,642
2023-05-25,6541,86177,6969493,81.7,81.7,80.2,80.9,-0.7,114,645
2023-05-26,6541,110421,8883147,80.9,80.9,80.0,80.0,-0.9,159,636
2023-05-29,6541,117482,9433486,79.6,80.8,79.5,80.4,0.4,128,621
2023-05-30,6541,127513,10158688,80.3,80.4,79.0,79.6,-0.8,151,579
2023-05-31,6541,105245,8374997,80.0,80.1,79.3,79.4,-0.2,137,637
2023-06-01,6541,141480,11090402,79.2,79.3,78.1,78.1,-1.3,152,589
2023-06-02,6541,61416,4835230,78.5,79.7,78.3,79.4,1.3,106,747
2023-06-05,6541,66365,5292184,79.2,80.1,79.1,80.0,0.6,95,745
2023-06-06,6541,52568,4198661,80.0,80.0,79.8,79.9,-0.1,86,747
2023-06-07,6541,88012,7057553,79.8,80.6,79.8,80.0,0.1,109,696
2023-06-08,6541,99639,7992445,80.5,80.7,79.7,80.0,0.0,93,667
2023-06-09,6541,64790,5211401,79.5,80.8,79.5,80.5,0.5,75,748
2023-06-12,6541,84127,6662206,79.6,79.9,78.7,79.9,-0.6,90,727
2023-06-13,6541,86627,6832110,79.2,79.2,78.7,79.0,-0.9,132,706
2023-06-14,6541,45071,3547402,79.0,79.3,78.3,78.3,-0.7,83,791
2023-06-15,6541,160752,12367816,78.4,78.4,75.1,75.6,-2.7,228,622
2023-06-16,6541,1208233,90083933,73.8,77.1,73.8,74.4,-1.2,310,362
2023-06-19,6541,76489,5805738,75.8,76.6,75.5,76.3,1.9,131,721
2023-06-20,6541,85719,6599665,76.8,77.9,76.5,77.7,1.4,100,684
2023-06-21,6541,55263,4299166,77.7,78.2,77.5,78.2,0.5,76,770
2023-06-26,6541,113729,8757982,78.2,78.2,75.7,76.7,-1.5,128,657
2023-06-27,6541,220906,16611330,76.1,76.4,74.5,74.7,-2.0,255,571
2023-06-28,6541,150654,11225192,75.7,76.0,73.8,74.2,-0.5,151,599
2023-06-29,6541,190255,14374755,75.8,77.4,74.7,75.0,0.8,206,562
2023-06-30,6541,108806,8195970,75.0,77.1,75.0,75.1,0.1,109,629
2023-07-03,6541,70167,5322174,75.2,76.4,75.2,75.6,0.5,79,755
2023-07-04,6541,110417,8488588,76.8,77.9,76.1,77.1,1.5,124,677
2023-07-05,6541,46009,3531395,77.8,77.8,76.4,76.5,-0.6,78,783
2023-07-06,6541,171843,12940053,77.5,77.5,74.5,75.0,-1.5,159,634
2023-07-07,6541,77511,5783636,74.8,74.9,74.5,74.5,-0.5,116,745
2023-07-10,6541,120046,8903305,74.5,74.5,73.8,73.8,-0.7,180,666
2023-07-11,6541,72151,5335455,73.9,75.1,73.8,74.0,0.2,86,731
2023-07-12,6541,161245,11720278,74.1,74.1,71.9,72.0,-2.0,177,636
2023-07-13,6541,207885,14656589,72.5,72.5,69.2,70.0,-2.0,267,616
2023-07-14,6541,110851,7761586,70.2,71.9,69.5,69.7,-0.3,151,-1
