date,stock_id,Trading_Volume,Trading_money,open,max,min,close,spread,Trading_turnover,Trading_money_rank
2022-06-06,6550,6880234,658061680,94.1,98.0,94.0,95.2,0.0,5117,67
2022-06-07,6550,3298941,305165555,94.8,94.8,90.7,90.7,-4.5,3026,110
2022-06-08,6550,1424289,133707196,91.0,95.4,91.0,93.9,3.2,1331,200
2022-06-09,6550,794470,74636874,93.8,95.0,93.0,93.3,-0.6,787,253
2022-06-10,6550,1501007,141308693,93.5,95.0,93.4,94.1,0.8,1183,183
2022-06-13,6550,1025161,94603516,93.0,93.5,91.2,91.5,-2.6,1027,247
2022-06-14,6550,2100198,186390457,89.8,90.7,86.1,90.0,-1.5,1777,172
2022-06-15,6550,2648001,255250901,90.0,99.0,90.0,99.0,9.0,2112,151
2022-06-16,6550,4858662,519089155,101.5,108.5,101.0,108.5,9.5,3656,104
2022-06-17,6550,4378634,476146753,106.0,113.0,105.0,109.5,1.0,3324,125
2022-06-20,6550,3942795,431933839,109.5,113.0,105.5,105.5,-4.0,3386,116
2022-06-21,6550,2090972,225081524,106.5,109.5,106.0,107.5,2.0,1649,164
2022-06-22,6550,1980998,211419890,107.5,108.5,105.5,105.5,-2.0,1600,182
2022-06-23,6550,3225680,353339404,106.0,113.0,106.0,110.0,4.5,2469,136
2022-06-24,6550,1830005,199114774,111.0,111.5,107.0,108.5,-1.5,1679,170
2022-06-27,6550,2419365,266171629,110.0,113.0,107.0,109.5,1.0,1795,139
2022-06-28,6550,3957618,451019327,110.0,116.5,109.5,114.0,4.5,3267,81
2022-06-29,6550,4778147,563461010,113.0,122.0,112.5,119.0,5.0,3825,82
2022-06-30,6550,4250226,501884204,119.0,121.0,115.0,115.5,-3.5,3482,109
2022-07-01,6550,4365761,490919221,115.0,116.5,107.5,113.5,-2.0,3293,117
2022-07-04,6550,2113180,235420106,113.0,114.0,108.5,111.0,-2.5,1747,148
2022-07-05,6550,2367360,272809778,112.0,119.0,111.5,117.5,6.5,1892,138
2022-07-06,6550,1931069,223236428,116.0,119.0,113.5,113.5,-4.0,2247,152
2022-07-07,6550,1794312,201220784,114.5,115.5,109.5,112.0,-1.5,1571,168
2022-07-08,6550,1412370,158822608,113.5,114.5,111.0,111.0,-1.0,1138,197
2022-07-11,6550,1635955,186814950,112.0,116.5,110.0,115.0,4.0,1274,150
2022-07-12,6550,1683189,189635328,114.0,115.5,111.0,111.5,-3.5,1879,166
2022-07-13,6550,1166957,133324836,113.5,115.5,112.5,114.0,2.5,974,196
2022-07-14,6550,2231065,261785104,115.0,119.0,114.0,117.0,3.0,2057,137
2022-07-15,6550,1516750,177058319,116.5,118.0,115.5,117.0,0.0,1134,183
2022-07-18,6550,3264561,393880512,120.0,123.0,118.0,122.0,5.0,2658,119
2022-07-19,6550,1937260,236421415,121.0,124.0,120.5,121.5,-0.5,1978,146
2022-07-20,6550,2008486,241125039,122.0,122.0,119.0,119.0,-2.5,1610,177
2022-07-21,6550,1383061,163744808,119.5,120.0,117.5,118.5,-0.5,1229,199
2022-07-22,6550,2531414,310411510,119.0,124.5,119.0,124.5,6.0,2087,148
2022-07-25,6550,3644373,464413380,127.0,129.0,125.5,127.0,2.5,2491,78
2022-07-26,6550,2172452,273036493,128.0,128.0,124.5,124.5,-2.5,1867,127
2022-07-27,6550,2125946,267441592,123.5,128.0,123.5,126.0,1.5,1663,122
2022-07-28,6550,1398466,177494057,127.0,128.0,126.0,127.5,1.5,1096,161
2022-07-29,6550,1320099,167066681,127.5,128.0,125.5,126.5,-1.0,1146,184
2022-08-01,6550,1995643,249374284,126.5,127.0,123.5,127.0,0.5,1831,132
2022-08-02,6550,1520195,190128079,125.5,127.5,124.0,124.0,-3.0,1350,177
2022-08-03,6550,5730856,674525242,123.5,124.0,112.5,116.0,-8.0,4889,55
2022-08-04,6550,2369337,270011646,114.0,117.0,112.0,114.0,-2.0,1909,125
2022-08-05,6550,1804344,209300128,115.5,117.5,115.0,116.0,2.0,1217,150
2022-08-08,6550,1261963,147821490,116.5,118.0,116.0,117.5,1.5,949,183
2022-08-09,6550,1931058,231583053,117.0,123.0,117.0,123.0,5.5,1326,140
2022-08-10,6550,2020824,249448319,124.0,125.5,122.0,122.5,-0.5,1582,137
2022-08-11,6550,2144647,267587565,123.5,126.5,123.0,124.5,2.0,1527,143
2022-08-12,6550,1400292,173735307,124.5,125.0,123.0,123.5,-1.0,1279,177
2022-08-15,6550,1595455,197841892,124.0,126.0,122.0,124.5,1.0,1261,169
2022-08-16,6550,7081538,925706723,125.5,136.5,124.5,135.0,10.5,4686,50
2022-08-17,6550,4048384,531600116,132.5,134.0,129.0,130.5,-4.5,3522,90
2022-08-18,6550,3640126,490617120,131.0,137.0,131.0,136.0,5.5,3334,87
2022-08-19,6550,4651407,643804765,136.5,143.0,135.5,142.0,6.0,4368,81
2022-08-22,6550,6954013,1012916477,144.5,150.0,141.5,146.0,4.0,5717,39
2022-08-23,6550,6624758,984382036,146.0,153.0,143.0,150.0,4.0,4674,38
2022-08-24,6550,8870164,1416992077,150.5,165.0,149.0,164.0,14.0,6822,22
2022-08-25,6550,5613711,914789955,165.0,167.0,159.0,162.5,-1.5,5263,42
2022-08-26,6550,5771139,984189448,163.5,175.0,161.5,175.0,12.5,4909,44
2022-08-29,6550,5393701,948597332,170.5,180.0,170.0,179.5,4.5,4896,44
2022-08-30,6550,7206975,1264807201,178.5,180.0,170.0,177.5,-2.0,6250,36
2022-08-31,6550,5144683,945870265,178.0,188.0,178.0,183.5,6.0,4807,47
2022-09-01,6550,4463122,836181891,186.0,190.0,183.0,188.5,5.0,5145,59
2022-09-02,6550,5732223,1126549681,190.0,200.0,190.0,198.5,10.0,6216,36
2022-09-05,6550,5770864,1234755109,208.0,218.0,205.0,218.0,19.5,4809,33
2022-09-06,6550,12003837,2484716043,221.0,222.0,196.5,196.5,-21.5,11620,15
2022-09-07,6550,5264630,949391840,190.5,190.5,177.0,177.0,-19.5,5546,38
2022-09-08,6550,10786409,1962435537,172.0,194.5,166.0,194.5,17.5,8437,13
2022-09-12,6550,8279432,1636726690,190.0,213.0,187.0,208.0,13.5,8495,23
2022-09-13,6550,6640593,1367354581,204.0,215.0,195.0,204.5,-3.5,6244,29
2022-09-14,6550,4813408,977926710,198.0,207.5,197.0,206.5,2.0,4259,48
2022-09-15,6550,3993023,820236299,208.0,209.5,200.5,202.0,-4.5,3966,55
2022-09-16,6550,4196568,860548822,203.0,208.0,200.5,208.0,6.0,3864,69
2022-09-19,6550,10577730,2102835531,207.5,213.0,190.5,193.0,-15.0,9631,10
2022-09-20,6550,7847212,1548343331,193.0,203.0,190.0,195.5,2.5,6558,23
2022-09-21,6550,0,0,0.0,0.0,0.0,0.0,0.0,0,962
2022-09-22,6550,1444512,310570080,215.0,215.0,215.0,215.0,0.0,670,133
2022-09-23,6550,47443852,10071695375,231.0,232.0,193.5,193.5,-21.5,35957,2
2022-09-26,6550,2304990,402220560,174.5,174.5,174.5,174.5,-19.0,2720,109
2022-09-27,6550,50796082,8268874535,169.5,174.0,157.5,157.5,-17.0,30896,3
2022-09-28,6550,34469024,5142595803,159.0,161.5,142.0,142.0,-15.5,22172,5
2022-09-29,6550,80265970,11214062588,145.0,150.5,128.5,139.0,-3.0,51444,2
2022-09-30,6550,41154707,5367749860,136.0,136.5,125.5,128.0,-11.0,26005,5
2022-10-03,6550,52849563,6648274223,126.0,132.5,119.0,119.5,-8.5,28440,3
2022-10-04,6550,5234667,660614776,123.0,129.5,121.5,127.0,7.5,4894,59
2022-10-05,6550,4628517,575611164,127.0,127.0,120.5,120.5,-6.5,4030,68
2022-10-06,6550,3267433,407544872,122.0,127.0,122.0,125.5,5.0,3052,77
2022-10-07,6550,2270150,283764873,123.0,127.0,123.0,123.5,-2.0,2156,98
2022-10-11,6550,3992711,454458821,120.5,120.5,111.5,111.5,-12.0,4187,87
2022-10-12,6550,6600050,676218259,106.0,110.0,100.5,104.0,-7.5,5517,51
2022-10-13,6550,6243191,612556788,104.0,107.0,93.6,93.6,-10.4,5757,68
2022-10-14,6550,4843797,466200129,96.2,100.0,90.0,98.0,4.4,4522,75
2022-10-17,6550,2779181,264329126,94.8,98.0,93.5,98.0,0.0,2434,120
2022-10-18,6550,2639224,263120417,99.6,102.0,98.0,99.0,1.0,2310,121
2022-10-19,6550,2368539,232388484,98.0,99.9,96.5,96.7,-2.3,2239,143
2022-10-20,6550,3500717,346692340,95.7,105.5,94.0,105.5,8.8,3170,131
2022-10-21,6550,19096177,1895367581,102.5,105.0,95.0,95.1,-10.4,14651,15
2022-10-24,6550,16639859,1529900052,98.0,98.0,87.7,88.5,-6.6,12566,16
2022-10-25,6550,21748703,1843241109,88.8,89.2,81.4,81.4,-7.1,13972,16
2022-10-26,6550,36491996,3014803824,82.2,87.4,78.5,84.1,2.7,22362,11
2022-10-27,6550,28932983,2571921456,83.3,92.5,82.8,91.2,7.1,21040,11
2022-10-28,6550,37196486,3348330235,91.0,95.0,84.4,86.3,-4.9,24472,9
2022-10-31,6550,17739819,1586505853,88.1,91.2,87.4,90.1,3.8,12204,22
2022-11-01,6550,18072764,1654280341,90.0,93.8,88.2,92.3,2.2,11562,18
2022-11-02,6550,11735502,1083737242,93.0,93.9,91.0,92.3,0.0,8652,29
2022-11-03,6550,19089182,1794434420,91.8,95.8,91.0,94.5,2.2,12972,16
2022-11-04,6550,12981690,1231905706,94.5,96.6,93.6,94.2,-0.3,9010,29
2022-11-07,6550,14733110,1433970691,95.2,101.0,94.3,98.0,3.8,10632,28
2022-11-08,6550,18661509,1879686910,99.8,105.0,96.6,96.8,-1.2,12461,23
2022-11-09,6550,12158641,1209828953,99.1,101.5,97.7,98.3,1.5,8290,36
2022-11-10,6550,19197434,1941958983,102.0,105.0,98.5,98.5,0.2,11943,21
2022-11-11,6550,15891307,1615419157,102.5,104.0,99.8,101.0,2.5,9511,38
2022-11-14,6550,10374228,1031618237,102.0,102.5,98.2,98.5,-2.5,7095,56
2022-11-15,6550,8961364,885802118,99.1,101.0,97.4,97.8,-0.7,6043,61
2022-11-16,6550,12299184,1229826309,98.7,101.5,98.2,100.5,2.7,7811,41
2022-11-17,6550,17993024,1863980226,101.0,107.0,100.5,102.0,1.5,11365,25
2022-11-18,6550,12925931,1350908642,103.5,106.5,102.0,105.5,3.5,8109,35
2022-11-21,6550,24481352,2757763459,107.0,116.0,106.0,116.0,10.5,14194,14
2022-11-22,6550,40611431,4642293435,116.0,119.0,110.0,110.0,-6.0,24420,6
2022-11-23,6550,21226987,2380780036,111.0,115.0,109.0,113.0,3.0,12857,15
2022-11-24,6550,13063692,1466714030,114.0,116.0,110.0,110.5,-2.5,8590,28
2022-11-25,6550,16007044,1710572694,111.5,112.0,103.0,103.0,-7.5,11235,29
2022-11-28,6550,11715055,1196682875,101.0,104.5,99.6,101.5,-1.5,6912,32
2022-11-29,6550,7136899,717324225,101.0,102.5,99.8,101.0,-0.5,5072,63
2022-11-30,6550,13196008,1394579244,101.5,108.0,101.0,108.0,7.0,6016,48
2022-12-01,6550,10434115,1126515943,108.5,110.0,106.0,107.5,-0.5,7351,55
2022-12-02,6550,13252122,1459987329,109.0,113.5,108.0,109.0,1.5,8189,33
2022-12-05,6550,10167209,1136122267,110.0,113.5,109.0,113.0,4.0,7390,50
2022-12-06,6550,12969101,1432171924,113.5,115.0,106.5,107.5,-5.5,8963,35
2022-12-07,6550,7652992,826777533,107.5,110.5,105.5,107.0,-0.5,5255,66
2022-12-08,6550,4453651,480030888,108.5,109.5,106.5,107.5,0.5,3126,86
2022-12-09,6550,7516415,788663018,108.5,109.0,102.5,102.5,-5.0,5571,48
2022-12-12,6550,6228194,628066515,102.0,102.5,99.6,101.0,-1.5,3821,57
2022-12-13,6550,3530590,358726054,102.0,103.5,100.0,100.0,-1.0,2668,120
2022-12-14,6550,7989104,793945853,100.5,101.5,96.4,101.5,1.5,5435,48
2022-12-15,6550,2808801,281729159,101.0,101.5,99.7,99.7,-1.8,2024,128
2022-12-16,6550,5442897,542268201,98.9,102.0,98.0,98.0,-1.7,3943,108
2022-12-19,6550,4842540,468029298,98.0,98.9,94.5,94.7,-3.3,4371,92
2022-12-20,6550,8354571,766286882,94.8,95.5,89.5,90.4,-4.3,6524,82
2022-12-21,6550,4498668,408701113,91.5,92.2,89.7,90.1,-0.3,3457,105
2022-12-22,6550,6498218,598414927,90.6,94.5,89.6,93.0,2.9,4899,87
2022-12-23,6550,4672839,427832864,91.9,93.3,90.5,90.5,-2.5,3875,71
2022-12-26,6550,4706402,424878827,90.6,91.6,89.0,89.1,-1.4,3701,50
2022-12-27,6550,5473075,484137524,90.0,90.0,87.3,89.2,0.1,4378,54
2022-12-28,6550,10856618,991183964,90.5,93.7,88.7,89.1,-0.1,7784,30
2022-12-29,6550,3745990,331625957,89.1,89.5,87.3,88.7,-0.4,3091,82
2022-12-30,6550,2750502,245291746,89.3,90.1,88.6,88.7,0.0,2307,102
2023-01-03,6550,1991224,175960884,89.3,89.4,88.0,88.1,-0.6,1774,138
2023-01-04,6550,2242402,199506077,88.7,89.8,88.2,88.5,0.4,1840,118
2023-01-05,6550,3103006,278704664,89.5,91.0,88.8,89.1,0.6,2528,118
2023-01-06,6550,4426215,401360455,89.4,91.5,89.4,91.4,2.3,3295,76
2023-01-09,6550,4415837,409379042,92.2,93.8,91.2,93.3,1.9,3324,96
2023-01-10,6550,3783477,347066972,93.3,93.6,90.4,90.4,-2.9,3250,107
2023-01-11,6550,1953001,176829906,91.2,91.8,90.0,90.2,-0.2,1574,154
2023-01-12,6550,1716389,154229071,90.6,90.8,89.2,89.2,-1.0,1619,158
2023-01-13,6550,1362168,122097558,89.6,90.3,89.3,89.4,0.2,1207,174
2023-01-16,6550,1919686,173224504,90.0,91.2,89.5,90.1,0.7,1529,128
2023-01-17,6550,1741724,157028759,90.6,91.1,89.6,90.0,-0.1,1627,142
2023-01-30,6550,5322467,497775578,91.7,94.9,91.3,94.3,4.3,4072,120
2023-01-31,6550,12148273,1206935921,94.6,103.0,94.6,102.0,7.7,8720,45
2023-02-01,6550,7337596,745180018,102.0,103.5,99.9,100.5,-1.5,5476,72
2023-02-02,6550,5501913,565887498,101.5,104.5,101.5,102.5,2.0,4331,93
2023-02-03,6550,5377393,556737026,103.0,105.0,102.0,102.5,0.0,4721,71
2023-02-06,6550,6974749,730308341,105.0,107.0,103.0,103.5,1.0,5061,55
2023-02-07,6550,5782735,610776880,105.0,107.0,104.5,105.5,2.0,4351,60
2023-02-08,6550,4412982,463676777,105.5,106.5,104.0,105.0,-0.5,3907,86
2023-02-09,6550,4919859,518159524,106.5,107.5,103.5,104.0,-1.0,3700,66
2023-02-10,6550,4786061,490973251,104.0,105.0,100.5,101.5,-2.5,3634,79
2023-02-13,6550,2280297,229916219,101.5,102.0,100.0,100.5,-1.0,1903,136
2023-02-14,6550,2984973,297334980,101.0,101.0,99.1,99.2,-1.3,2816,114
2023-02-15,6550,2777657,275439147,99.9,101.0,98.2,98.4,-0.8,2517,126
2023-02-16,6550,2631759,263251364,99.2,101.0,98.6,100.5,2.1,2025,142
2023-02-17,6550,1544413,154854403,100.5,101.5,99.8,100.0,-0.5,1323,180
2023-02-20,6550,3575710,356164073,101.0,101.5,98.7,99.0,-1.0,2917,110
2023-02-21,6550,3347321,328832922,99.6,99.8,97.7,97.8,-1.2,3002,112
2023-02-22,6550,3610498,348856475,97.8,98.7,95.6,96.4,-1.4,3391,120
2023-02-23,6550,3095642,306508611,98.3,100.5,97.6,99.1,2.7,2652,135
2023-02-24,6550,2029356,200734432,100.0,100.0,98.1,99.1,0.0,1955,194
2023-03-01,6550,1542160,152084941,99.2,99.4,98.3,98.4,-0.7,1441,223
2023-03-02,6550,3592798,359721993,98.7,101.5,98.6,101.0,2.6,2589,112
2023-03-03,6550,3161566,322048180,102.0,103.5,100.5,100.5,-0.5,2796,126
2023-03-06,6550,1970211,197919302,101.0,101.5,99.6,100.5,0.0,1608,201
2023-03-07,6550,1812823,181293510,101.0,101.5,99.5,99.5,-1.0,1555,201
2023-03-08,6550,1844436,183405085,99.6,100.5,98.8,98.9,-0.6,1737,214
2023-03-09,6550,2813059,281420583,99.9,100.5,99.3,100.0,1.1,1676,165
2023-03-10,6550,3896993,389396296,101.0,102.5,98.8,98.8,-1.2,3232,148
2023-03-13,6550,2844423,277088071,97.3,98.3,96.2,97.6,-1.2,2290,165
2023-03-14,6550,2380517,231788112,97.8,98.9,96.0,96.0,-1.6,1954,169
2023-03-15,6550,1916071,185439615,96.4,97.6,96.1,96.1,0.1,1580,200
2023-03-16,6550,5215595,482551416,96.1,96.1,90.5,90.5,-5.6,4764,103
2023-03-17,6550,11678941,1080150614,91.1,93.0,90.5,93.0,2.5,2669,53
2023-03-20,6550,2983659,274834560,92.5,92.8,91.6,92.3,-0.7,1904,135
2023-03-21,6550,3286744,303670264,92.8,93.0,92.2,92.2,-0.1,2258,135
2023-03-22,6550,3587564,336298835,92.6,95.7,92.6,94.7,2.5,2396,137
2023-03-23,6550,1580665,149529579,95.0,95.2,94.1,94.4,-0.3,1355,218
2023-03-24,6550,1904770,181002192,94.6,95.8,94.0,95.5,1.1,1523,212
2023-03-27,6550,2973045,289116680,96.1,98.4,95.2,97.8,2.3,2405,147
2023-03-28,6550,4161751,410539086,98.2,99.7,97.3,97.9,0.1,3958,107
2023-03-29,6550,4081819,407719611,99.3,101.0,98.5,99.8,1.9,4022,101
2023-03-30,6550,2344362,233307419,101.5,102.0,98.5,98.6,-1.2,5168,161
2023-03-31,6550,1793588,175531123,98.8,99.1,97.1,97.1,-1.5,1919,195
2023-04-06,6550,4206704,421487019,99.0,101.5,98.1,100.5,3.4,3004,113
2023-04-07,6550,2861761,290288676,101.5,102.5,100.5,101.0,0.5,1894,126
2023-04-10,6550,4539577,451971409,101.5,102.5,97.6,97.6,-3.4,4425,93
2023-04-11,6550,2742943,265958667,98.2,98.2,95.9,96.8,-0.8,2489,161
2023-04-12,6550,2263384,223083549,96.5,99.6,96.5,99.1,2.3,1789,194
2023-04-13,6550,5518233,557224580,99.7,102.5,99.7,100.0,0.9,3091,98
2023-04-14,6550,4286026,422856519,101.5,101.5,97.5,97.6,-2.4,6365,118
2023-04-17,6550,2039031,198733649,98.4,98.4,96.8,97.3,-0.3,1745,217
2023-04-18,6550,4029045,399061278,99.3,101.0,97.6,98.2,0.9,2956,131
2023-04-19,6550,3868415,381797836,98.6,100.5,97.5,99.4,1.2,2831,143
2023-04-20,6550,4241138,419653747,100.0,100.5,97.4,97.5,-1.9,2972,124
2023-04-21,6550,4948703,473461723,97.7,97.9,93.3,93.6,-3.9,3547,114
2023-04-24,6550,3789179,354826170,93.0,95.2,92.6,93.6,0.0,1348,109
2023-04-25,6550,3796426,353571435,94.3,95.4,91.6,92.0,-1.6,2056,155
2023-04-26,6550,2604297,238812281,92.4,92.4,90.7,91.6,-0.4,1553,167
2023-04-27,6550,2180504,200738996,92.0,93.5,91.3,92.7,1.1,930,171
2023-04-28,6550,5746090,505442528,92.8,95.0,92.8,95.0,2.3,1191,98
2023-05-02,6550,3294204,315936827,94.7,97.5,94.7,96.2,1.2,1805,132
2023-05-03,6550,4066669,392962588,96.3,98.5,94.9,97.4,1.2,3175,102
2023-05-04,6550,4698774,461022474,98.5,99.2,97.2,97.2,-0.2,3431,93
2023-05-05,6550,7770341,769494474,98.0,101.0,98.0,98.9,1.7,4588,54
2023-05-08,6550,4803119,474013309,99.8,100.5,97.1,97.1,-1.8,6611,94
2023-05-09,6550,3510734,342106640,97.9,99.0,96.6,96.6,-0.5,2278,125
2023-05-10,6550,3218741,308642051,96.5,97.3,94.7,95.0,-1.6,2089,116
2023-05-11,6550,3245717,307580332,95.3,95.8,92.5,92.7,-2.3,2741,139
2023-05-12,6550,1558282,145454463,92.7,94.2,92.2,93.8,1.1,1338,196
2023-05-15,6550,1481928,139020718,93.8,94.9,93.1,93.6,-0.2,1159,206
2023-05-16,6550,1040133,97509479,94.2,94.3,93.1,93.7,0.1,893,252
2023-05-17,6550,2963872,279057684,94.0,95.0,93.3,93.9,0.2,2111,167
2023-05-18,6550,2722101,253652746,94.4,94.7,92.3,92.5,-1.4,2057,178
2023-05-19,6550,3250460,297813967,92.7,93.0,90.9,91.8,-0.7,2836,166
2023-05-22,6550,1796976,166725708,92.2,93.2,92.2,92.7,0.9,1309,213
2023-05-23,6550,1409815,131179157,93.4,93.5,92.4,93.3,0.6,1200,242
2023-05-24,6550,1314408,121675217,93.7,93.7,92.3,92.4,-0.9,1156,255
2023-05-25,6550,1525904,139888172,92.7,92.7,91.2,91.4,-1.0,1329,247
2023-05-26,6550,1745928,159459582,91.1,92.2,90.9,91.2,-0.2,1432,241
2023-05-29,6550,6366517,565624383,91.7,91.9,86.4,89.2,-2.0,5123,101
2023-05-30,6550,3249282,286690255,89.8,90.0,87.1,87.4,-1.8,2771,170
2023-05-31,6550,4370581,395199173,87.4,92.3,87.4,92.3,4.9,2759,159
2023-06-01,6550,2660658,243633603,92.2,93.1,90.6,90.8,-1.5,2115,189
2023-06-02,6550,1464125,133319046,91.2,91.7,90.6,90.8,0.0,1085,281
2023-06-05,6550,1123184,102654403,91.8,92.2,90.7,90.8,0.0,954,309
2023-06-06,6550,1938544,174997887,91.2,91.7,89.6,90.1,-0.7,2024,229
2023-06-07,6550,1582466,143212196,90.6,91.1,90.0,90.6,0.5,1224,273
2023-06-08,6550,2383517,214000181,89.5,90.7,89.3,89.5,-1.1,2018,236
2023-06-09,6550,1904239,171252754,90.1,90.6,89.5,90.3,0.8,838,247
2023-06-12,6550,2492611,226185941,90.3,91.3,89.8,91.0,0.7,1872,209
2023-06-13,6550,4505861,399977713,90.2,90.3,87.8,88.6,-2.4,3449,148
2023-06-14,6550,3190756,280252035,88.6,88.8,87.5,87.5,-1.1,2330,194
2023-06-15,6550,6602624,562804766,87.5,87.5,83.3,83.4,-4.1,5653,122
2023-06-16,6550,9286165,785552871,83.1,87.2,81.0,86.3,2.9,5751,115
2023-06-19,6550,4449899,381138819,85.3,87.2,84.3,85.5,-0.8,1989,152
2023-06-20,6550,1456041,123359555,85.5,86.0,83.8,83.9,-1.6,1371,273
2023-06-21,6550,2276999,187995035,84.3,84.3,82.0,82.2,-1.7,2279,231
2023-06-26,6550,1767904,145073566,82.0,83.2,81.1,81.6,-0.6,1501,243
2023-06-27,6550,2665278,221881583,82.3,84.2,82.2,82.5,0.9,2153,210
2023-06-28,6550,2576126,214249961,83.9,84.0,82.7,82.8,0.3,1608,191
2023-06-29,6550,1789453,149355899,83.1,84.0,83.0,83.3,0.5,1282,243
2023-06-30,6550,6059723,497500240,83.9,84.5,81.5,81.6,-1.7,2755,112
2023-07-03,6550,4037814,325589046,81.9,82.0,80.2,80.4,-1.2,2780,155
2023-07-04,6550,4596277,367141297,80.9,80.9,78.9,79.0,-1.4,3400,158
2023-07-05,6550,6243399,490094069,78.9,79.8,78.0,78.0,-1.0,3831,115
2023-07-06,6550,7565366,578639640,78.5,79.3,74.9,75.0,-3.0,6390,114
2023-07-07,6550,6015492,455881180,74.8,77.9,74.1,77.1,2.1,3682,127
