date,stock_id,Trading_Volume,Trading_money,open,max,min,close,spread,Trading_turnover,Trading_money_rank
2018-01-30,6581,5586680,629388700,110.0,117.0,107.5,114.0,0.0,3250,48
2018-01-31,6581,6621878,901785566,120.0,151.0,120.0,148.0,34.0,3583,31
2018-02-01,6581,3152524,453407312,140.0,153.0,137.0,150.0,2.0,2075,57
2018-02-02,6581,1389180,202611147,144.5,149.5,143.0,144.0,-6.0,966,100
2018-02-05,6581,1913162,276184232,136.0,150.0,134.5,147.0,3.0,1260,90
2018-02-06,6581,1813854,251735067,141.5,147.0,132.5,136.0,-11.0,1380,150
2018-02-07,6581,1324750,186033250,139.0,144.5,137.0,138.0,2.0,1006,135
2018-02-08,6581,1047510,141115065,137.5,140.0,129.0,132.5,-5.5,729,131
2018-02-09,6581,784250,100432373,126.0,135.5,123.5,135.0,2.5,620,174
2018-02-12,6581,805680,104572540,128.0,134.5,127.5,128.0,-7.0,689,151
2018-02-21,6581,1365380,188440390,131.0,140.5,128.5,140.5,12.5,803,125
2018-02-22,6581,869024,123256884,139.5,144.5,137.0,141.0,0.5,644,145
2018-02-23,6581,734535,104057900,141.5,146.0,137.0,140.0,-1.0,581,176
2018-02-26,6581,716291,98275867,139.0,140.5,135.0,136.0,-4.0,557,178
2018-02-27,6581,411173,54873595,136.0,136.5,132.5,132.5,-3.5,334,236
2018-03-01,6581,248110,32485004,131.5,132.5,129.5,132.5,0.0,206,292
2018-03-02,6581,436511,56444452,130.0,132.0,127.5,132.0,-0.5,340,214
2018-03-05,6581,550274,70348620,132.0,132.0,125.0,128.5,-3.5,411,204
2018-03-06,6581,337650,43442000,129.5,130.0,126.5,129.0,0.5,320,252
2018-03-07,6581,167000,21410000,128.5,129.5,127.0,127.0,-2.0,149,344
2018-03-08,6581,340320,44629740,129.0,134.0,129.0,130.0,3.0,261,263
2018-03-09,6581,644250,81636250,128.5,129.0,124.5,126.5,-3.5,514,194
2018-03-12,6581,171310,21632370,127.0,127.0,125.5,126.0,-0.5,122,378
2018-03-13,6581,153000,19367000,127.0,127.5,126.0,126.0,0.0,128,396
2018-03-14,6581,207500,26080000,127.0,128.5,124.5,126.0,0.0,159,337
2018-03-15,6581,160000,20025500,127.0,127.0,124.5,125.0,-1.0,134,360
2018-03-16,6581,89110,11174800,126.0,126.0,125.0,125.0,0.0,90,503
2018-03-19,6581,348220,45027480,126.0,131.0,125.5,131.0,6.0,306,253
2018-03-20,6581,275001,36244634,130.0,133.0,130.0,132.5,1.5,222,259
2018-03-21,6581,316500,41482500,132.0,132.5,129.0,130.0,-2.5,273,267
2018-03-22,6581,206020,27029160,130.0,131.5,130.0,130.5,0.5,206,343
2018-03-23,6581,170023,21998546,128.0,130.5,128.0,130.0,-0.5,146,391
2018-03-26,6581,149017,19393329,130.0,131.0,128.0,131.0,1.0,151,371
2018-03-27,6581,123000,16133000,132.5,132.5,129.0,130.5,-0.5,98,426
2018-03-28,6581,154201,20023743,131.5,132.0,128.0,128.5,-2.0,114,359
2018-03-29,6581,113001,14483640,128.5,130.0,127.0,128.5,0.0,88,422
2018-03-30,6581,61809,7922097,128.5,128.5,127.5,128.0,-0.5,64,523
2018-03-31,6581,103001,13303633,128.0,130.0,128.0,129.5,1.5,68,392
2018-04-02,6581,624363,85320046,130.0,142.0,130.0,134.5,5.0,500,177
2018-04-03,6581,187300,24851600,131.0,134.5,131.0,131.5,-3.0,153,338
2018-04-09,6581,159300,20857900,131.5,133.0,129.5,130.0,-1.5,141,401
2018-04-10,6581,166558,21395924,129.0,129.5,127.5,128.0,-2.0,148,411
2018-04-11,6581,179379,22912816,130.0,130.0,126.5,127.5,-0.5,150,379
2018-04-12,6581,108100,13764748,127.0,128.0,126.5,127.5,0.0,70,430
2018-04-13,6581,236450,29693921,127.5,128.0,124.0,125.5,-2.0,158,326
2018-04-16,6581,215869,26608887,125.5,126.0,121.0,123.0,-2.5,197,318
2018-04-17,6581,336120,39988760,123.5,123.5,112.0,120.5,-2.5,293,283
2018-04-18,6581,144002,17155256,119.0,121.5,117.5,120.5,0.0,141,377
2018-04-19,6581,97000,11649000,122.0,122.0,119.0,121.0,0.5,82,426
2018-04-20,6581,70000,8469500,122.0,122.0,120.0,122.0,1.0,59,465
2018-04-23,6581,50000,6025500,122.0,122.0,119.5,120.0,-2.0,44,561
2018-04-24,6581,69209,8084162,120.0,120.0,115.0,117.0,-3.0,68,555
2018-04-25,6581,87050,10034250,115.0,115.5,115.0,115.5,-1.5,76,467
2018-04-26,6581,268850,30190200,117.0,117.0,109.5,111.0,-4.5,207,308
2018-04-27,6581,92099,10240286,112.0,112.0,110.0,111.0,0.0,83,415
2018-04-30,6581,155144,17746992,111.0,116.5,111.0,116.5,5.5,105,358
2018-05-02,6581,262205,31052125,116.0,121.5,115.5,120.5,4.0,192,288
2018-05-03,6581,102000,12179500,120.5,121.0,118.0,120.0,-0.5,72,387
2018-05-04,6581,42700,5081500,120.0,120.0,118.5,119.0,-1.0,45,520
2018-05-07,6581,401470,50159750,127.0,127.5,123.0,124.0,5.0,327,219
2018-05-08,6581,116305,14143710,122.5,123.0,120.5,120.5,-3.5,93,394
2018-05-09,6581,187514,21992922,120.5,120.5,116.0,117.0,-3.5,161,334
2018-05-10,6581,48075,5620350,117.0,118.0,115.5,117.0,0.0,43,563
2018-05-11,6581,90200,10662199,118.0,119.5,117.5,118.5,1.5,78,481
2018-05-14,6581,85200,10087199,120.0,120.5,117.0,118.0,-0.5,75,495
2018-05-15,6581,180203,20700851,117.0,117.0,113.5,115.0,-3.0,148,372
2018-05-16,6581,130199,14881885,115.0,115.5,113.5,114.0,-1.0,93,425
2018-05-17,6581,64200,7312300,114.0,114.5,113.0,113.5,-0.5,48,503
2018-05-18,6581,67200,7714200,114.0,115.5,114.0,115.5,2.0,60,487
2018-05-21,6581,109269,12906780,115.0,120.0,115.0,120.0,4.5,94,423
2018-05-22,6581,88200,10333700,120.0,120.0,116.0,117.0,-3.0,78,443
2018-05-23,6581,39100,4607850,117.0,118.5,117.0,118.5,1.5,39,566
2018-05-24,6581,58299,6774684,117.5,117.5,115.5,115.5,-3.0,55,509
2018-05-25,6581,27321,3159574,115.5,116.0,115.5,115.5,0.0,26,614
2018-05-28,6581,51399,5925284,115.5,115.5,115.0,115.0,-0.5,44,561
2018-05-29,6581,19300,2223849,115.0,115.5,114.5,115.5,0.5,21,697
2018-05-30,6581,43307,4950151,115.5,115.5,114.0,114.0,-1.5,48,585
2018-05-31,6581,65135,7623795,114.5,118.5,114.5,117.0,3.0,54,553
2018-06-01,6581,37201,4332517,116.5,117.0,116.0,117.0,0.0,32,629
2018-06-04,6581,26000,3033000,117.5,117.5,116.0,116.5,-0.5,20,703
2018-06-05,6581,56150,6489400,116.5,116.5,114.5,115.0,-1.5,54,576
2018-06-06,6581,58173,6729654,115.0,117.0,114.5,117.0,2.0,43,594
2018-06-07,6581,74200,8600700,117.0,117.0,115.0,115.5,-1.5,64,556
2018-06-08,6581,56100,6436050,115.5,115.5,114.0,115.0,-0.5,46,579
2018-06-11,6581,44000,5048000,115.0,115.5,114.0,114.5,-0.5,30,642
2018-06-12,6581,59050,6743275,114.5,115.0,114.0,114.0,-0.5,51,578
2018-06-13,6581,40780,4696540,115.0,115.5,114.5,115.0,1.0,31,637
2018-06-14,6581,21000,2399000,114.5,114.5,114.0,114.0,-1.0,21,697
2018-06-15,6581,22500,2561500,114.0,114.0,113.5,114.0,0.0,25,683
2018-06-19,6581,100136,11970707,114.5,115.0,113.5,114.0,0.0,34,478
2018-06-20,6581,120000,14051500,115.0,119.0,115.0,117.0,3.0,111,461
2018-06-21,6581,43100,5012800,117.0,117.0,115.5,116.0,-1.0,34,556
2018-06-22,6581,60000,6959000,115.0,117.0,114.5,116.5,0.5,48,520
2018-06-25,6581,92443,10617662,115.5,116.5,114.0,114.5,-2.0,70,446
2018-06-26,6581,86300,9745050,114.0,114.0,112.0,113.0,-1.5,75,489
2018-06-27,6581,36000,4082000,113.0,114.0,113.0,113.0,0.0,26,582
2018-06-28,6581,40000,4537500,113.0,114.5,113.0,113.0,0.0,33,581
2018-06-29,6581,65000,7384500,113.5,114.0,113.5,113.5,0.5,34,481
2018-07-02,6581,67071,7643129,113.5,115.0,113.5,113.5,0.0,40,485
2018-07-03,6581,77580,8732830,114.0,114.0,111.5,111.5,-2.0,74,495
2018-07-04,6581,61201,6518409,107.0,108.0,106.0,108.0,0.0,54,500
2018-07-05,6581,51075,5418025,107.5,107.5,105.0,105.5,-2.5,48,547
2018-07-06,6581,59000,6342500,108.0,109.5,106.0,107.0,1.5,58,542
2018-07-09,6581,27000,2898500,107.0,108.0,107.0,108.0,1.0,24,620
2018-07-10,6581,57000,6075000,107.0,108.0,106.0,107.0,-1.0,48,509
2018-07-11,6581,52023,5509076,106.0,107.0,104.5,106.0,-1.0,41,516
2018-07-12,6581,46000,4947000,107.0,109.0,107.0,107.0,1.0,35,519
2018-07-13,6581,93100,10253500,108.0,112.0,107.5,109.5,2.5,84,415
2018-07-16,6581,21000,2296000,109.5,109.5,109.0,109.0,-0.5,21,653
2018-07-17,6581,48410,5243805,109.5,109.5,107.5,109.0,0.0,47,530
2018-07-18,6581,34030,3699345,108.5,110.0,107.5,108.5,-0.5,34,603
2018-07-19,6581,17291,1875864,108.5,109.0,108.0,108.0,-0.5,18,664
2018-07-20,6581,40000,4322000,108.0,108.5,107.5,108.0,0.0,32,551
2018-07-23,6581,29250,3132500,108.0,108.0,106.5,107.0,-1.0,30,582
2018-07-24,6581,41115,4451591,107.5,109.0,107.5,108.0,1.0,42,533
2018-07-25,6581,25735,2774247,108.0,108.5,107.0,108.5,0.5,26,612
2018-07-26,6581,139100,15675300,115.0,115.0,111.5,111.5,3.0,117,359
2018-07-27,6581,40125,4494250,112.0,112.5,111.5,112.0,0.5,39,547
2018-07-30,6581,174808,20088728,112.5,116.0,112.5,116.0,4.0,154,346
2018-07-31,6581,111048,12770092,115.5,115.5,114.0,115.5,-0.5,101,395
2018-08-01,6581,215370,25400714,117.5,119.5,116.0,118.0,2.5,180,311
2018-08-02,6581,94451,10955992,118.0,118.0,115.0,115.5,-2.5,81,438
2018-08-03,6581,59153,6842171,116.0,116.5,115.0,116.0,0.5,58,484
2018-08-06,6581,138370,16223420,118.0,118.0,116.5,117.0,1.0,121,368
2018-08-07,6581,85197,10036549,117.5,118.5,117.0,117.0,0.0,74,442
2018-08-08,6581,121385,13917775,115.5,115.5,114.0,114.0,-3.0,114,395
2018-08-09,6581,72650,8218450,114.0,114.0,112.5,113.0,-1.0,66,460
2018-08-10,6581,47348,5410846,113.0,115.5,113.0,115.0,2.0,50,548
2018-08-13,6581,127012,14177856,115.0,115.0,110.5,112.0,-3.0,111,497
2018-08-14,6581,61162,6869968,112.0,113.5,112.0,113.0,1.0,45,507
2018-08-15,6581,110124,12584384,112.0,116.0,112.0,116.0,3.0,91,440
2018-08-16,6581,81012,9181374,113.5,114.0,112.5,113.0,-3.0,58,459
2018-08-17,6581,94255,10698070,113.0,115.0,112.5,112.5,-0.5,81,405
2018-08-20,6581,34250,3862375,112.5,113.5,112.5,113.5,1.0,30,585
2018-08-21,6581,29000,3294000,113.5,114.0,113.0,113.5,0.0,28,593
2018-08-22,6581,17100,1933300,113.0,113.5,113.0,113.0,-0.5,14,649
2018-08-23,6581,29158,3281012,114.0,114.0,112.0,112.5,-0.5,32,570
2018-08-24,6581,25043,2806402,112.0,112.5,112.0,112.5,0.0,26,572
2018-08-27,6581,18144,2041272,112.0,113.0,112.0,112.5,0.0,20,642
2018-08-28,6581,21395,2404937,112.5,113.0,112.0,112.0,-0.5,25,635
2018-08-29,6581,31119,3527066,114.0,114.0,113.0,113.0,1.0,30,578
2018-08-30,6581,26284,2961017,113.0,113.0,112.0,112.5,-0.5,26,591
2018-08-31,6581,44499,4980887,112.0,113.0,111.5,112.0,-0.5,43,497
2018-09-03,6581,85300,9471800,111.5,111.5,110.0,110.5,-1.5,67,447
2018-09-04,6581,47500,5244248,110.5,111.5,110.0,110.0,-0.5,46,488
2018-09-05,6581,42705,4666697,110.0,110.0,108.5,108.5,-1.5,43,509
2018-09-06,6581,56400,6072600,109.0,109.0,107.0,108.0,-0.5,53,486
2018-09-07,6581,102295,10960065,108.5,108.5,106.0,106.0,-2.0,94,472
2018-09-10,6581,108322,11361276,105.5,106.0,104.0,106.0,0.0,82,473
2018-09-11,6581,53020,5589170,105.0,107.0,104.0,106.5,0.5,50,527
2018-09-12,6581,79240,8326420,105.5,106.0,104.5,106.0,-0.5,40,442
2018-09-13,6581,48100,5136500,106.0,108.0,105.5,108.0,2.0,46,520
2018-09-14,6581,39145,4191805,108.0,108.0,106.5,108.0,0.0,41,530
2018-09-17,6581,22542,2408265,108.0,108.0,106.5,107.0,-1.0,27,579
2018-09-18,6581,38250,4089250,107.0,107.0,106.5,107.0,0.0,33,526
2018-09-19,6581,37250,4028750,107.0,109.0,107.0,109.0,2.0,38,579
2018-09-20,6581,7388,804098,109.0,109.0,108.5,108.5,-0.5,10,760
2018-09-21,6581,44656,4852675,108.5,109.5,108.0,108.0,-0.5,43,519
2018-09-25,6581,43245,4758071,108.5,111.0,108.5,110.5,2.5,43,502
2018-09-26,6581,51151,5702835,110.5,112.0,110.0,112.0,1.5,52,462
2018-09-27,6581,26150,2897300,112.0,112.0,110.5,110.5,-1.5,27,577
2018-09-28,6581,32444,3553840,109.5,110.0,108.5,108.5,-2.0,35,570
2018-10-01,6581,22363,2467293,109.0,111.0,109.0,111.0,2.5,23,608
2018-10-02,6581,27150,2991150,111.0,111.0,109.0,110.0,-1.0,23,562
2018-10-03,6581,5050,558025,110.0,111.0,110.0,110.5,0.5,7,807
2018-10-04,6581,23158,2557380,110.5,110.5,110.0,110.5,0.0,22,607
2018-10-05,6581,95267,10157968,110.0,110.0,105.0,108.0,-2.5,76,499
2018-10-08,6581,211483,21998198,104.5,107.0,103.0,105.0,-3.0,163,295
2018-10-09,6581,33520,3517120,104.0,105.5,104.0,105.0,0.0,31,589
2018-10-11,6581,157988,15819700,102.0,102.0,99.0,99.2,-5.8,146,540
2018-10-12,6581,131020,12855510,99.0,99.0,96.8,98.1,-1.1,79,446
2018-10-15,6581,89100,8697600,98.3,98.3,96.1,96.2,-1.9,60,446
2018-10-16,6581,89050,8542350,96.2,97.0,94.0,95.0,-1.2,81,413
2018-10-17,6581,50000,4778100,95.0,96.3,95.0,95.4,0.4,50,518
2018-10-18,6581,10010,957240,95.3,97.7,95.3,97.7,2.3,11,693
2018-10-19,6581,32500,3118250,97.5,97.5,95.5,96.4,-1.3,32,564
2018-10-22,6581,53105,5087130,95.5,96.5,95.5,96.0,-0.4,37,456
2018-10-23,6581,28200,2672360,95.3,95.3,94.1,94.1,-1.9,24,560
2018-10-24,6581,116515,10804558,93.4,93.6,92.0,93.0,-1.1,76,380
2018-10-25,6581,175000,15688400,91.2,91.2,88.8,88.9,-4.1,118,374
2018-10-26,6581,69050,6100900,90.0,90.0,87.1,87.8,-1.1,53,501
2018-10-29,6581,72161,6230490,87.0,87.5,85.3,86.0,-1.8,61,435
2018-10-30,6581,124825,10560150,85.5,85.6,84.0,84.9,-1.1,102,356
2018-10-31,6581,104301,9033235,86.0,88.1,85.9,86.0,1.1,78,391
2018-11-01,6581,61274,5305838,86.9,87.0,86.1,86.4,0.4,55,469
2018-11-02,6581,62100,5444100,86.3,88.3,86.3,88.3,1.9,53,485
2018-11-05,6581,51099,4719777,88.5,95.9,88.5,92.5,4.2,45,431
2018-11-06,6581,37003,3408571,94.0,94.3,90.8,90.8,-1.7,32,508
2018-11-07,6581,101000,9333000,93.2,93.2,91.7,92.4,1.6,92,374
2018-11-08,6581,29050,2680315,92.4,92.6,91.8,92.5,0.1,28,579
2018-11-09,6581,12000,1102500,92.5,92.5,90.8,90.8,-1.7,12,677
2018-11-12,6581,21050,1891945,90.6,90.8,89.1,90.3,-0.5,21,609
2018-11-13,6581,12000,1078300,89.6,90.1,89.6,89.7,-0.6,11,700
2018-11-14,6581,19000,1703400,90.0,90.0,89.4,89.4,-0.3,16,637
2018-11-15,6581,48000,4259000,89.2,89.4,88.2,88.2,-1.2,39,506
2018-11-16,6581,86000,7597800,88.3,88.4,88.2,88.2,0.0,30,431
2018-11-19,6581,14300,1269200,88.8,88.8,88.6,88.7,0.5,14,670
2018-11-20,6581,18010,1586386,88.2,88.6,87.5,87.5,-1.2,18,620
2018-11-21,6581,21075,1847100,88.0,88.2,87.1,87.2,-0.3,20,606
2018-11-22,6581,7060,617704,87.6,87.7,87.2,87.2,0.0,8,737
2018-11-23,6581,25000,2196000,87.3,88.9,87.3,87.5,0.3,23,585
2018-11-26,6581,26002,2305188,87.4,89.6,87.4,89.0,1.5,28,597
2018-11-27,6581,15000,1333700,89.1,89.1,88.6,88.6,-0.4,13,659
2018-11-28,6581,11000,973900,88.5,88.9,88.4,88.6,0.0,11,749
2018-11-29,6581,54100,4835800,88.8,90.0,88.7,89.9,1.3,45,540
2018-11-30,6581,22020,1980340,90.0,90.2,89.6,89.6,-0.3,21,658
2018-12-03,6581,65499,5889159,91.0,91.2,89.6,90.0,0.4,50,580
2018-12-04,6581,33002,2940187,89.6,89.6,88.7,88.7,-1.3,25,633
2018-12-05,6581,15000,1324900,88.1,88.4,88.1,88.4,-0.3,10,704
2018-12-06,6581,40000,3491800,88.4,88.4,86.5,86.5,-1.9,37,624
2018-12-07,6581,19239,1668610,86.5,87.2,86.3,86.7,0.2,22,630
2018-12-10,6581,28020,2430840,86.3,87.4,86.3,86.5,-0.2,25,603
2018-12-11,6581,15800,1368600,87.0,87.0,86.3,86.7,0.2,17,672
2018-12-12,6581,48100,4186780,90.0,90.0,86.6,86.8,0.1,45,532
2018-12-13,6581,34034,2961188,87.0,87.1,86.9,87.1,0.3,35,576
2018-12-14,6581,24030,2070325,87.0,87.0,85.9,86.2,-0.9,25,606
2018-12-17,6581,13100,1128339,86.1,86.3,86.0,86.1,-0.1,14,692
2018-12-18,6581,12001,1033487,86.1,86.9,85.9,86.0,-0.1,9,718
2018-12-19,6581,37002,3161073,86.0,86.0,85.0,85.8,-0.2,23,548
2018-12-20,6581,25001,2127586,85.6,85.6,84.9,85.4,-0.4,22,628
2018-12-21,6581,23200,1960200,85.4,85.4,84.0,85.0,-0.4,23,633
2018-12-22,6581,30000,2516200,84.9,84.9,83.5,84.4,-0.6,30,470
2018-12-24,6581,9000,761400,84.4,85.1,84.3,85.0,0.6,9,739
2018-12-25,6581,14000,1180800,84.0,84.7,84.0,84.7,-0.3,10,683
2018-12-26,6581,24314,2062007,85.0,85.1,84.7,84.7,0.0,21,604
2018-12-27,6581,12000,1017100,84.9,84.9,84.7,84.7,0.0,10,720
2018-12-28,6581,8000,677900,84.7,85.0,84.7,85.0,0.3,5,738
2019-01-02,6581,9017,759796,85.0,85.0,84.0,84.8,-0.2,7,706
2019-01-03,6581,33000,2759500,84.5,84.5,82.9,84.2,-0.6,25,536
2019-01-04,6581,20003,1680964,84.0,84.2,83.8,84.0,-0.2,14,648
2019-01-07,6581,31004,2610056,84.0,84.5,84.0,84.0,0.0,24,564
2019-01-08,6581,39000,3342100,84.1,87.2,84.1,86.0,2.0,35,512
2019-01-09,6581,68000,5958500,87.2,88.5,86.8,88.4,2.4,51,494
2019-01-10,6581,28000,2486000,88.6,90.0,88.4,88.5,0.1,23,570
2019-01-11,6581,55034,4827128,88.6,88.6,87.1,87.1,-1.4,38,496
2019-01-14,6581,13200,1144540,87.0,87.0,86.1,86.3,-0.8,14,682
2019-01-15,6581,7066,612020,86.5,86.6,86.5,86.6,0.3,8,773
2019-01-16,6581,21050,1845940,86.7,88.4,86.6,87.3,0.7,20,641
2019-01-17,6581,29040,2542088,88.0,88.0,87.2,87.4,0.1,28,590
2019-01-18,6581,97008,8788636,88.0,94.9,88.0,91.2,3.8,82,392
2019-01-21,6581,42000,3836600,92.7,92.7,90.8,91.2,0.0,42,523
2019-01-22,6581,32054,2933168,91.4,92.4,90.6,91.2,0.0,33,541
2019-01-23,6581,82000,7560000,92.1,93.5,91.0,91.2,0.0,72,380
2019-01-24,6581,171361,15930495,92.1,94.0,92.0,94.0,2.8,149,309
2019-01-25,6581,132511,12663224,94.0,96.5,94.0,95.8,1.8,121,357
2019-01-28,6581,294801,29163500,96.8,104.5,96.7,98.5,2.7,251,272
2019-01-29,6581,152500,15301500,99.9,101.5,99.0,100.0,1.5,132,321
2019-01-30,6581,48005,4780915,100.0,100.0,99.0,99.0,-1.0,46,491
2019-02-11,6581,48002,4693600,99.5,99.5,96.0,97.1,-1.9,49,533
2019-02-12,6581,75329,7261575,97.8,97.8,96.1,96.5,-0.6,54,469
2019-02-13,6581,46050,4452485,96.5,97.0,96.3,96.5,0.0,44,560
2019-02-14,6581,18100,1745950,96.7,96.7,96.1,96.5,0.0,18,689
2019-02-15,6581,33013,3179059,96.4,96.7,96.1,96.5,0.0,32,617
2019-02-18,6581,16140,1561344,96.5,97.0,96.5,96.9,0.4,15,732
2019-02-19,6581,20010,1935495,97.0,97.0,96.5,96.5,-0.4,21,686
2019-02-20,6581,34200,3299000,96.5,96.7,96.2,96.7,0.2,30,635
2019-02-21,6581,52050,5035450,96.7,98.1,96.2,98.1,1.4,51,561
2019-02-22,6581,64000,6259900,98.1,98.1,97.6,97.8,-0.3,58,489
2019-02-25,6581,99030,9837160,97.9,99.9,97.9,99.9,2.1,76,483
2019-02-26,6581,66100,6593500,100.0,100.0,99.1,99.5,-0.4,65,530
2019-02-27,6581,39000,3885200,99.1,100.0,99.1,99.5,0.0,39,581
2019-03-04,6581,47030,4696290,99.5,100.5,99.5,100.0,0.5,45,574
2019-03-05,6581,55504,5548796,100.0,100.0,99.8,100.0,0.0,44,523
2019-03-06,6581,53095,5385285,100.0,102.0,100.0,102.0,2.0,54,549
2019-03-07,6581,53421,5439731,103.5,103.5,100.5,100.5,-1.5,50,551
2019-03-08,6581,63255,6316500,99.8,100.5,99.4,99.8,-0.7,56,495
2019-03-11,6581,30000,3000000,100.0,100.5,99.8,100.5,0.7,23,627
2019-03-12,6581,46116,4673832,101.5,102.0,100.5,101.5,1.0,40,589
2019-03-13,6581,48200,4938800,102.0,103.0,102.0,103.0,1.5,47,535
2019-03-14,6581,28000,2865500,103.5,103.5,101.5,101.5,-1.5,24,659
2019-03-15,6581,51000,5163000,101.5,101.5,100.5,101.5,0.0,48,582
2019-03-18,6581,46097,4645442,101.5,101.5,100.0,101.0,-0.5,35,595
2019-03-19,6581,42200,4244700,101.0,101.0,100.0,100.0,-1.0,35,609
2019-03-20,6581,68000,6807000,100.0,101.0,100.0,101.0,1.0,53,533
2019-03-21,6581,41002,4102803,100.5,100.5,99.8,100.5,-0.5,35,618
2019-03-22,6581,69001,6910901,102.0,102.0,99.6,99.6,-0.9,55,555
2019-03-25,6581,63000,6268200,99.5,99.9,99.1,99.9,0.3,48,558
2019-03-26,6581,91019,9207995,100.0,102.5,100.0,102.5,2.6,57,467
2019-03-27,6581,35131,3557296,102.5,102.5,101.0,101.5,-1.0,32,629
2019-03-28,6581,21000,2111500,100.5,101.0,100.0,100.0,-1.5,20,697
2019-03-29,6581,33003,3308215,102.0,102.0,99.9,100.5,0.5,28,641
2019-04-01,6581,35140,3560920,101.5,102.0,101.0,101.0,0.5,26,663
2019-04-02,6581,59265,6031795,102.0,102.5,101.5,102.5,1.5,62,579
2019-04-03,6581,20100,2061800,103.0,103.0,102.0,102.5,0.0,21,716
2019-04-08,6581,37659,3852218,102.0,103.0,101.5,103.0,0.5,36,653
2019-04-09,6581,58250,5894875,101.5,102.0,100.5,100.5,-2.5,45,562
2019-04-10,6581,17196,1741589,103.0,103.0,100.5,101.0,0.5,18,734
2019-04-11,6581,19000,1918500,101.0,101.0,100.5,101.0,0.0,16,732
2019-04-12,6581,8000,807500,101.0,101.0,100.5,101.0,0.0,7,808
2019-04-15,6581,22100,2230800,101.0,101.5,100.5,101.0,0.0,21,710
2019-04-16,6581,71000,7107500,100.5,100.5,100.0,100.0,-1.0,51,533
2019-04-17,6581,53400,5361900,100.0,101.0,99.9,101.0,1.0,51,608
2019-04-18,6581,48580,4851000,100.5,100.5,99.0,100.0,-1.0,53,627
2019-04-19,6581,13150,1317000,100.5,100.5,100.0,100.5,0.5,14,738
2019-04-22,6581,33171,3326013,100.5,100.5,99.9,100.0,-0.5,28,624
2019-04-23,6581,13000,1296900,100.0,100.0,99.6,100.0,0.0,13,730
2019-04-24,6581,27322,2721135,100.0,100.0,99.1,99.9,-0.1,30,638
2019-04-25,6581,39100,3888650,99.6,100.0,99.0,100.0,0.1,36,585
2019-04-26,6581,22000,2191200,99.4,99.9,99.4,99.6,-0.4,21,676
2019-04-29,6581,31020,3088891,99.4,99.7,99.1,99.1,-0.5,32,631
2019-04-30,6581,19000,1890500,99.4,99.7,99.4,99.6,0.5,19,673
2019-05-02,6581,10061,1006752,100.0,100.5,100.0,100.5,0.9,9,745
2019-05-03,6581,9000,900500,100.5,100.5,100.0,100.0,-0.5,9,770
2019-05-06,6581,64150,6361600,100.0,100.0,98.9,99.0,-1.0,38,571
2019-05-07,6581,32250,3233425,99.0,101.5,99.0,101.5,2.5,33,602
2019-05-08,6581,29250,2936750,101.0,101.0,100.0,100.0,-1.5,20,625
2019-05-09,6581,31000,3084100,99.5,100.0,99.0,99.3,-0.7,26,659
2019-05-10,6581,38160,3784020,99.3,99.6,98.5,98.5,-0.8,34,630
2019-05-13,6581,62200,6048800,99.0,99.0,96.0,96.2,-2.3,55,580
2019-05-14,6581,53609,5122973,95.9,96.0,95.1,96.0,-0.2,50,591
2019-05-15,6581,32050,3081964,96.0,97.2,96.0,96.5,0.5,29,611
2019-05-16,6581,56930,5428420,96.4,96.5,94.0,94.0,-2.5,54,543
2019-05-17,6581,28900,2724580,94.5,94.5,94.0,94.0,0.0,29,657
2019-05-20,6581,43250,4060300,94.0,96.2,93.5,96.2,2.2,39,552
2019-05-21,6581,38000,3639000,95.8,96.4,95.2,96.2,0.0,32,590
2019-05-22,6581,30000,2882200,96.5,96.5,95.5,95.5,-0.7,29,602
2019-05-23,6581,18116,1720336,95.3,95.3,94.0,95.0,-0.5,17,691
2019-05-24,6581,13100,1236990,95.0,95.0,94.2,94.2,-0.8,11,703
2019-05-27,6581,50000,4755200,96.3,96.3,95.0,95.0,0.8,22,548
2019-05-28,6581,34000,3232500,95.0,95.2,95.0,95.1,0.1,20,578
2019-05-29,6581,27037,2570300,95.1,95.2,95.0,95.0,-0.1,21,631
2019-05-30,6581,16001,1526998,95.1,96.0,95.1,96.0,1.0,16,681
2019-05-31,6581,22100,2107800,95.6,95.7,95.3,95.7,-0.3,18,663
2019-06-03,6581,8000,760900,95.0,95.5,95.0,95.5,-0.2,8,770
2019-06-04,6581,33002,3137590,95.0,95.2,95.0,95.0,-0.5,25,559
2019-06-05,6581,16000,1520600,95.0,95.1,95.0,95.1,0.1,11,675
2019-06-06,6581,3000,283100,94.5,94.5,94.3,94.3,-0.8,3,834
2019-06-10,6581,2000,189200,94.6,94.6,94.6,94.6,0.3,2,860
2019-06-11,6581,20000,1923300,95.7,96.5,95.7,96.1,1.5,17,677
2019-06-12,6581,7023,674319,96.1,96.1,96.0,96.0,-0.1,6,768
2019-06-13,6581,2000,192000,96.0,96.0,96.0,96.0,0.0,2,849
2019-06-14,6581,6010,575862,96.0,96.0,95.5,95.9,-0.1,7,802
2019-06-17,6581,13000,1248900,95.9,96.4,95.9,96.4,0.5,13,687
2019-06-18,6581,30000,2886700,96.0,96.6,96.0,96.4,0.0,16,564
2019-06-19,6581,26149,2527953,96.4,97.5,96.4,97.5,1.1,27,659
2019-06-20,6581,19227,1868531,97.5,97.5,97.0,97.5,0.0,21,694
2019-06-21,6581,26000,2549600,97.5,98.5,97.5,98.5,1.0,16,656
2019-06-24,6581,20100,1982450,98.5,99.4,98.3,99.4,0.9,20,681
2019-06-25,6581,19000,1870900,99.0,99.0,98.0,98.2,-1.2,18,668
2019-06-26,6581,6000,588800,98.2,98.2,98.0,98.2,0.0,5,765
2019-06-27,6581,20050,1989200,98.7,99.5,98.7,99.3,1.1,21,671
2019-06-28,6581,9100,895980,99.0,99.0,98.0,98.0,-1.3,10,739
2019-07-01,6581,36000,3538300,99.3,99.3,98.0,99.0,1.0,15,627
2019-07-02,6581,14000,1386500,99.0,99.5,99.0,99.0,0.0,10,722
2019-07-03,6581,25000,2463700,99.0,99.0,98.0,98.9,-0.1,13,650
2019-07-04,6581,8000,792600,99.0,99.5,98.4,98.8,-0.1,7,783
2019-07-05,6581,6000,592200,98.8,98.8,98.5,98.7,-0.1,5,802
2019-07-08,6581,40100,3903400,97.9,97.9,96.5,97.2,-1.5,30,592
2019-07-09,6581,11000,1072500,97.4,97.6,97.4,97.5,0.3,7,743
2019-07-10,6581,12000,1166700,97.5,97.5,97.0,97.0,-0.5,12,757
2019-07-11,6581,19090,1852084,97.0,97.3,97.0,97.3,0.3,17,708
2019-07-12,6581,21000,2027400,96.4,97.2,96.3,97.1,-0.2,18,687
2019-07-15,6581,13201,1277216,96.5,97.1,96.5,97.1,0.0,13,739
2019-07-16,6581,9023,876133,97.1,97.1,97.1,97.1,0.0,10,773
2019-07-17,6581,28001,2732998,97.7,99.0,96.5,98.8,1.7,27,674
2019-07-18,6581,15000,1483400,99.0,99.0,98.8,98.8,0.0,10,720
2019-07-19,6581,17048,1681937,98.8,98.8,98.5,98.5,-0.3,16,716
2019-07-22,6581,17000,1669500,97.5,98.5,97.5,98.5,0.0,13,737
2019-07-23,6581,25000,2446300,97.8,98.3,97.4,97.4,-1.1,18,681
2019-07-24,6581,25000,2425400,97.4,97.4,96.5,96.8,-0.6,22,695
2019-07-25,6581,19200,1850340,96.6,96.6,96.1,96.3,-0.5,20,706
2019-07-26,6581,25012,2410861,96.3,97.0,96.3,96.3,0.0,25,653
2019-07-29,6581,59018,5677740,96.3,96.4,96.0,96.4,0.1,44,549
2019-07-30,6581,37000,3555000,96.4,96.4,96.0,96.2,-0.2,24,622
2019-07-31,6581,34048,3275036,96.2,96.6,96.0,96.6,0.4,28,588
2019-08-01,6581,43025,4132025,96.1,96.5,95.8,95.8,-0.8,32,573
2019-08-02,6581,57000,5444200,95.7,95.7,95.3,95.6,-0.2,33,582
2019-08-05,6581,59080,5612600,95.3,95.3,94.6,94.6,-1.0,46,561
2019-08-06,6581,42371,3985822,94.5,94.5,93.9,94.5,-0.1,36,622
2019-08-07,6581,33629,3181088,95.0,95.3,94.5,94.5,0.0,39,577
2019-08-08,6581,66237,6277875,95.5,95.5,94.5,94.8,0.3,97,473
2019-08-12,6581,24142,2199064,90.0,91.9,90.0,91.0,0.0,24,666
2019-08-13,6581,55300,4987340,90.7,90.7,90.0,90.0,-1.0,52,549
2019-08-14,6581,108750,9710000,90.0,90.1,88.8,88.8,-1.2,90,463
2019-08-15,6581,19600,1740960,88.5,89.2,88.5,88.6,-0.2,22,700
2019-08-16,6581,17170,1530968,88.6,89.7,88.5,89.7,1.1,16,691
2019-08-19,6581,15000,1350500,90.0,90.2,89.9,90.2,0.5,12,733
2019-08-20,6581,9000,811800,90.2,90.2,90.2,90.2,0.0,8,784
2019-08-21,6581,44121,4028132,90.0,92.3,89.9,91.8,1.6,39,588
2019-08-22,6581,9080,824544,91.0,91.0,90.6,90.6,-1.2,8,753
2019-08-23,6581,9150,829285,90.5,91.1,90.5,91.1,0.5,8,752
2019-08-26,6581,42110,3797266,90.5,90.6,89.6,89.6,-1.5,29,591
2019-08-27,6581,19000,1721600,90.0,91.1,90.0,90.2,0.6,12,667
2019-08-28,6581,11000,1002500,91.0,91.5,91.0,91.0,0.8,8,732
2019-08-29,6581,7199,651387,90.4,90.6,90.1,90.6,-0.4,9,770
2019-08-30,6581,12000,1089600,90.5,91.0,90.5,90.9,0.3,6,757
2019-09-02,6581,6000,546300,90.9,91.5,90.9,91.5,0.6,6,805
2019-09-03,6581,7500,687350,91.6,91.6,91.5,91.5,0.0,8,771
2019-09-04,6581,8076,738954,91.5,91.5,91.5,91.5,0.0,10,779
2019-09-05,6581,5274,483371,91.8,91.8,91.6,91.7,0.2,7,834
2019-09-06,6581,19200,1768980,91.8,92.6,91.7,92.5,0.8,21,678
2019-09-09,6581,40100,3645700,91.4,91.5,90.5,90.6,-1.9,36,589
2019-09-10,6581,19200,1746760,90.8,91.0,90.8,90.9,0.3,14,680
2019-09-11,6581,16000,1451500,90.6,90.9,90.6,90.9,0.0,12,717
2019-09-12,6581,20115,1819280,90.2,90.6,90.2,90.6,-0.3,20,684
2019-09-16,6581,14191,1282681,90.6,90.6,90.2,90.3,-0.3,14,722
2019-09-17,6581,20407,1838137,90.1,90.2,90.0,90.0,-0.3,20,661
2019-09-18,6581,25020,2282932,91.5,92.5,90.2,90.8,0.8,26,697
2019-09-19,6581,3000,271900,90.6,90.7,90.6,90.6,-0.2,3,842
2019-09-20,6581,5000,452600,90.6,90.6,90.5,90.5,-0.1,5,820
2019-09-23,6581,30280,2758180,90.5,91.4,90.5,91.1,0.6,27,627
2019-09-24,6581,19000,1729200,91.0,91.2,91.0,91.2,0.1,16,689
2019-09-25,6581,1000,91200,91.2,91.2,91.2,91.2,0.0,1,893
2019-09-26,6581,10638,971659,91.8,91.8,91.0,91.1,-0.1,12,762
2019-09-27,6581,28000,2546600,91.1,91.1,90.7,90.7,-0.4,24,677
2019-10-01,6581,24362,2218247,90.7,91.4,90.7,91.4,0.7,23,641
2019-10-02,6581,37200,3384100,91.1,91.3,90.6,90.6,-0.8,30,557
2019-10-03,6581,20000,1814500,91.0,91.0,90.5,90.5,-0.1,19,642
2019-10-04,6581,96000,8647900,90.5,90.5,89.6,90.0,-0.5,54,434
2019-10-07,6581,91100,8147130,90.0,90.0,89.0,89.3,-0.7,70,444
2019-10-08,6581,33009,2954508,89.3,89.9,89.1,89.6,0.3,31,610
2019-10-09,6581,65200,5803480,89.5,89.5,88.8,89.0,-0.6,59,512
2019-10-14,6581,40155,3600250,89.4,90.0,89.2,90.0,1.0,36,642
2019-10-15,6581,105015,9318647,89.8,89.8,88.3,88.4,-1.6,89,471
2019-10-16,6581,192576,16856564,88.4,88.4,87.0,87.1,-1.3,164,399
2019-10-17,6581,35000,3070400,87.1,88.1,87.1,88.1,1.0,32,595
2019-10-18,6581,39000,3436200,88.1,88.5,87.8,88.0,-0.1,39,605
2019-10-21,6581,44000,3868600,87.6,88.0,87.6,87.9,-0.1,39,593
2019-10-22,6581,56000,4924000,88.0,88.3,87.6,87.9,0.0,54,559
2019-10-23,6581,61030,5349958,88.0,88.0,87.5,87.7,-0.2,47,547
2019-10-24,6581,60060,5247080,87.5,87.6,87.1,87.1,-0.6,56,529
2019-10-25,6581,105610,9149675,87.1,87.1,86.4,86.5,-0.6,97,440
2019-10-28,6581,84121,7236666,86.5,86.8,85.7,85.8,-0.7,71,488
2019-10-29,6581,17000,1466400,85.8,86.7,85.8,86.1,0.3,13,718
2019-10-30,6581,32200,2766600,85.8,86.1,85.7,85.8,-0.3,31,608
2019-10-31,6581,36057,3094430,85.6,86.0,85.6,86.0,0.2,31,607
2019-11-01,6581,21400,1840680,85.9,86.2,85.8,86.0,0.0,21,656
2019-11-04,6581,32166,2767559,85.9,86.3,85.9,85.9,-0.1,29,656
2019-11-05,6581,57180,4918570,86.1,86.5,85.9,86.0,0.1,55,563
2019-11-06,6581,38700,3336390,86.0,86.7,85.9,86.7,0.7,35,615
2019-11-07,6581,57000,4910700,86.8,86.9,85.9,86.0,-0.7,43,561
2019-11-08,6581,192150,16512735,86.0,86.2,85.8,85.8,-0.2,116,385
2019-11-11,6581,139030,11958692,86.0,86.5,85.9,86.0,0.2,78,477
2019-11-12,6581,61032,5247174,86.0,86.0,85.9,85.9,-0.1,36,556
2019-11-13,6581,84010,7224762,86.0,86.1,85.9,85.9,0.0,51,498
2019-11-14,6581,35116,3012657,85.9,85.9,85.7,85.8,-0.1,30,642
2019-11-15,6581,34200,2939300,85.8,86.0,85.8,86.0,0.2,27,635
2019-11-18,6581,13000,1117500,86.0,86.0,85.9,85.9,-0.1,11,764
2019-11-19,6581,57305,4928659,86.0,86.1,85.9,86.1,0.2,31,539
2019-11-20,6581,86000,7403200,86.1,86.4,86.0,86.4,0.3,55,497
2019-11-21,6581,70000,6020400,86.4,86.4,85.9,86.1,-0.3,44,515
2019-11-22,6581,36000,3093500,86.0,86.0,85.9,85.9,-0.2,24,603
2019-11-25,6581,39000,3348700,85.9,86.0,85.7,85.7,-0.2,31,612
2019-11-26,6581,22200,1902740,85.7,85.8,85.7,85.7,0.0,20,695
2019-11-27,6581,46100,3944880,85.7,85.7,85.4,85.4,-0.3,37,583
2019-11-28,6581,12010,1033558,86.5,86.5,85.7,85.7,0.3,13,748
2019-11-29,6581,23000,1976100,85.7,86.2,85.7,85.8,0.1,20,692
2019-12-02,6581,14039,1207942,85.8,86.2,85.8,86.1,0.3,14,734
2019-12-03,6581,31000,2662600,86.0,86.0,85.8,85.8,-0.3,17,597
2019-12-04,6581,139010,11848558,86.0,86.0,85.0,85.0,-0.8,107,399
2019-12-05,6581,15150,1290825,85.2,85.5,85.0,85.1,0.1,15,734
2019-12-06,6581,33441,2840161,85.1,85.6,84.6,84.8,-0.3,33,627
2019-12-09,6581,65420,5535700,84.8,85.0,84.5,84.5,-0.3,46,544
2019-12-10,6581,94200,7889000,84.5,84.7,83.2,84.0,-0.5,67,494
2019-12-11,6581,41350,3458579,83.5,84.0,83.5,83.5,-0.5,29,636
2019-12-12,6581,73200,6083480,83.5,83.8,82.9,83.8,0.3,61,554
2019-12-13,6581,42710,3589950,84.3,84.6,83.8,83.9,0.1,33,636
2019-12-16,6581,51400,4364860,84.9,85.2,84.4,85.0,1.1,49,605
2019-12-17,6581,27000,2298300,85.0,85.3,85.0,85.2,0.2,25,691
2019-12-18,6581,29570,2520935,85.2,85.5,85.1,85.5,0.3,32,708
2019-12-19,6581,61058,5188147,85.5,85.5,84.5,85.0,-0.5,48,571
2019-12-20,6581,15104,1281819,85.0,85.0,84.6,85.0,0.0,17,746
2019-12-23,6581,141748,11902506,84.6,84.6,83.7,83.8,-1.2,125,440
2019-12-24,6581,51010,4251045,83.5,83.8,83.1,83.2,-0.6,45,580
2019-12-25,6581,23400,1947800,83.2,83.5,83.1,83.3,0.1,21,691
2019-12-26,6581,112500,9341400,83.2,83.2,82.9,83.0,-0.3,89,459
2019-12-27,6581,10030,836432,83.4,83.6,83.2,83.6,0.6,10,808
2019-12-30,6581,52200,4341400,83.6,83.6,82.9,83.0,-0.6,50,616
2019-12-31,6581,13000,1079800,83.0,83.7,82.9,83.2,0.2,11,785
2020-01-02,6581,34000,2841000,83.0,84.3,83.0,84.0,0.8,34,693
2020-01-03,6581,44100,3696788,84.0,84.2,83.5,83.6,-0.4,38,654
2020-01-06,6581,22000,1834400,83.6,83.6,83.1,83.2,-0.4,22,740
2020-01-07,6581,24226,2014847,83.3,83.4,83.0,83.0,-0.2,27,715
2020-01-08,6581,33040,2748243,82.9,83.4,82.9,83.4,0.4,28,659
2020-01-09,6581,24150,2010600,83.3,83.3,83.1,83.3,-0.1,21,698
2020-01-10,6581,36000,2984200,83.1,83.1,82.7,83.0,-0.3,31,625
2020-01-13,6581,73300,6054570,83.0,83.0,82.4,82.4,-0.6,63,548
2020-01-14,6581,76280,6250284,82.1,82.1,81.7,81.8,-0.6,55,529
2020-01-15,6581,23000,1878500,81.8,81.8,81.6,81.7,-0.1,22,684
2020-01-16,6581,68000,5557400,81.8,82.6,81.6,82.6,0.9,41,525
2020-01-17,6581,20065,1662718,82.9,83.0,82.7,82.9,0.3,21,707
2020-01-20,6581,63050,5175740,82.2,82.3,81.8,82.0,-0.9,49,590
2020-01-30,6581,155357,12379088,81.0,81.0,78.2,79.2,-2.8,136,606
2020-01-31,6581,37200,2941819,79.2,79.5,79.0,79.0,-0.2,32,715
2020-02-03,6581,60080,4658056,78.5,78.5,77.2,77.4,-1.6,50,681
2020-02-04,6581,40450,3137000,77.4,77.8,77.4,77.5,0.1,39,663
2020-02-05,6581,39702,3062254,77.4,77.4,77.0,77.1,-0.4,42,652
2020-02-06,6581,30144,2328074,77.1,77.3,77.1,77.3,0.2,27,700
2020-02-07,6581,78000,5986600,77.5,77.5,76.2,76.2,-1.1,66,572
2020-02-10,6581,67000,5025900,76.0,76.0,74.6,74.6,-1.6,50,589
2020-02-11,6581,58000,4280100,74.0,74.6,73.3,74.6,0.0,41,593
2020-02-12,6581,20000,1510300,74.6,76.2,74.6,75.6,1.0,19,730
2020-02-13,6581,29070,2218352,75.6,78.0,75.6,76.1,0.5,25,686
2020-02-14,6581,21050,1599870,76.0,76.1,75.8,76.0,-0.1,14,700
2020-02-17,6581,33000,2532200,76.1,77.4,76.1,77.4,1.4,30,658
2020-02-18,6581,11300,871518,77.4,77.4,77.0,77.1,-0.3,14,769
2020-02-19,6581,22003,1695839,77.0,77.5,76.9,77.3,0.2,17,701
2020-02-20,6581,14004,1087528,77.3,77.9,77.3,77.9,0.6,12,760
2020-02-21,6581,13006,1015386,77.9,78.2,77.8,78.2,0.3,15,773
2020-02-24,6581,28021,2153680,77.8,77.8,75.1,77.3,-0.9,30,703
2020-02-25,6581,13207,1016887,77.2,77.2,76.8,77.0,-0.3,14,782
2020-02-26,6581,30200,2325719,76.6,77.4,76.6,77.4,0.4,24,679
2020-02-27,6581,38030,2914113,76.9,76.9,76.2,76.2,-1.2,35,711
2020-03-02,6581,109000,8046700,75.0,75.0,73.2,74.0,-2.2,79,582
2020-03-03,6581,40317,3016975,74.2,75.5,74.2,75.0,1.0,35,630
2020-03-04,6581,19050,1414970,74.6,74.6,74.0,74.5,-0.5,16,721
2020-03-05,6581,29051,2163119,74.0,74.9,74.0,74.9,0.4,24,692
2020-03-06,6581,32000,2387600,74.5,74.8,74.5,74.6,-0.3,22,682
2020-03-09,6581,76000,5499900,74.0,74.0,71.9,71.9,-2.7,58,675
2020-03-10,6581,89082,6161546,70.3,70.3,68.8,69.8,-2.1,74,645
2020-03-11,6581,53827,3676400,69.5,69.5,67.6,68.5,-1.3,53,640
2020-03-12,6581,87200,5782800,67.6,67.6,65.1,65.4,-3.1,74,709
2020-03-13,6581,153823,9162041,59.2,62.5,58.9,62.5,-2.9,130,678
2020-03-16,6581,39025,2338307,61.9,61.9,59.5,59.8,-2.7,37,760
2020-03-17,6581,82450,4625120,58.1,58.1,55.2,55.2,-4.6,73,698
2020-03-18,6581,142268,7501701,54.9,55.0,51.0,51.0,-4.2,106,603
2020-03-19,6581,145649,6772938,47.6,47.6,45.9,45.9,-5.1,106,716
2020-03-20,6581,72073,3490757,46.05,50.0,46.05,48.5,2.6,63,713
2020-03-23,6581,39449,1802808,46.1,47.5,44.0,46.45,-2.05,36,730
2020-03-24,6581,15001,734201,48.9,49.8,48.1,48.1,1.65,15,826
2020-03-25,6581,99035,4895351,49.65,51.2,48.65,48.65,0.55,84,643
2020-03-26,6581,24100,1169103,48.7,48.7,48.35,48.5,-0.15,26,773
2020-03-27,6581,60010,2987150,49.0,50.2,48.7,49.9,1.4,47,688
2020-03-30,6581,45394,2276548,49.9,51.9,48.2,51.9,2.0,49,663
2020-03-31,6581,38000,1949600,52.0,52.0,51.0,51.5,-0.4,30,697
2020-04-01,6581,13025,663180,50.3,51.2,50.3,50.9,-0.6,14,808
2020-04-06,6581,30300,1545179,51.4,51.4,50.7,50.9,0.0,33,712
2020-04-07,6581,54000,2784700,51.1,53.0,50.9,53.0,2.1,45,680
2020-04-08,6581,22050,1164650,52.0,53.5,52.0,53.5,0.5,22,788
2020-04-09,6581,24077,1293358,54.0,54.1,53.3,53.3,-0.2,25,781
2020-04-10,6581,57150,3105045,53.8,56.0,53.7,56.0,2.7,51,653
2020-04-13,6581,86100,5087250,55.2,61.0,55.2,59.8,3.8,75,589
2020-04-14,6581,174145,11062226,60.1,65.7,60.1,64.9,5.1,128,489
2020-04-15,6581,189215,12414361,65.7,67.3,64.0,65.1,0.2,150,524
2020-04-16,6581,81017,5096679,64.5,64.6,62.2,62.6,-2.5,81,601
2020-04-17,6581,109320,6766220,63.2,63.3,60.0,60.2,-2.4,115,619
2020-04-20,6581,91125,5304600,58.2,59.0,57.6,58.6,-1.6,84,559
2020-04-21,6581,140200,7854100,58.0,58.0,54.9,54.9,-3.7,132,601
2020-04-22,6581,111418,5932963,54.3,54.3,52.1,53.3,-1.6,108,545
2020-04-23,6581,163027,8598638,54.1,54.3,52.1,52.5,-0.8,159,467
2020-04-24,6581,170210,8763206,52.5,52.5,51.1,51.2,-1.3,169,445
2020-04-27,6581,154142,8101897,51.4,53.4,51.3,52.4,1.2,151,560
2020-04-28,6581,170262,9188091,52.2,56.5,52.0,55.4,3.0,162,518
2020-04-29,6581,270794,16046350,56.5,60.9,56.5,60.9,5.5,237,492
2020-04-30,6581,245269,15439152,61.5,64.5,61.5,63.4,2.5,195,525
2020-05-04,6581,168206,10160940,60.1,61.3,58.8,60.0,-3.4,155,548
2020-05-05,6581,131000,7853200,60.0,61.3,58.8,59.5,-0.5,106,545
2020-05-06,6581,80176,4714884,59.8,60.0,58.2,58.3,-1.2,81,625
2020-05-07,6581,75150,4432040,59.0,59.2,58.6,58.8,0.5,74,643
2020-05-08,6581,61126,3620470,58.6,59.5,58.6,59.2,0.4,64,677
2020-05-11,6581,131005,8042510,59.5,63.0,59.5,61.7,2.5,117,597
2020-05-12,6581,100300,6129000,61.5,61.5,60.6,61.0,-0.7,69,609
2020-05-13,6581,48028,2900292,60.5,61.1,59.6,61.0,0.0,46,676
2020-05-14,6581,66000,3946100,60.5,60.5,59.5,59.7,-1.3,54,667
2020-05-15,6581,95276,5822381,59.7,63.0,59.7,61.7,2.0,84,626
2020-05-18,6581,41486,2536832,61.7,61.7,60.6,61.0,-0.7,40,697
2020-05-19,6581,43000,2649700,61.7,62.0,61.2,61.2,0.2,38,690
2020-05-20,6581,33028,2011448,61.2,61.3,60.7,60.8,-0.4,31,718
2020-05-21,6581,44100,2682100,60.5,61.0,60.5,60.7,-0.1,38,689
2020-05-22,6581,38000,2310200,60.7,61.0,60.7,60.9,0.2,34,722
2020-05-25,6581,33000,2003900,61.3,61.3,60.5,60.7,-0.2,30,710
2020-05-26,6581,49051,2997251,60.7,61.3,60.7,60.9,0.2,42,698
2020-05-27,6581,45000,2725700,60.7,60.8,60.5,60.6,-0.3,37,711
2020-05-28,6581,49008,2953604,60.6,60.8,59.7,60.5,-0.1,50,705
2020-05-29,6581,21063,1273206,60.5,60.6,60.2,60.5,0.0,19,739
2020-06-01,6581,213129,13372087,60.5,65.4,60.5,62.2,1.7,186,469
2020-06-02,6581,49200,3048500,62.8,62.8,61.7,61.7,-0.5,48,658
2020-06-03,6581,40010,2492425,62.0,62.6,61.9,62.4,0.7,39,744
2020-06-04,6581,76100,4820250,63.6,64.2,63.0,64.1,1.7,58,656
2020-06-05,6581,78075,5028790,64.9,64.9,64.1,64.6,0.5,75,662
2020-06-08,6581,171100,11218880,64.7,66.4,64.5,65.8,1.2,125,600
2020-06-09,6581,83050,5392765,65.5,65.5,64.4,64.8,-1.0,75,665
2020-06-10,6581,49060,3178624,64.8,65.2,64.2,64.5,-0.3,45,730
2020-06-11,6581,72010,4558521,64.2,64.5,61.7,61.7,-2.8,66,732
2020-06-12,6581,82025,5029312,60.0,63.1,59.6,62.0,0.3,81,671
2020-06-15,6581,33130,1991230,59.8,60.4,59.8,60.1,0.0,35,755
2020-06-16,6581,18080,1108020,60.1,62.0,60.1,61.6,1.5,22,820
2020-06-17,6581,9200,568720,62.2,62.2,61.5,61.9,0.3,11,860
2020-06-18,6581,25046,1532583,61.5,61.7,60.6,60.9,-1.0,31,787
2020-06-19,6581,9000,548300,61.0,61.3,60.7,60.8,-0.1,9,879
2020-06-22,6581,33070,2044897,61.0,63.0,60.8,62.0,1.2,34,781
2020-06-23,6581,86500,5291700,61.7,61.9,60.7,61.4,-0.6,77,647
2020-06-24,6581,8000,489900,61.4,61.4,60.9,61.3,-0.1,6,862
2020-06-29,6581,24112,1470965,61.3,61.3,60.8,61.2,-0.1,21,798
2020-06-30,6581,23000,1411800,61.0,61.9,61.0,61.5,0.3,21,777
2020-07-01,6581,30508,1875889,61.7,61.8,61.2,61.2,-0.3,27,760
2020-07-02,6581,14000,858000,61.2,61.4,61.2,61.3,0.1,12,839
2020-07-03,6581,30050,1847180,61.4,61.7,61.3,61.3,0.0,30,792
2020-07-06,6581,58400,3613360,61.4,62.5,61.4,61.8,0.5,57,787
2020-07-07,6581,113000,7038300,62.5,63.9,61.3,61.6,-0.2,91,682
2020-07-08,6581,63100,3909430,62.1,62.5,61.7,61.7,0.1,53,741
2020-07-09,6581,97000,6037200,62.0,63.9,61.8,62.0,0.3,82,723
2020-07-10,6581,153231,9324360,62.0,62.0,59.8,61.3,-0.7,133,647
2020-07-13,6581,89058,5522683,61.4,62.8,61.4,62.5,1.2,75,684
2020-07-14,6581,124000,7709400,62.4,62.6,61.8,61.8,-0.7,56,617
2020-07-15,6581,32000,1984600,61.7,62.4,61.7,62.3,0.5,28,797
2020-07-16,6581,38000,2371200,62.3,62.5,62.2,62.3,0.0,32,746
2020-07-17,6581,67000,4179700,62.3,63.0,62.0,62.0,-0.3,43,708
2020-07-20,6581,30090,1854225,61.0,62.0,61.0,61.9,-0.1,21,763
2020-07-21,6581,29300,1835149,62.7,62.9,61.9,62.8,0.9,29,794
2020-07-22,6581,40038,2513482,62.8,63.1,62.5,62.5,-0.3,35,731
2020-07-23,6581,49000,3069100,62.7,62.9,62.5,62.9,0.4,37,706
2020-07-24,6581,49314,3080729,62.8,63.1,62.0,62.2,-0.7,46,747
2020-07-27,6581,38010,2346522,62.1,62.2,61.3,61.4,-0.8,38,771
2020-07-28,6581,60000,3662700,61.3,61.4,60.8,60.8,-0.6,51,729
2020-07-29,6581,50000,3053900,60.7,61.6,60.7,61.6,0.8,34,690
2020-07-30,6581,39355,2436365,61.7,62.2,61.6,62.0,0.4,35,700
2020-07-31,6581,28000,1746100,62.2,62.5,62.2,62.5,0.5,27,723
2020-08-03,6581,61050,3751684,62.8,62.8,61.0,61.4,-1.1,61,668
2020-08-04,6581,20000,1231900,61.5,61.9,61.5,61.5,0.1,16,782
2020-08-05,6581,21000,1291000,62.0,62.0,61.2,61.5,0.0,18,795
2020-08-06,6581,58042,3615346,61.8,62.7,61.8,62.4,0.9,50,684
2020-08-07,6581,63645,3989335,61.8,63.0,61.8,62.8,0.4,56,643
2020-08-10,6581,284359,18706631,62.8,69.0,62.8,67.0,4.2,182,484
2020-08-11,6581,158700,10519020,67.9,68.0,65.0,67.3,0.3,134,546
2020-08-12,6581,47160,3103692,66.4,66.4,65.6,65.6,-1.7,41,677
2020-08-13,6581,33100,2182340,65.7,66.0,65.6,66.0,0.4,23,737
2020-08-14,6581,62139,4031118,65.2,65.2,64.5,65.0,-1.0,48,668
2020-08-17,6581,23001,1504666,65.0,65.9,64.6,65.8,0.8,23,831
2020-08-18,6581,138288,9484713,66.0,70.7,66.0,70.0,4.2,127,579
2020-08-19,6581,64127,4435250,70.1,70.1,68.0,69.1,-0.9,55,705
2020-08-20,6581,78610,5320946,69.2,70.5,66.8,67.6,-1.5,78,736
2020-08-21,6581,59030,4061488,67.6,70.3,67.6,68.4,0.8,55,670
2020-08-24,6581,24000,1630600,68.6,68.6,67.3,68.4,0.0,24,775
2020-08-25,6581,27000,1866400,68.7,69.4,68.7,69.0,0.6,25,772
2020-08-26,6581,6503,449958,69.0,69.5,69.0,69.5,0.5,10,864
2020-08-27,6581,18060,1250200,69.5,69.5,69.0,69.1,-0.4,16,811
2020-08-28,6581,76000,5317900,69.1,70.4,69.1,69.9,0.8,57,625
2020-08-31,6581,68067,4844924,70.4,72.0,70.3,71.1,1.2,63,684
2020-09-01,6581,53000,3741400,71.1,71.2,69.9,70.4,-0.7,41,688
2020-09-02,6581,38113,2676066,70.1,70.6,70.0,70.5,0.1,34,742
2020-09-03,6581,38000,2694600,71.0,71.4,70.6,70.8,0.3,29,761
2020-09-04,6581,47000,3291000,70.2,70.5,69.1,70.5,-0.3,33,729
2020-09-07,6581,23000,1622400,71.0,71.0,70.2,70.4,-0.1,21,828
2020-09-08,6581,79000,5482700,70.9,70.9,68.6,69.6,-0.8,63,654
2020-09-09,6581,84004,5721684,69.5,69.5,67.9,68.3,-1.3,66,638
2020-09-10,6581,29000,1967100,68.3,68.3,67.6,67.6,-0.7,28,787
2020-09-11,6581,25003,1688409,67.7,67.7,67.3,67.3,-0.3,23,813
2020-09-14,6581,31000,2091000,67.3,68.0,67.1,67.8,0.5,27,767
2020-09-15,6581,26000,1771100,67.7,69.0,67.7,68.6,0.8,21,778
2020-09-16,6581,14000,959500,68.6,69.2,68.4,68.4,-0.2,13,853
2020-09-17,6581,17000,1157000,67.7,68.4,67.7,68.3,-0.1,15,820
2020-09-18,6581,18009,1237819,68.5,69.0,68.5,68.9,0.6,17,837
2020-09-21,6581,18000,1244200,69.7,69.7,68.4,69.3,0.4,16,844
2020-09-22,6581,9050,621750,68.1,69.0,68.1,68.8,-0.5,9,867
2020-09-23,6581,25060,1722951,69.3,69.3,68.0,69.2,0.4,28,802
2020-09-24,6581,109055,7328706,68.4,68.4,66.7,66.7,-2.5,71,691
2020-09-25,6581,19000,1262700,66.4,66.7,66.3,66.6,-0.1,18,847
2020-09-28,6581,19000,1265900,66.8,66.8,66.5,66.5,-0.1,19,774
2020-09-29,6581,7000,465900,66.5,66.7,66.5,66.7,0.2,7,858
2020-09-30,6581,8000,534000,66.7,66.8,66.7,66.7,0.0,8,827
2020-10-05,6581,20000,1335600,67.0,67.0,66.7,67.0,0.3,11,745
2020-10-06,6581,13014,876645,67.1,67.7,66.8,67.7,0.7,14,829
2020-10-07,6581,17000,1147000,66.9,67.8,66.9,67.8,0.1,13,793
2020-10-08,6581,15000,1025400,67.8,69.0,67.8,69.0,1.2,11,821
2020-10-12,6581,12000,820700,68.6,68.6,68.0,68.4,-0.6,12,830
2020-10-13,6581,9100,618990,68.3,68.3,67.3,68.2,-0.2,9,844
2020-10-14,6581,5000,339900,67.5,68.1,67.5,68.1,-0.1,5,877
2020-10-15,6581,10000,676400,68.1,68.1,67.3,67.8,-0.3,10,829
2020-10-16,6581,8004,537684,67.0,67.6,67.0,67.6,-0.2,8,854
2020-10-19,6581,42000,2872200,67.7,69.0,67.7,69.0,1.4,40,710
2020-10-20,6581,5000,341800,68.3,68.6,68.3,68.6,-0.4,3,861
2020-10-21,6581,18000,1225600,68.0,68.4,68.0,68.4,-0.2,15,788
2020-10-22,6581,5220,354371,67.9,67.9,67.9,67.9,-0.5,13,863
2020-10-23,6581,0,0,0.0,0.0,0.0,0.0,0.0,0,926
2020-10-26,6581,10000,678800,67.9,67.9,67.8,67.9,0.0,10,852
2020-10-27,6581,4000,271600,67.4,68.1,67.4,68.1,0.2,4,878
2020-10-28,6581,3082,208085,67.4,67.6,67.4,67.6,-0.5,5,892
2020-10-29,6581,10000,674600,67.1,67.5,67.1,67.5,-0.1,10,832
2020-10-30,6581,12147,820000,67.5,67.6,67.5,67.5,0.0,15,826
2020-11-02,6581,19000,1281300,67.5,67.6,67.3,67.4,-0.1,12,761
2020-11-03,6581,33202,2242434,67.4,67.8,67.3,67.7,0.3,26,686
2020-11-04,6581,57000,3883900,68.1,68.6,68.0,68.3,0.6,47,606
2020-11-05,6581,65155,4434445,68.3,68.3,67.9,68.0,-0.3,32,593
2020-11-06,6581,48162,3294325,67.6,68.9,67.6,68.1,0.1,48,663
2020-11-09,6581,65495,4522409,68.8,69.4,68.8,69.2,1.1,50,661
2020-11-10,6581,110020,7705482,69.5,70.7,69.4,70.1,0.9,89,620
2020-11-11,6581,82010,5808501,70.7,71.5,70.5,70.6,0.5,67,689
2020-11-12,6581,66019,4692143,71.0,71.2,70.7,70.9,0.3,55,675
2020-11-13,6581,51083,3608009,70.6,71.0,70.4,70.5,-0.4,37,674
2020-11-16,6581,39000,2748100,70.3,70.9,70.3,70.6,0.1,28,759
2020-11-17,6581,31049,2184712,70.4,70.6,70.2,70.3,-0.3,32,780
2020-11-18,6581,71076,5037334,70.3,71.2,70.3,71.1,0.8,63,685
2020-11-19,6581,77100,5488360,71.1,71.6,70.8,71.4,0.3,59,638
2020-11-20,6581,221038,16289764,71.5,75.8,71.5,75.0,3.6,126,497
2020-11-23,6581,129177,9871236,75.6,78.0,74.9,77.2,2.2,109,622
2020-11-24,6581,88070,6696450,76.4,77.0,75.2,75.2,-2.0,76,651
2020-11-25,6581,75000,5633600,75.5,75.5,74.6,75.3,0.1,53,688
2020-11-26,6581,47000,3540900,75.3,75.8,75.0,75.7,0.4,43,752
2020-11-27,6581,45089,3418560,75.7,76.2,75.2,76.0,0.3,41,740
2020-11-30,6581,76315,5850867,76.0,77.2,76.0,77.2,1.2,67,732
2020-12-01,6581,52005,3988980,77.0,77.0,76.3,76.3,-0.9,45,749
2020-12-02,6581,69002,5271652,76.3,76.8,76.3,76.4,0.1,50,718
2020-12-03,6581,98146,7368203,76.2,76.4,74.1,75.0,-1.4,82,670
2020-12-04,6581,154112,11768518,75.0,78.9,75.0,78.9,3.9,107,603
2020-12-07,6581,150027,11742819,79.0,80.0,77.1,77.3,-1.6,127,621
2020-12-08,6581,77000,5988200,78.2,78.4,77.5,77.5,0.2,54,693
2020-12-09,6581,56000,4339800,77.5,78.0,76.5,77.6,0.1,51,740
2020-12-10,6581,80000,6194600,78.0,78.4,77.1,77.2,-0.4,58,692
2020-12-11,6581,104000,8025800,77.3,77.9,76.8,77.0,-0.2,64,671
2020-12-14,6581,68400,5289300,77.5,77.5,77.1,77.5,0.5,54,675
2020-12-15,6581,73000,5692800,78.0,78.5,77.4,77.5,0.0,55,681
2020-12-16,6581,120070,9322242,78.0,78.0,77.4,77.7,0.2,101,620
2020-12-17,6581,148001,11537577,78.0,78.2,77.7,78.2,0.5,97,559
2020-12-18,6581,65004,5054244,77.9,78.1,77.5,77.5,-0.7,54,693
2020-12-21,6581,153100,11917760,77.3,78.4,77.0,78.0,0.5,103,610
2020-12-22,6581,253133,20102333,78.0,80.8,77.5,77.7,-0.3,158,550
2020-12-23,6581,109001,8471377,77.6,78.1,77.4,77.8,0.1,74,611
2020-12-24,6581,61001,4749177,78.5,78.5,77.5,77.6,-0.2,35,690
2020-12-25,6581,96349,7451996,77.8,78.0,76.9,77.1,-0.5,70,634
2020-12-28,6581,213250,16319575,77.3,77.3,76.2,76.3,-0.8,157,578
2020-12-29,6581,90000,6870400,76.5,76.8,75.5,75.9,-0.4,66,683
2020-12-30,6581,178000,13383400,75.9,75.9,75.0,75.0,-0.9,114,598
2020-12-31,6581,119000,8961500,75.3,76.0,74.9,75.9,0.9,87,653
2021-01-04,6581,61000,4630200,76.4,76.4,75.4,76.0,0.1,50,757
2021-01-05,6581,49000,3706500,76.7,76.7,75.0,75.2,-0.8,39,762
2021-01-06,6581,144000,10747500,75.4,75.4,74.0,74.0,-1.2,108,683
2021-01-07,6581,127000,9385100,74.0,74.0,73.7,73.8,-0.2,85,635
2021-01-08,6581,375140,28717477,75.1,77.5,75.1,77.0,3.2,209,508
2021-01-11,6581,255026,19822362,79.9,80.0,76.1,76.7,-0.3,159,548
2021-01-12,6581,124515,9486847,76.5,77.7,75.6,75.7,-1.0,92,678
2021-01-13,6581,94000,7123300,75.2,76.4,75.2,75.9,0.2,75,683
2021-01-14,6581,104481,7860712,75.9,75.9,74.6,75.0,-0.9,75,632
2021-01-15,6581,140388,10348482,75.0,75.0,72.7,73.5,-1.5,119,653
2021-01-18,6581,78001,5633773,72.4,72.6,71.7,72.1,-1.4,62,703
2021-01-19,6581,112100,8144020,73.1,73.1,72.2,72.8,0.7,77,614
2021-01-20,6581,257301,18272852,72.7,72.7,69.9,70.0,-2.8,170,603
2021-01-21,6581,58000,4101100,71.0,71.0,70.1,70.8,0.8,44,728
2021-01-22,6581,47349,3386243,71.8,71.8,71.3,71.4,0.6,42,736
2021-01-25,6581,37265,2642147,71.4,71.4,70.5,70.7,-0.7,29,751
2021-01-26,6581,93001,6509606,70.4,70.4,69.7,69.9,-0.8,69,624
2021-01-27,6581,45100,3155800,70.0,70.0,69.9,70.0,0.1,33,685
2021-01-28,6581,64050,4455090,69.5,70.0,69.0,69.5,-0.5,42,685
2021-01-29,6581,86000,5963400,69.5,69.8,68.5,68.6,-0.9,49,688
2021-02-01,6581,60000,4147200,68.9,71.9,68.4,70.3,1.7,26,685
2021-02-02,6581,33000,2310000,70.3,70.4,69.7,69.8,-0.5,28,762
2021-02-03,6581,19000,1321900,69.6,69.9,69.3,69.5,-0.3,19,791
2021-02-04,6581,31500,2201400,70.0,70.0,69.7,69.7,0.2,25,732
2021-02-05,6581,55032,3831440,69.8,69.8,69.4,69.7,0.0,43,690
2021-02-17,6581,85000,5947700,69.5,70.3,69.5,70.0,0.3,60,707
2021-02-18,6581,119000,8298600,70.0,70.2,69.3,70.1,0.1,80,651
2021-02-19,6581,46068,3219009,70.0,70.0,69.7,69.8,-0.3,43,755
2021-02-22,6581,106110,7550328,69.8,72.0,69.8,72.0,2.2,70,704
2021-02-23,6581,105168,7565851,71.5,72.8,71.1,72.2,0.2,80,716
2021-02-24,6581,161052,11787896,73.5,74.7,72.4,72.7,0.5,105,641
2021-02-25,6581,95067,6870724,73.0,73.0,71.9,72.5,-0.2,79,689
2021-02-26,6581,153000,10879500,72.1,72.1,70.6,71.0,-1.5,98,633
2021-03-02,6581,96051,6820563,72.0,72.0,70.7,70.7,-0.3,66,680
2021-03-03,6581,97140,6918622,71.0,71.6,70.5,71.4,0.7,59,673
2021-03-04,6581,104031,7410719,71.0,71.5,70.8,71.3,-0.1,81,661
2021-03-05,6581,57012,4058669,71.5,71.5,71.0,71.2,-0.1,44,718
2021-03-08,6581,99000,7100100,71.4,71.9,71.4,71.8,0.6,66,679
2021-03-09,6581,147000,10693500,72.0,73.2,72.0,72.8,1.0,91,631
2021-03-10,6581,314010,23310255,73.5,74.8,73.3,74.4,1.6,165,494
2021-03-11,6581,158100,11772300,74.8,74.8,74.3,74.5,0.1,108,625
2021-03-12,6581,337142,25587862,75.2,76.7,74.7,76.4,1.9,251,486
2021-03-15,6581,385139,29685146,77.0,77.5,76.6,77.5,1.1,222,485
2021-03-16,6581,217100,16819108,77.7,78.0,77.1,77.4,-0.1,169,574
2021-03-17,6581,230196,17449012,76.9,77.0,75.1,75.8,-1.6,171,582
2021-03-18,6581,101050,7654440,75.8,76.0,75.3,75.7,-0.1,72,693
2021-03-19,6581,185288,13918055,75.3,75.5,74.9,74.9,-0.8,140,621
2021-03-22,6581,131128,9965112,75.0,76.7,75.0,76.5,1.6,106,695
2021-03-23,6581,276239,21339342,77.0,77.6,76.9,77.3,0.8,176,574
2021-03-24,6581,122055,9414675,77.3,77.3,76.9,77.2,-0.1,92,654
2021-03-25,6581,194230,14560651,75.0,75.3,74.5,75.0,0.0,139,608
2021-03-26,6581,333962,25741729,75.0,78.9,74.8,78.5,3.5,222,521
2021-03-29,6581,1158020,92968991,80.0,83.0,77.0,77.0,-1.5,840,350
2021-03-30,6581,517515,39061919,77.0,77.0,74.8,75.0,-2.0,433,477
2021-03-31,6581,378053,27988152,75.2,75.2,73.6,73.8,-1.2,304,544
2021-04-01,6581,305100,22484280,73.8,74.5,72.9,74.2,0.4,252,568
2021-04-06,6581,267245,19780230,74.2,74.5,73.6,73.9,-0.3,207,625
2021-04-07,6581,152500,11219499,74.4,74.4,73.3,73.9,0.0,130,684
2021-04-08,6581,226065,16919309,75.0,75.4,74.3,75.4,1.5,180,661
2021-04-09,6581,173220,13017097,76.0,76.1,74.6,74.8,-0.6,127,700
2021-04-12,6581,345434,25385619,74.2,74.2,73.0,73.5,-1.3,264,647
2021-04-13,6581,364113,26526427,73.4,73.4,72.5,72.5,-1.0,231,639
2021-04-14,6581,211414,15210757,72.1,72.5,71.1,72.3,-0.2,179,707
2021-04-15,6581,160083,11719355,72.3,73.7,72.2,73.6,1.3,118,655
2021-04-16,6581,224021,16536674,73.9,74.4,73.3,74.4,0.8,149,658
2021-04-19,6581,623603,47496182,74.4,77.9,74.2,77.1,2.7,440,562
2021-04-20,6581,560677,42105742,77.2,77.2,74.5,75.0,-2.1,360,567
2021-04-21,6581,394532,29961535,75.0,77.6,74.3,77.5,2.5,281,600
2021-04-22,6581,830803,64286340,78.0,79.0,75.0,75.7,-1.8,555,559
2021-04-23,6581,235806,17533283,75.7,75.7,73.3,74.5,-1.2,191,674
2021-04-26,6581,245233,18235130,74.5,75.1,73.8,74.5,0.0,159,676
2021-04-27,6581,413012,31633724,75.4,77.7,74.4,77.1,2.6,310,592
2021-04-28,6581,161281,12362361,77.1,77.2,76.1,76.6,-0.5,113,730
2021-04-29,6581,152253,11670479,76.7,77.0,76.2,76.2,-0.4,101,736
2021-05-03,6581,159131,12040984,76.2,77.1,74.2,74.6,-1.6,133,762
2021-05-04,6581,271105,19688970,74.6,74.6,71.4,72.6,-2.0,208,730
2021-05-05,6581,167523,12492869,72.3,75.9,72.3,74.7,2.1,127,678
2021-05-06,6581,66278,4936311,75.0,76.1,72.7,74.3,-0.4,63,784
2021-05-07,6581,102170,7613154,74.6,75.4,73.8,75.4,1.1,91,715
2021-05-10,6581,464397,35210614,75.4,77.0,74.5,76.4,1.0,260,536
2021-05-11,6581,314300,23731014,75.8,77.0,73.8,73.8,-2.6,218,670
2021-05-12,6581,415702,29438943,74.0,74.0,67.0,69.5,-4.3,271,693
2021-05-13,6581,331032,22308064,67.5,69.3,66.0,68.0,-1.5,237,655
2021-05-14,6581,214198,14606466,68.0,69.4,66.6,68.0,0.0,138,675
2021-05-17,6581,271570,17618118,65.1,66.5,63.2,64.0,-4.0,173,694
2021-05-18,6581,126270,8524958,64.3,68.5,64.3,68.0,4.0,85,731
2021-05-19,6581,38359,2584540,66.9,67.9,66.9,67.3,-0.7,39,805
2021-05-20,6581,53100,3629030,67.1,69.1,67.0,68.1,0.8,39,763
2021-05-21,6581,31509,2157709,68.1,68.6,68.1,68.5,0.4,36,816
2021-05-24,6581,48101,3293958,67.8,69.5,66.5,68.3,-0.2,39,761
2021-05-25,6581,30000,2065500,69.0,69.5,68.5,69.2,0.9,28,824
2021-05-26,6581,16012,1105030,69.0,69.2,68.9,68.9,-0.3,12,840
2021-05-27,6581,21000,1436400,68.1,68.7,68.1,68.3,-0.6,17,837
2021-05-28,6581,34000,2363300,68.8,70.0,68.8,70.0,1.7,28,818
2021-05-31,6581,77872,5604483,70.1,72.5,70.1,71.9,1.9,76,719
2021-06-01,6581,30050,2176125,72.5,72.9,72.0,72.5,0.6,29,792
2021-06-02,6581,131028,9657431,72.8,74.8,72.8,73.7,1.2,102,655
2021-06-03,6581,73600,5454900,73.7,74.6,73.7,74.6,0.9,58,714
2021-06-04,6581,26174,1919902,74.6,74.6,73.0,73.6,-1.0,27,823
2021-06-07,6581,46000,3342400,73.6,73.6,72.0,73.4,-0.2,45,776
2021-06-08,6581,66020,4892140,73.4,74.6,72.3,74.6,1.2,57,666
2021-06-09,6581,63160,4651140,73.6,74.0,73.1,73.3,-1.3,44,696
2021-06-10,6581,18153,1330347,73.3,73.5,73.0,73.5,0.2,17,833
2021-06-11,6581,8000,590300,74.4,74.4,73.3,73.8,0.3,8,890
2021-06-15,6581,31009,2269065,73.1,73.3,73.1,73.2,-0.6,31,802
2021-06-16,6581,52000,3790400,73.2,73.2,72.6,72.8,-0.4,35,751
2021-06-17,6581,8002,583445,72.8,73.6,72.8,72.8,0.0,9,882
2021-06-18,6581,97408,7017495,72.8,72.8,71.3,71.3,-1.5,89,681
2021-06-21,6581,94121,6576415,71.1,71.1,68.8,69.9,-1.4,80,718
2021-06-22,6581,54000,3791400,69.9,71.0,69.8,70.5,0.6,41,762
2021-06-23,6581,28000,1968400,70.0,70.7,70.0,70.5,0.0,21,820
2021-06-24,6581,31000,2230500,71.0,72.8,71.0,72.6,2.1,28,802
2021-06-25,6581,33000,2391000,72.6,72.6,71.8,72.0,-0.6,15,821
2021-06-28,6581,46010,3309680,72.0,72.2,71.0,72.0,0.0,30,795
2021-06-29,6581,82015,5946770,72.0,72.9,71.9,72.5,0.5,52,733
2021-06-30,6581,78010,5728628,72.7,73.7,72.7,73.7,1.2,53,739
2021-07-01,6581,44106,3224843,73.7,73.7,72.7,72.7,-1.0,49,809
2021-07-02,6581,45193,3243683,72.0,72.2,71.3,71.3,-1.4,46,798
2021-07-05,6581,61125,4369165,71.6,72.3,71.0,71.5,0.2,51,780
2021-07-06,6581,31164,2269392,74.0,74.0,72.1,72.2,0.7,34,833
2021-07-07,6581,34002,2446444,71.8,72.2,71.8,71.9,-0.3,21,835
2021-07-08,6581,21021,1499396,71.9,71.9,71.0,71.5,-0.4,20,863
2021-07-09,6581,116171,8153973,70.1,70.6,70.0,70.5,-1.0,96,683
2021-07-12,6581,76005,5333650,70.5,70.6,69.8,70.6,0.1,51,773
2021-07-13,6581,121276,8445673,70.4,70.4,69.0,69.1,-1.5,96,733
2021-07-14,6581,93200,6442700,69.3,70.0,69.0,70.0,0.9,37,723
2021-07-15,6581,14100,989700,70.2,70.7,70.0,70.7,0.7,12,863
2021-07-16,6581,23063,1632119,70.7,71.0,70.5,70.5,-0.2,21,843
2021-07-19,6581,79160,5595658,71.0,71.1,70.5,70.5,0.0,62,722
2021-07-20,6581,50012,3510350,70.1,70.5,69.9,70.5,0.0,35,775
2021-07-21,6581,21102,1482390,70.5,70.5,70.0,70.5,0.0,23,862
2021-07-22,6581,31576,2222825,70.7,70.7,69.9,70.7,0.2,33,826
2021-07-23,6581,15000,1056300,70.6,70.7,70.3,70.3,-0.4,11,871
2021-07-26,6581,21071,1483691,70.3,70.8,70.2,70.8,0.5,19,846
2021-07-27,6581,57530,4099907,71.0,71.9,71.0,71.9,1.1,44,750
2021-07-28,6581,83000,5999200,71.6,73.0,71.4,72.4,0.5,60,740
2021-07-29,6581,43730,3186942,72.4,73.3,72.4,72.6,0.2,35,747
2021-07-30,6581,49010,3595126,72.5,74.0,72.5,73.1,0.5,43,743
2021-08-02,6581,85760,6341369,74.1,74.4,73.2,74.2,1.1,73,668
2021-08-03,6581,29121,2147513,73.7,73.9,73.5,73.6,-0.6,27,775
2021-08-04,6581,39001,2880573,74.0,74.2,73.6,73.6,0.0,34,754
2021-08-05,6581,103001,7583573,73.6,73.9,73.3,73.8,0.2,63,636
2021-08-06,6581,85224,6283377,73.5,74.3,73.3,73.7,-0.1,64,665
2021-08-09,6581,56037,4101496,73.2,73.5,72.9,72.9,-0.8,46,732
2021-08-10,6581,134000,9777700,72.9,73.0,72.6,72.7,-0.2,25,626
2021-08-11,6581,34001,2466372,72.9,72.9,72.1,72.5,-0.2,29,826
2021-08-12,6581,68510,4948467,72.5,72.5,72.0,72.0,-0.5,49,672
2021-08-13,6581,70069,5050740,72.2,72.2,71.9,72.1,0.1,44,716
2021-08-16,6581,56120,4053494,72.1,72.6,72.1,72.5,0.4,35,765
2021-08-17,6581,56000,4071100,72.2,72.8,72.2,72.8,0.3,36,736
2021-08-18,6581,64393,4683268,72.5,72.8,72.5,72.8,0.0,48,719
2021-08-19,6581,69515,5073348,72.8,73.3,72.8,72.8,0.0,47,704
2021-08-20,6581,78247,5755925,73.0,73.8,73.0,73.7,0.9,71,650
2021-08-23,6581,66356,4890041,73.7,74.1,73.0,73.7,0.0,76,664
2021-08-24,6581,77066,5694557,73.7,74.0,73.7,74.0,0.3,62,629
2021-08-25,6581,60098,4446089,73.7,74.2,73.7,74.1,0.1,57,671
2021-08-26,6581,106014,7843637,73.6,74.3,73.6,73.9,-0.2,72,588
2021-08-27,6581,46020,3403020,73.7,74.1,73.7,74.1,0.2,36,698
2021-08-30,6581,47027,3478507,74.1,74.1,73.8,73.9,-0.2,47,683
2021-08-31,6581,66000,4883700,73.9,74.2,73.8,74.1,0.2,53,648
2021-09-01,6581,99123,7334693,73.9,74.2,73.9,74.0,-0.1,58,626
2021-09-02,6581,108444,8027366,73.9,74.2,73.9,73.9,-0.1,76,605
2021-09-03,6581,88130,6537523,73.9,74.5,73.9,74.5,0.6,78,626
2021-09-06,6581,95065,7078611,74.6,74.9,74.3,74.3,-0.2,80,621
2021-09-07,6581,47120,3496422,74.2,74.3,74.1,74.3,0.0,45,696
2021-09-08,6581,25032,1861883,74.3,74.4,74.3,74.3,0.0,23,798
2021-09-09,6581,58060,4321763,74.4,74.6,74.3,74.4,0.1,44,638
2021-09-10,6581,150751,11328509,74.4,75.9,74.4,75.5,1.1,94,500
2021-09-13,6581,107076,8163713,76.5,76.5,75.8,75.8,0.3,81,578
2021-09-14,6581,38022,2880591,75.6,76.5,75.3,75.5,-0.3,42,710
2021-09-15,6581,36102,2706851,75.5,75.5,74.5,74.5,-1.0,39,710
2021-09-16,6581,46035,3435408,74.6,75.0,74.5,74.5,0.0,32,683
2021-09-17,6581,78085,5875071,75.4,75.4,75.1,75.2,0.7,67,621
2021-09-22,6581,91409,6785622,75.0,75.0,74.0,74.3,-0.9,98,646
2021-09-23,6581,27178,2019349,74.3,74.4,74.2,74.3,0.0,21,752
2021-09-24,6581,69154,5155950,74.3,74.9,74.3,74.7,0.4,37,627
2021-09-27,6581,66000,4967600,75.0,75.5,75.0,75.2,0.5,39,675
2021-09-28,6581,57011,4294726,75.5,75.5,75.2,75.2,0.0,49,664
2021-09-29,6581,81000,6073200,74.9,75.3,74.8,75.0,-0.2,57,667
2021-09-30,6581,22167,1663541,75.0,75.3,75.0,75.3,0.3,20,799
2021-10-01,6581,99365,7436518,75.4,75.4,74.4,74.4,-0.9,148,679
2021-10-04,6581,74043,5490888,74.4,74.4,74.0,74.0,-0.4,59,702
2021-10-05,6581,34000,2518500,73.8,75.5,73.8,74.0,0.0,26,768
2021-10-06,6581,22015,1632007,74.0,74.5,74.0,74.2,0.2,18,786
2021-10-07,6581,50030,3756450,74.4,75.3,74.2,75.3,1.1,37,710
2021-10-08,6581,28000,2107400,75.3,75.4,75.0,75.2,-0.1,19,743
2021-10-12,6581,183200,13840979,75.2,76.0,75.0,75.6,0.4,79,515
2021-10-13,6581,76100,5754180,75.1,75.9,75.1,75.7,0.1,43,627
2021-10-14,6581,666490,51800509,76.7,79.3,76.4,78.2,2.5,406,305
2021-10-15,6581,1730931,143810060,80.4,86.0,79.9,81.3,3.1,1269,206
2021-10-18,6581,968824,79772637,84.7,85.4,78.8,79.7,-1.6,753,267
2021-10-19,6581,313747,24866622,80.2,80.6,78.8,79.0,-0.7,277,420
2021-10-20,6581,169547,13513446,79.0,80.1,79.0,80.0,1.0,144,479
2021-10-21,6581,159021,12661778,80.4,80.4,78.5,79.1,-0.9,121,575
2021-10-22,6581,244164,18925993,78.8,79.3,76.5,77.6,-1.5,194,464
2021-10-25,6581,35079,2717917,77.0,77.7,77.0,77.5,-0.1,36,696
2021-10-26,6581,57082,4463016,77.5,79.0,77.5,79.0,1.5,54,694
2021-10-27,6581,65397,5175202,78.8,79.4,78.8,79.3,0.3,53,642
2021-10-28,6581,69391,5479125,78.9,79.4,78.7,78.7,-0.6,60,655
2021-10-29,6581,68223,5369480,78.7,79.1,78.5,79.0,0.3,41,662
2021-11-01,6581,94103,7360424,79.1,79.1,77.7,78.0,-1.0,76,644
2021-11-02,6581,63116,4900488,78.0,78.0,77.4,77.5,-0.5,50,694
2021-11-03,6581,95120,7438454,77.6,80.3,77.3,78.0,0.5,86,601
2021-11-04,6581,69051,5420086,78.0,79.7,78.0,78.6,0.6,53,672
2021-11-05,6581,52071,4109079,78.6,79.6,78.6,78.8,0.2,41,709
2021-11-08,6581,207563,16662987,80.5,82.0,79.3,80.0,1.2,157,520
2021-11-09,6581,61127,4886564,80.2,80.2,79.7,79.8,-0.2,48,691
2021-11-10,6581,53033,4230736,79.8,80.0,79.7,79.7,-0.1,41,730
2021-11-11,6581,360777,29248484,80.3,82.2,80.0,80.6,0.9,178,461
2021-11-12,6581,276057,21983236,81.0,81.0,79.2,79.5,-1.1,114,486
2021-11-15,6581,99051,7791423,79.4,79.4,78.5,78.7,-0.8,85,668
2021-11-16,6581,87201,6823121,78.6,78.7,77.9,78.7,0.0,51,680
2021-11-17,6581,64151,5014784,78.7,78.7,77.9,77.9,-0.8,49,724
2021-11-18,6581,128059,9942902,78.2,78.2,77.1,77.9,0.0,77,625
2021-11-19,6581,34134,2679461,78.1,78.9,78.1,78.8,0.9,29,790
2021-11-22,6581,116027,9274548,78.9,80.2,78.9,79.9,1.1,85,610
2021-11-23,6581,237020,19137226,80.5,81.3,79.9,80.4,0.5,147,512
2021-11-24,6581,45065,3633713,80.9,81.3,80.0,80.4,0.0,38,715
2021-11-25,6581,24226,1943080,80.8,80.8,80.0,80.0,-0.4,26,793
2021-11-26,6581,61000,4851400,79.9,79.9,79.2,79.5,-0.5,50,749
2021-11-29,6581,97000,7589400,78.0,78.8,77.9,78.5,-1.0,79,665
2021-11-30,6581,50005,3989995,79.8,81.0,79.0,79.8,1.3,44,712
2021-12-01,6581,43005,3455200,79.8,80.6,79.8,80.5,0.7,33,718
2021-12-02,6581,64001,5100879,80.1,80.1,79.2,79.6,-0.9,48,664
2021-12-03,6581,20072,1609181,80.3,80.3,80.1,80.3,0.7,22,801
2021-12-06,6581,37057,2970159,80.3,80.7,80.0,80.1,-0.2,31,727
2021-12-07,6581,82104,6572512,80.5,80.6,79.9,80.1,0.0,70,635
2021-12-08,6581,74087,5927580,80.1,80.1,79.9,80.1,0.0,46,684
2021-12-09,6581,142042,11368793,80.1,80.3,79.9,80.0,-0.1,74,574
2021-12-10,6581,137000,10975500,80.2,80.3,80.0,80.2,0.2,54,563
2021-12-13,6581,115000,9213700,79.9,80.3,79.9,80.1,-0.1,45,628
2021-12-14,6581,150003,12018940,80.1,80.3,79.9,80.1,0.0,59,592
2021-12-15,6581,118024,9481120,80.1,80.7,80.0,80.6,0.5,68,563
2021-12-16,6581,99093,7993705,80.7,80.9,80.5,80.6,0.0,72,607
2021-12-17,6581,115001,9333880,80.8,81.8,80.8,81.2,0.6,83,599
2021-12-20,6581,96067,7742760,81.1,81.1,80.2,80.5,-0.7,63,591
2021-12-21,6581,113002,9083060,80.5,80.5,80.3,80.3,-0.2,58,554
2021-12-22,6581,88270,7098673,80.5,80.6,80.3,80.3,0.0,57,601
2021-12-23,6581,84000,6753000,80.5,80.5,80.3,80.5,0.2,43,624
2021-12-24,6581,49000,3953100,80.6,80.9,80.5,80.8,0.3,33,710
2021-12-27,6581,39454,3194374,80.8,81.3,80.7,80.8,0.0,75,772
2021-12-28,6581,67120,5438720,80.8,81.3,80.8,81.0,0.2,74,688
2021-12-29,6581,42025,3407225,81.0,81.2,81.0,81.0,0.0,37,760
2021-12-30,6581,32000,2595800,81.0,81.2,81.0,81.0,0.0,31,793
2022-01-03,6581,49018,3990768,81.3,81.6,81.0,81.6,0.6,48,755
2022-01-04,6581,84244,6887731,82.0,82.3,81.3,81.3,-0.3,68,653
2022-01-05,6581,159485,13276771,81.3,85.0,81.3,84.2,2.9,132,562
2022-01-06,6581,47286,3947958,83.5,83.8,83.3,83.8,-0.4,53,721
2022-01-07,6581,194375,15649685,81.1,81.8,79.9,80.8,-3.0,177,568
2022-01-10,6581,54219,4337208,80.6,80.6,79.1,80.6,-0.2,44,696
2022-01-11,6581,71463,5741877,80.5,80.6,80.2,80.3,-0.3,59,702
2022-01-12,6581,70248,5673079,81.2,81.2,80.5,81.0,0.7,47,676
2022-01-13,6581,35013,2827053,81.1,81.2,80.3,81.1,0.1,26,743
2022-01-14,6581,56228,4544533,80.7,81.0,80.7,80.8,-0.3,40,724
2022-01-17,6581,25130,2040430,80.8,81.5,80.8,81.4,0.6,24,781
2022-01-18,6581,31849,2581307,81.4,81.4,80.9,80.9,-0.5,55,732
2022-01-19,6581,76042,6211728,80.8,82.1,80.8,82.1,1.2,60,612
2022-01-20,6581,25278,2078285,82.1,82.5,82.0,82.4,0.3,27,752
2022-01-21,6581,59065,4891988,82.1,83.3,82.1,82.5,0.1,49,706
2022-01-24,6581,38750,3181981,82.1,82.8,81.6,82.7,0.2,52,758
2022-01-25,6581,64346,5310088,82.7,82.7,82.4,82.5,-0.2,61,690
2022-01-26,6581,31178,2572603,82.5,82.6,82.5,82.6,0.1,30,754
2022-02-07,6581,64881,5427996,82.8,84.1,82.8,84.0,1.4,47,647
2022-02-08,6581,92351,7845998,84.6,85.4,84.4,85.4,1.4,81,598
2022-02-09,6581,56161,4783116,85.8,85.9,84.5,85.6,0.2,83,694
2022-02-10,6581,61273,5230906,85.5,85.9,85.0,85.9,0.3,95,656
2022-02-11,6581,182318,15856561,85.5,88.5,85.5,87.1,1.2,140,495
2022-02-14,6581,75812,6453495,86.7,86.7,84.3,84.8,-2.3,82,649
2022-02-15,6581,45321,3852436,84.7,85.3,84.6,85.1,0.3,48,696
2022-02-16,6581,46731,4019067,85.6,86.4,85.5,86.4,1.3,59,694
2022-02-17,6581,28083,2412138,86.4,86.4,85.5,85.8,-0.6,32,768
2022-02-18,6581,23263,1986887,85.6,85.7,85.2,85.7,-0.1,87,777
2022-02-21,6581,45120,3875114,86.1,86.1,85.7,85.7,0.0,40,696
2022-02-22,6581,32200,2746816,85.7,85.7,85.1,85.1,-0.6,40,787
2022-02-23,6581,25125,2154139,85.2,86.0,85.2,85.8,0.7,22,747
2022-02-24,6581,51000,4340900,85.8,85.8,84.7,84.8,-1.0,43,759
2022-02-25,6581,30512,2605822,84.8,86.0,84.8,85.9,1.1,26,767
2022-03-01,6581,54730,4738158,86.0,87.0,85.9,86.0,0.1,126,685
2022-03-02,6581,45560,3926365,86.4,86.6,85.8,86.2,0.2,51,669
2022-03-03,6581,46803,4069815,87.0,87.1,86.8,86.8,0.6,106,679
2022-03-04,6581,58023,5016092,87.0,87.0,86.1,86.5,-0.3,59,668
2022-03-07,6581,109009,9458977,86.5,87.9,86.0,86.6,0.1,89,666
2022-03-08,6581,126098,10977867,90.8,90.8,85.0,87.0,0.4,119,624
2022-03-09,6581,63606,5546720,87.5,87.5,86.6,86.7,-0.3,103,646
2022-03-10,6581,25148,2193841,87.0,87.5,87.0,87.3,0.6,30,771
2022-03-11,6581,50000,4356100,87.4,87.5,86.5,87.4,0.1,32,644
2022-03-14,6581,71284,6260288,88.6,88.6,87.4,88.5,1.1,55,599
2022-03-15,6581,72779,6438468,88.6,89.1,87.8,89.1,0.6,68,630
2022-03-16,6581,181280,16203147,90.0,90.0,88.0,89.6,0.5,138,499
2022-03-17,6581,134497,12016349,90.5,90.5,88.1,89.5,-0.1,103,554
2022-03-18,6581,102707,9094953,89.6,89.6,88.1,88.3,-1.2,71,567
2022-03-21,6581,201295,17586125,88.3,88.6,86.8,87.3,-1.0,120,489
2022-03-22,6581,69004,6029549,87.3,88.8,87.0,88.5,1.2,60,615
2022-03-23,6581,131522,11657201,88.5,89.0,88.5,89.0,0.5,105,559
2022-03-24,6581,334199,28594453,84.8,87.0,84.7,86.8,0.0,182,418
2022-03-25,6581,67063,5776867,86.5,86.5,85.8,86.0,-0.8,59,653
2022-03-28,6581,103261,8718035,85.8,85.8,82.9,84.4,-1.6,93,589
2022-03-29,6581,32200,2726180,84.4,84.9,84.4,84.7,0.3,32,731
2022-03-30,6581,67038,5667917,85.1,85.2,84.2,84.4,-0.3,61,669
2022-03-31,6581,68123,5769649,84.4,84.9,84.4,84.4,0.0,66,640
2022-04-01,6581,90199,7642771,85.5,85.5,84.4,84.5,0.1,95,586
2022-04-06,6581,110721,9597476,85.1,87.8,85.1,86.8,2.3,108,565
2022-04-07,6581,149828,12947447,88.0,88.1,84.3,85.3,-1.5,133,592
2022-04-08,6581,111200,9679620,85.0,88.3,85.0,87.3,2.0,78,569
2022-04-11,6581,131050,11359224,87.3,88.0,85.8,86.8,-0.5,122,599
2022-04-12,6581,322222,28735054,85.6,90.6,85.6,88.9,2.1,280,438
2022-04-13,6581,840552,79336519,90.0,97.7,90.0,97.7,8.8,652,278
2022-04-14,6581,2550584,265551176,102.0,107.0,99.8,101.0,3.3,1852,153
2022-04-15,6581,2099552,228712709,103.0,111.0,103.0,111.0,10.0,1341,160
2022-04-18,6581,3961316,452317470,116.0,119.5,108.0,110.0,-1.0,2958,109
2022-04-19,6581,3486354,400799981,111.0,119.5,107.5,115.0,5.0,2623,101
2022-04-20,6581,1418193,163575073,117.5,117.5,112.5,116.5,1.5,1172,220
2022-04-21,6581,1681144,191391051,116.0,116.5,111.0,112.5,-4.0,1430,195
2022-04-22,6581,1854129,206786297,110.0,115.0,108.0,109.0,-3.5,1455,192
2022-04-25,6581,1151679,125118244,106.5,111.0,106.0,108.0,-1.0,927,262
2022-04-26,6581,1255032,134729873,106.5,110.5,104.0,106.5,-1.5,978,225
2022-04-27,6581,1186254,120234697,102.0,104.0,98.9,102.0,-4.5,897,265
2022-04-28,6581,621044,63420037,104.5,104.5,100.0,102.5,0.5,513,286
2022-04-29,6581,262175,26994132,102.5,104.0,101.5,103.0,0.5,259,398
2022-05-03,6581,1063290,105220533,100.5,101.5,96.6,96.6,-6.4,814,190
2022-05-04,6581,694728,66923607,98.2,98.5,94.1,97.2,0.6,534,247
2022-05-05,6581,316554,30624240,98.6,99.9,95.9,96.3,-0.9,323,368
2022-05-06,6581,316250,29493010,94.2,94.3,92.0,93.6,-2.7,286,385
2022-05-09,6581,593732,56243722,98.0,99.4,92.4,92.7,-0.9,491,333
2022-05-10,6581,1077570,93759190,87.0,88.9,84.0,87.9,-4.8,760,248
2022-05-11,6581,608279,51837198,87.3,87.9,84.3,84.7,-3.2,542,319
2022-05-12,6581,578443,48376478,84.7,86.4,82.4,82.4,-2.3,469,370
2022-05-13,6581,494669,40544029,82.8,83.5,81.1,82.1,-0.3,412,343
2022-05-16,6581,194353,16101508,83.5,83.8,81.9,83.3,1.2,172,486
2022-05-17,6581,201577,17068069,83.3,85.4,83.3,84.6,1.3,184,462
2022-05-18,6581,321726,27787794,85.3,87.5,85.0,86.5,1.9,322,392
2022-05-19,6581,273434,22897280,85.0,85.2,82.8,85.2,-1.3,282,388
2022-05-20,6581,139497,12069147,86.0,87.3,85.6,86.2,1.0,127,473
2022-05-23,6581,104248,9011410,86.0,87.9,85.6,86.4,0.2,82,522
2022-05-24,6581,146244,12469194,86.3,87.2,84.0,84.1,-2.3,143,493
2022-05-25,6581,102151,8634040,84.1,85.4,83.7,84.8,0.7,81,535
2022-05-26,6581,118105,9933543,84.9,85.1,83.6,84.0,-0.8,104,511
2022-05-27,6581,138589,11876964,85.0,86.4,85.0,85.7,1.7,126,463
2022-05-30,6581,1036896,95400911,88.9,94.0,88.9,93.3,7.6,902,243
2022-05-31,6581,431178,39641198,93.0,93.0,91.0,92.2,-1.1,428,333
2022-06-01,6581,201310,18487251,92.2,92.9,91.3,92.0,-0.2,189,458
2022-06-02,6581,221142,20117421,91.7,91.7,90.5,90.7,-1.3,225,410
2022-06-06,6581,109214,9950261,89.9,91.9,89.9,91.1,0.4,99,524
2022-06-07,6581,42001,3804191,91.0,91.1,90.1,90.7,-0.4,40,665
2022-06-08,6581,85020,7710740,91.0,91.1,90.2,91.0,0.3,74,576
2022-06-09,6581,519327,49560279,98.3,98.3,92.9,93.8,2.8,439,293
2022-06-10,6581,200225,18616309,93.4,93.8,92.2,92.8,-1.0,163,438
2022-06-13,6581,159752,14547335,91.1,91.8,90.5,91.2,-1.6,140,542
2022-06-14,6581,195287,17480304,90.3,91.1,88.5,90.2,-1.0,185,474
2022-06-15,6581,85879,7784041,90.4,91.6,90.0,91.2,1.0,91,587
2022-06-16,6581,135253,12324607,91.3,92.7,90.0,90.4,-0.8,144,549
2022-06-17,6581,268967,23763458,89.0,89.2,87.0,87.8,-2.6,237,440
2022-06-20,6581,237794,20430789,88.2,88.2,84.0,85.1,-2.7,213,495
2022-06-21,6581,142968,12365449,85.1,87.2,85.1,87.2,2.1,127,534
2022-06-22,6581,167260,14334580,87.3,87.3,85.0,85.4,-1.8,122,501
2022-06-23,6581,77180,6576100,85.6,86.5,84.3,86.2,0.8,73,649
2022-06-24,6581,83263,7151941,86.5,87.6,85.0,85.1,-1.1,86,619
2022-06-27,6581,133041,11479826,85.4,86.7,85.4,86.3,1.2,104,529
2022-06-28,6581,54383,4639761,86.0,86.0,84.8,85.5,-0.8,81,598
2022-06-29,6581,51000,4339500,84.9,85.6,84.6,85.5,0.0,43,614
2022-06-30,6581,187255,15695371,85.0,85.0,83.1,83.2,-2.3,142,529
2022-07-01,6581,373853,30258992,82.9,83.0,79.0,79.0,-4.2,363,442
2022-07-04,6581,304440,23297309,75.0,79.0,75.0,77.8,-1.2,217,412
2022-07-05,6581,57008,4505332,79.6,80.0,77.8,79.2,1.4,52,672
2022-07-06,6581,91369,7074067,78.5,78.7,76.6,76.6,-2.6,117,600
2022-07-07,6581,165771,13013819,79.3,79.3,77.5,78.8,2.2,161,494
2022-07-08,6581,81166,6457644,78.8,80.3,78.8,79.6,0.8,79,611
2022-07-11,6581,67471,5364779,79.9,80.0,79.1,79.4,-0.2,68,594
2022-07-12,6581,253943,19340339,79.0,79.0,75.3,75.4,-4.0,350,462
2022-07-13,6581,56408,4351957,76.5,78.0,76.5,77.2,1.8,64,648
2022-07-14,6581,43136,3335799,76.3,78.3,76.0,77.5,0.3,38,649
2022-07-15,6581,81195,6218730,76.8,77.2,76.1,76.8,-0.7,95,581
2022-07-18,6581,53044,4122188,76.3,79.0,76.3,78.0,1.2,60,654
2022-07-19,6581,142290,11238080,77.6,79.7,77.6,79.6,1.6,104,476
2022-07-20,6581,137409,10880095,79.7,80.0,78.1,78.6,-1.0,114,540
2022-07-21,6581,26313,2051888,78.4,78.6,77.6,78.6,0.0,40,726
2022-07-22,6581,37128,2921679,78.5,79.2,78.3,79.0,0.4,65,685
2022-07-25,6581,52128,4167448,79.4,80.3,79.3,80.1,1.1,49,613
2022-07-26,6581,462214,38751272,82.6,86.7,82.1,82.1,2.0,402,321
2022-07-27,6581,104380,8587932,82.1,82.8,81.5,82.6,0.5,95,505
2022-07-28,6581,155486,12925603,83.0,84.0,82.4,83.6,1.0,146,447
2022-07-29,6581,217359,18492340,83.8,85.9,83.7,85.8,2.2,167,413
2022-08-01,6581,370296,32752302,87.5,89.8,86.9,88.9,3.1,302,342
2022-08-02,6581,337113,30262970,89.4,91.0,87.8,90.4,1.5,284,387
2022-08-03,6581,348133,31209640,89.5,91.0,88.3,89.2,-1.2,275,364
2022-08-04,6581,240766,21409267,88.2,90.4,87.4,89.0,-0.2,222,433
2022-08-05,6581,316052,27625733,86.2,88.5,86.2,87.2,-1.8,281,367
2022-08-08,6581,92122,7935303,85.9,87.2,85.2,86.9,-0.3,90,556
2022-08-09,6581,90190,7903547,87.2,88.3,87.0,87.4,0.5,88,560
2022-08-10,6581,191609,17049958,87.4,89.5,87.4,89.2,1.8,171,448
2022-08-11,6581,118327,10668270,90.0,91.5,89.5,89.5,0.3,94,571
2022-08-12,6581,106250,9571749,89.9,90.4,89.9,89.9,0.4,86,601
2022-08-15,6581,94136,8461533,90.0,90.0,89.7,90.0,0.1,79,634
2022-08-16,6581,60400,5412717,89.5,90.0,89.5,89.9,-0.1,53,660
2022-08-17,6581,224088,20650326,91.0,93.2,91.0,92.4,2.5,204,471
2022-08-18,6581,274604,25796836,92.4,95.0,92.1,94.7,2.3,241,411
2022-08-19,6581,411752,38801257,95.5,96.9,91.9,91.9,-2.8,410,372
2022-08-22,6581,216028,19411193,91.2,91.2,89.2,89.3,-2.6,268,456
2022-08-23,6581,122752,11100013,89.0,91.6,88.9,90.8,1.5,293,531
2022-08-24,6581,79342,7281202,91.0,92.5,91.0,91.7,0.9,71,621
2022-08-25,6581,123842,11501133,91.6,93.3,91.6,93.1,1.4,127,549
2022-08-26,6581,225829,21445015,93.9,95.8,93.9,94.7,1.6,210,466
2022-08-29,6581,216483,19758539,92.2,92.2,90.5,92.0,-2.7,181,489
2022-08-30,6581,97836,8976132,92.0,92.2,91.4,91.5,-0.5,95,558
2022-08-31,6581,82210,7559521,92.0,92.5,91.6,91.8,0.3,125,600
2022-09-01,6581,187227,16825693,91.6,91.6,89.4,89.7,-2.1,336,502
2022-09-02,6581,151613,13642349,89.5,90.3,89.3,89.9,0.2,141,500
2022-09-05,6581,65000,5850900,89.9,90.4,89.2,90.0,0.1,50,657
2022-09-06,6581,85387,7671559,90.1,90.1,89.6,89.9,-0.1,64,615
2022-09-07,6581,199581,18096526,90.0,92.5,89.4,91.0,1.1,172,431
2022-09-08,6581,332228,31417211,91.8,96.0,91.5,94.8,3.8,375,360
2022-09-12,6581,906127,88943659,96.1,102.5,95.0,96.5,1.7,741,252
2022-09-13,6581,1482282,153888892,97.6,106.0,97.3,106.0,9.5,1004,187
2022-09-14,6581,1520024,160723920,106.0,108.0,103.0,104.5,-1.5,1154,179
2022-09-15,6581,722437,73259034,104.5,105.0,99.1,99.2,-5.3,801,271
2022-09-16,6581,492053,48294847,99.2,101.5,95.6,95.6,-3.6,437,331
2022-09-19,6581,256420,24211495,95.3,96.6,93.6,93.6,-2.0,242,395
2022-09-20,6581,183617,17122546,94.0,94.7,92.1,93.3,-0.3,197,411
2022-09-21,6581,179321,16798501,93.0,94.4,92.9,93.3,0.0,119,439
2022-09-22,6581,108468,10126478,93.3,94.7,92.0,93.9,0.6,96,534
2022-09-23,6581,426110,39275085,93.5,95.2,91.0,91.1,-2.8,232,331
2022-09-26,6581,299800,26872011,91.0,91.0,89.0,89.2,-1.9,180,458
2022-09-27,6581,130490,11636590,90.3,90.3,88.6,89.1,-0.1,105,498
2022-09-28,6581,434282,37609692,89.1,89.1,85.2,85.2,-3.9,364,381
2022-09-29,6581,155564,13729266,86.0,89.9,86.0,88.5,3.3,127,492
2022-09-30,6581,87299,7783587,88.5,90.6,87.8,89.6,1.1,79,565
2022-10-03,6581,88338,7916884,89.9,91.2,88.3,89.7,0.1,83,508
2022-10-04,6581,109791,9970262,91.1,91.5,89.8,91.3,1.6,108,496
2022-10-05,6581,120530,10944123,91.4,91.8,89.5,89.8,-1.5,205,516
2022-10-06,6581,271075,25396929,93.4,94.8,92.2,94.2,4.4,289,332
2022-10-07,6581,200775,18937945,94.2,96.8,93.0,93.0,-1.2,229,381
2022-10-11,6581,149534,13485223,90.4,91.0,89.6,89.8,-3.2,126,520
2022-10-12,6581,158887,14357976,89.3,91.6,89.1,91.3,1.5,86,451
2022-10-13,6581,203696,18070774,92.9,92.9,87.7,88.0,-3.3,157,501
2022-10-14,6581,82272,7398668,91.0,91.0,88.2,89.6,1.6,73,578
2022-10-17,6581,72157,6356881,89.5,90.0,87.0,89.4,-0.2,273,570
2022-10-18,6581,36004,3231959,89.7,90.1,89.3,89.7,0.3,36,656
2022-10-19,6581,117555,10616251,89.2,91.0,89.2,89.7,0.0,59,460
2022-10-20,6581,103780,9116031,88.2,88.5,87.4,87.9,-1.8,128,555
2022-10-21,6581,53930,4737060,87.8,88.1,87.6,87.8,-0.1,318,591
2022-10-24,6581,48369,4261448,87.8,89.0,87.8,87.9,0.1,68,614
2022-10-25,6581,64502,5628334,88.2,88.2,86.4,87.0,-0.9,73,574
2022-10-26,6581,126203,10946089,86.5,88.5,85.4,86.8,-0.2,99,444
2022-10-27,6581,67235,5888730,87.1,88.4,87.0,88.4,1.6,54,558
2022-10-28,6581,52495,4623779,88.2,88.6,87.8,87.9,-0.5,57,569
2022-10-31,6581,36000,3167600,87.4,88.6,87.4,88.3,0.4,33,613
2022-11-01,6581,60101,5338589,87.6,89.5,87.5,88.9,0.6,50,562
2022-11-02,6581,45123,4031523,88.4,90.0,88.4,89.4,0.5,53,607
2022-11-03,6581,82129,7346760,89.4,90.0,89.0,89.7,0.3,98,489
2022-11-04,6581,22000,1971400,89.6,89.8,89.3,89.8,0.1,20,719
2022-11-07,6581,81024,7220354,89.1,89.7,88.4,89.1,-0.7,70,585
2022-11-08,6581,86839,7812591,89.3,90.8,89.3,89.8,0.7,73,559
2022-11-09,6581,103100,9298000,89.2,91.0,89.2,89.8,0.0,92,541
2022-11-10,6581,97651,8750639,88.7,90.0,88.7,89.0,-0.8,219,519
2022-11-11,6581,103488,9216334,89.6,90.0,88.4,88.9,-0.1,232,591
2022-11-14,6581,92058,8214378,89.5,90.0,88.8,89.5,0.6,76,610
2022-11-15,6581,37077,3307745,88.9,89.9,88.9,89.5,0.0,35,732
2022-11-16,6581,117351,10485946,89.5,90.3,88.9,88.9,-0.6,99,559
2022-11-17,6581,51004,4541558,89.7,89.7,88.8,88.8,-0.1,45,635
2022-11-18,6581,108230,9598358,88.9,89.2,88.3,88.8,0.0,67,526
2022-11-21,6581,19020,1696566,89.2,89.5,89.0,89.3,0.5,19,757
2022-11-22,6581,64704,5809456,89.3,90.2,89.0,90.0,0.7,70,557
2022-11-23,6581,157282,14478786,90.2,93.3,90.2,91.6,1.6,170,437
2022-11-24,6581,145701,13493622,92.8,93.2,91.8,93.0,1.4,242,473
2022-11-25,6581,247968,23492352,95.0,95.9,94.0,94.1,1.1,287,397
2022-11-28,6581,85653,8017164,93.8,94.6,93.0,93.7,-0.4,149,542
2022-11-29,6581,155128,14350138,93.4,93.5,91.3,91.3,-2.4,218,463
2022-11-30,6581,69138,6410015,91.5,93.4,91.5,92.8,1.5,63,643
2022-12-01,6581,113101,10528423,93.2,93.8,92.6,93.6,0.8,131,602
2022-12-02,6581,70091,6535955,92.6,94.1,92.6,93.1,-0.5,129,624
2022-12-05,6581,109189,10330648,93.5,95.5,93.5,94.5,1.4,106,573
2022-12-06,6581,263492,25180395,95.0,96.8,95.0,95.2,0.7,254,435
2022-12-07,6581,167356,16044389,95.3,97.2,94.8,95.6,0.4,192,496
2022-12-08,6581,151985,14521490,95.8,97.3,94.2,95.2,-0.4,257,459
2022-12-09,6581,36055,3430437,95.2,95.6,94.9,95.3,0.1,38,678
2022-12-12,6581,40339,3869807,95.1,96.4,95.1,96.0,0.7,52,653
2022-12-13,6581,50637,4866108,96.0,96.8,95.6,96.0,0.0,73,658
2022-12-14,6581,123962,11852437,96.0,97.4,95.0,95.1,-0.9,152,519
2022-12-15,6581,67257,6414269,95.1,96.5,94.4,96.0,0.9,128,600
2022-12-16,6581,61017,5800823,93.6,96.0,93.6,94.6,-1.4,57,653
2022-12-19,6581,44343,4194716,94.5,95.0,94.4,94.5,-0.1,47,638
2022-12-20,6581,164618,15211373,94.0,95.3,90.7,90.7,-3.8,188,516
2022-12-21,6581,34101,3129890,92.5,92.6,91.0,91.5,0.8,33,666
2022-12-22,6581,33022,3037703,92.6,92.6,91.3,91.9,0.4,29,651
2022-12-23,6581,46612,4253094,91.2,91.9,91.0,91.2,-0.7,84,593
2022-12-26,6581,57095,5224307,91.2,92.4,91.0,91.5,0.3,56,549
2022-12-27,6581,52000,4785100,91.6,92.4,91.6,92.3,0.8,45,580
2022-12-28,6581,56011,5155012,92.1,92.5,91.5,91.5,-0.8,41,608
2022-12-29,6581,98190,8921865,91.5,91.5,90.4,90.8,-0.7,88,503
2022-12-30,6581,34000,3101900,91.8,92.0,90.7,92.0,1.2,31,632
2023-01-03,6581,61101,5625382,92.5,93.1,91.2,92.9,0.9,57,540
2023-01-04,6581,75499,7126189,94.2,94.9,93.4,94.8,1.9,82,510
2023-01-05,6581,117190,11231662,94.8,96.8,94.8,95.2,0.4,116,471
2023-01-06,6581,67556,6495109,96.6,96.6,95.0,96.3,1.1,63,518
2023-01-09,6581,43227,4161507,96.9,96.9,95.7,96.2,-0.1,83,672
2023-01-10,6581,127987,12433710,96.5,98.0,96.5,97.4,1.2,129,486
2023-01-11,6581,51271,4960199,97.6,97.6,96.2,96.7,-0.7,86,620
2023-01-12,6581,26419,2549209,96.7,97.0,95.8,96.5,-0.2,41,709
2023-01-13,6581,61523,5929987,97.0,97.0,95.6,96.6,0.1,90,563
2023-01-16,6581,27967,2698303,96.7,97.0,96.1,96.4,-0.2,233,690
2023-01-17,6581,38527,3694872,96.2,96.4,95.6,96.1,-0.3,70,641
2023-01-30,6581,53110,5162336,97.0,97.9,97.0,97.1,1.0,72,684
2023-01-31,6581,70981,6967367,97.6,98.4,97.5,98.4,1.3,97,607
2023-02-01,6581,55933,5539174,99.6,99.6,98.7,99.3,0.9,60,666
2023-02-02,6581,45848,4530635,99.0,99.3,98.3,99.0,-0.3,75,707
2023-02-03,6581,102735,10100610,99.0,99.1,97.2,97.3,-1.7,192,567
2023-02-06,6581,214098,21174550,96.4,100.5,96.4,100.5,3.2,151,448
2023-02-07,6581,143019,14323610,101.0,101.5,99.5,99.7,-0.8,390,477
2023-02-08,6581,80818,8077029,100.0,100.5,99.5,99.7,0.0,73,601
2023-02-09,6581,55817,5574350,100.0,100.0,99.7,100.0,0.3,63,636
2023-02-10,6581,102089,10071131,100.5,100.5,97.4,98.3,-1.7,107,583
2023-02-13,6581,55686,5472151,97.8,98.8,97.7,98.3,0.0,182,650
2023-02-14,6581,90062,8935833,98.8,99.8,98.8,99.3,1.0,75,545
2023-02-15,6581,67282,6716629,99.3,100.0,99.3,99.6,0.3,100,612
2023-02-16,6581,71471,7175219,99.9,101.0,99.9,100.0,0.4,60,599
2023-02-17,6581,49231,4927779,99.1,101.0,99.0,101.0,1.0,45,660
2023-02-20,6581,52061,5213566,100.5,101.0,99.7,100.5,-0.5,125,713
2023-02-21,6581,67388,6760979,100.5,101.0,100.0,101.0,0.5,152,655
2023-02-22,6581,157980,16026664,100.0,102.5,99.6,102.5,1.5,134,519
2023-02-23,6581,293252,30873523,103.0,106.5,103.0,105.5,3.0,289,450
2023-02-24,6581,138747,14542301,107.0,107.0,103.5,104.5,-1.0,542,558
2023-03-01,6581,167806,17664843,104.5,107.5,103.0,107.5,3.0,177,516
2023-03-02,6581,152843,16427604,106.5,109.0,106.5,109.0,1.5,175,504
2023-03-03,6581,337234,36074159,109.5,110.0,106.0,106.5,-2.5,313,411
2023-03-06,6581,476161,51335464,107.0,110.5,106.0,106.5,0.0,295,391
2023-03-07,6581,305346,31567999,104.5,104.5,102.5,103.0,-3.5,320,453
2023-03-08,6581,140818,14520221,104.0,104.0,102.5,102.5,-0.5,137,588
2023-03-09,6581,60026,6179271,103.0,103.5,102.5,103.0,0.5,104,730
2023-03-10,6581,233346,23691390,102.0,102.5,101.0,101.0,-2.0,197,539
2023-03-13,6581,154012,15436209,100.0,102.0,99.3,101.0,0.0,158,588
2023-03-14,6581,52047,5239920,100.0,101.5,100.0,101.0,0.0,84,690
2023-03-15,6581,117243,11798414,102.0,102.0,100.0,100.5,-0.5,119,567
2023-03-16,6581,163783,16312168,100.0,100.0,99.1,99.4,-1.1,163,581
2023-03-17,6581,108259,10827051,99.7,100.5,99.6,100.0,0.6,101,563
2023-03-20,6581,84769,8472681,100.0,100.5,99.7,99.9,-0.1,84,578
2023-03-21,6581,113997,11409894,100.5,100.5,99.9,100.5,0.6,115,566
2023-03-22,6581,42194,4246238,101.0,101.0,100.0,100.5,0.0,59,747
2023-03-23,6581,68861,6966397,101.0,101.5,100.5,101.0,0.5,77,641
2023-03-24,6581,78276,7880410,102.0,102.0,100.0,100.5,-0.5,82,653
2023-03-27,6581,112199,11236699,100.5,101.0,99.9,100.0,-0.5,105,593
2023-03-28,6581,119794,11972696,100.5,100.5,99.4,100.0,0.0,124,586
2023-03-29,6581,168707,16928950,100.5,101.0,100.0,100.5,0.5,166,485
2023-03-30,6581,212297,20138882,94.5,96.9,94.3,94.7,0.0,274,460
2023-03-31,6581,96771,9122563,94.9,94.9,94.0,94.2,-0.5,120,575
2023-04-06,6581,79242,7453842,95.1,95.1,93.6,94.0,-0.2,98,644
2023-04-07,6581,42856,4028127,94.0,94.1,93.8,93.9,-0.1,68,732
2023-04-10,6581,62096,5810492,94.0,94.1,93.3,93.3,-0.6,91,683
2023-04-11,6581,169864,15573644,93.1,93.1,90.6,91.7,-1.6,243,545
2023-04-12,6581,69339,6341213,91.7,91.7,91.3,91.4,-0.3,90,720
2023-04-13,6581,75818,6986332,91.5,92.7,91.5,92.3,0.9,82,703
2023-04-14,6581,58156,5380634,92.7,92.8,92.3,92.6,0.3,62,741
2023-04-17,6581,65604,6056977,92.5,92.6,92.1,92.3,-0.3,72,730
2023-04-18,6581,45021,4152928,92.3,92.5,92.0,92.0,-0.3,66,780
2023-04-19,6581,39126,3600298,92.0,92.2,91.9,91.9,-0.1,78,804
2023-04-20,6581,57551,5273851,92.3,92.3,91.4,91.6,-0.3,71,741
2023-04-21,6581,119006,10759277,91.4,91.4,89.9,90.1,-1.5,172,667
2023-04-24,6581,41088,3743012,90.1,91.5,90.1,91.2,1.1,49,727
2023-04-25,6581,39030,3560857,91.3,91.9,90.9,90.9,-0.3,51,790
2023-04-26,6581,101951,9173629,90.6,90.8,89.5,90.0,-0.9,127,586
2023-04-27,6581,42580,3819867,90.0,90.0,89.5,89.5,-0.5,48,692
2023-04-28,6581,27475,2470687,89.9,90.5,89.5,89.9,0.4,44,781
2023-05-02,6581,67038,6021769,89.7,90.1,89.7,89.7,-0.2,67,675
2023-05-03,6581,85100,7617818,89.8,89.9,89.0,89.6,-0.1,53,595
2023-05-04,6581,35500,3211549,90.2,91.0,89.7,90.8,1.2,35,743
2023-05-05,6581,20287,1838383,90.8,90.9,90.3,90.9,0.1,49,820
2023-05-08,6581,57060,5182038,90.9,91.0,90.6,90.6,-0.3,94,688
2023-05-09,6581,25584,2317733,90.6,90.6,90.3,90.3,-0.3,33,815
2023-05-10,6581,24284,2188134,90.3,90.3,89.9,89.9,-0.4,44,790
2023-05-11,6581,96268,8561738,89.9,89.9,88.0,89.5,-0.4,78,675
2023-05-12,6581,46945,4182632,89.1,89.2,88.9,89.1,-0.4,49,697
2023-05-15,6581,50180,4467191,89.1,90.0,88.2,90.0,0.9,78,705
2023-05-16,6581,54070,4853711,90.0,90.5,88.8,90.2,0.2,70,710
2023-05-17,6581,56723,5105233,90.2,90.4,88.8,90.4,0.2,192,757
2023-05-18,6581,58000,5252588,90.3,90.9,90.0,90.6,0.2,84,713
2023-05-19,6581,125336,11533785,90.6,92.8,90.6,92.7,2.1,148,577
2023-05-22,6581,70476,6539130,93.1,93.6,92.2,92.2,-0.5,112,652
2023-05-23,6581,50000,4567800,92.2,92.2,91.0,91.3,-0.9,49,723
2023-05-24,6581,46593,4238167,91.1,91.3,90.6,90.6,-0.7,49,742
2023-05-25,6581,34400,3109450,90.2,91.0,90.1,90.3,-0.3,34,760
2023-05-26,6581,77149,6950822,90.4,90.4,89.8,89.8,-0.5,68,676
2023-05-29,6581,33131,3000197,90.0,90.9,90.0,90.5,0.7,34,781
2023-05-30,6581,45230,4100512,90.5,91.0,90.4,90.9,0.4,45,714
2023-05-31,6581,156542,14404014,91.0,93.0,91.0,92.8,1.9,141,560
2023-06-01,6581,69761,6505676,92.8,93.6,92.8,93.2,0.4,92,669
2023-06-02,6581,67850,6300276,93.4,93.4,92.3,92.5,-0.7,77,713
2023-06-05,6581,72031,6723585,92.8,93.8,92.8,93.5,1.0,76,708
2023-06-06,6581,44680,4160353,93.3,93.4,92.9,92.9,-0.6,51,748
2023-06-07,6581,28183,2619556,92.7,93.5,92.0,93.5,0.6,40,840
2023-06-08,6581,47598,4362564,92.5,92.5,91.1,91.6,-1.9,56,754
2023-06-09,6581,59150,5398149,91.8,91.8,90.8,91.1,-0.5,83,742
2023-06-12,6581,39200,3561379,91.1,91.1,90.5,91.0,-0.1,46,805
2023-06-13,6581,33271,3030916,91.0,91.2,91.0,91.0,0.0,36,819
2023-06-14,6581,25626,2333983,91.2,91.3,90.9,90.9,-0.1,34,835
2023-06-15,6581,26599,2412527,90.9,91.0,90.4,91.0,0.1,30,835
2023-06-16,6581,82308,7558718,91.0,92.5,91.0,92.4,1.4,80,708
2023-06-19,6581,23216,2128817,91.5,91.9,91.5,91.6,-0.8,79,839
2023-06-20,6581,28309,2573951,91.5,91.5,90.7,90.8,-0.8,36,813
2023-06-21,6581,29170,2652917,90.4,91.3,90.4,91.3,0.5,36,843
2023-06-26,6581,12000,1090100,91.0,91.1,90.5,91.1,-0.2,12,908
2023-06-27,6581,38150,3454779,90.5,91.0,90.4,90.7,-0.4,29,797
2023-06-28,6581,20000,1812400,90.4,90.8,90.4,90.7,0.0,20,832
2023-06-29,6581,17000,1544500,92.0,92.0,90.6,90.7,0.0,13,856
2023-06-30,6581,8000,725100,90.7,90.7,90.6,90.6,-0.1,8,916
2023-07-03,6581,20523,1863343,90.7,91.0,90.7,90.9,0.3,34,859
2023-07-04,6581,13191,1199318,90.8,91.0,90.7,91.0,0.1,18,900
2023-07-05,6581,20965,1904673,91.0,91.0,90.7,90.8,-0.2,33,858
2023-07-06,6581,35279,3199232,90.9,90.9,90.5,90.5,-0.3,38,813
2023-07-07,6581,33279,2992167,90.2,90.2,89.5,89.9,-0.6,40,824
2023-07-10,6581,17038,1531520,90.1,90.1,89.8,89.8,-0.1,19,888
2023-07-11,6581,15044,1354756,90.0,90.5,90.0,90.0,0.2,18,887
2023-07-12,6581,60983,5455507,89.8,89.9,89.1,89.2,-0.8,67,742
2023-07-13,6581,42211,3776264,89.9,90.0,89.2,89.4,0.2,42,797
2023-07-14,6581,18000,1621200,90.5,90.5,89.4,90.1,0.7,16,-1
