date,stock_id,Trading_Volume,Trading_money,open,max,min,close,spread,Trading_turnover,Trading_money_rank
2022-05-20,6585,1818201,112636063,61.0,63.0,60.7,62.7,0.0,1133,202
2022-05-23,6585,671581,42198880,62.4,63.2,62.4,62.5,-0.2,416,305
2022-05-24,6585,683754,43460552,62.9,64.6,62.7,62.7,0.2,397,303
2022-05-25,6585,346320,21582820,62.5,62.9,61.8,62.5,-0.2,218,404
2022-05-26,6585,548150,34975480,62.8,64.4,62.8,63.6,1.1,314,324
2022-05-27,6585,549440,36116680,63.6,67.0,63.6,65.2,1.6,391,320
2022-05-30,6585,397030,26076569,66.0,66.7,65.0,65.3,0.1,270,398
2022-05-31,6585,329097,21205417,65.4,65.4,64.0,64.2,-1.1,228,417
2022-06-01,6585,311377,19807223,64.0,64.2,63.0,63.6,-0.6,238,448
2022-06-02,6585,147020,9369380,63.8,64.5,63.5,63.7,0.1,80,532
2022-06-06,6585,230005,14568720,63.8,63.8,63.0,63.2,-0.5,141,450
2022-06-07,6585,217407,13599960,63.0,63.2,62.0,63.2,0.0,144,452
2022-06-08,6585,438080,28619078,63.2,66.2,63.2,65.9,2.7,337,367
2022-06-09,6585,692656,47372725,66.0,70.9,66.0,69.0,3.1,491,296
2022-06-10,6585,1290156,94963522,67.1,75.9,67.1,75.9,6.9,867,232
2022-06-13,6585,896336,68946036,74.0,80.0,73.3,79.7,3.8,674,295
2022-06-14,6585,759807,59629558,78.9,80.0,75.2,79.8,0.1,559,297
2022-06-15,6585,895079,73736975,77.8,84.4,77.8,82.5,0.0,677,266
2022-06-16,6585,925343,74039712,82.9,83.7,78.0,79.7,-2.8,568,289
2022-06-17,6585,481814,37723133,75.1,80.2,75.1,80.2,0.5,349,377
2022-06-20,6585,181264,14279289,80.1,80.2,77.4,77.4,-2.8,158,556
2022-06-21,6585,363253,28496360,79.5,80.1,76.5,79.6,2.2,456,408
2022-06-22,6585,163979,12645515,78.7,80.4,75.8,76.5,-3.1,190,527
2022-06-23,6585,290913,21372806,76.8,76.8,71.7,73.5,-3.0,214,447
2022-06-24,6585,286451,22009015,74.5,79.4,74.5,76.8,3.3,211,422
2022-06-27,6585,125350,9832350,77.2,79.4,77.2,78.5,1.7,115,566
2022-06-28,6585,63296,4894549,78.5,78.5,76.4,76.9,-1.6,57,592
2022-06-29,6585,40008,3024100,76.4,76.4,75.0,75.6,-1.3,40,672
2022-06-30,6585,253275,18423115,74.6,74.9,71.0,72.3,-3.3,175,496
2022-07-01,6585,239963,17052027,72.3,72.9,69.3,69.6,-2.7,194,540
2022-07-04,6585,74808,5121943,69.6,69.6,67.6,68.5,-1.1,85,658
2022-07-05,6585,155119,10688229,67.5,70.5,67.0,70.0,1.5,123,526
2022-07-06,6585,142264,9543874,68.3,69.0,66.0,66.0,-4.0,145,549
2022-07-07,6585,233173,16309649,67.2,72.6,67.0,70.3,4.3,153,459
2022-07-08,6585,127496,8888930,70.0,71.5,68.0,68.0,-2.3,209,567
2022-07-11,6585,37217,2532262,68.9,68.9,67.1,67.3,-0.7,40,711
2022-07-12,6585,90142,5972188,67.0,68.0,65.8,66.5,-0.8,62,638
2022-07-13,6585,52428,3561014,68.0,68.2,67.5,68.0,1.5,33,675
2022-07-14,6585,75000,5123600,68.0,69.0,67.1,68.4,0.4,48,599
2022-07-15,6585,60000,4111400,68.0,69.5,68.0,68.0,-0.4,50,639
2022-07-18,6585,44000,3030700,70.0,70.0,68.0,68.0,0.0,36,695
2022-07-19,6585,62298,4340623,69.0,70.5,68.1,69.0,1.0,51,626
2022-07-20,6585,24100,1678169,68.7,70.5,68.7,69.0,0.0,26,823
2022-07-21,6585,30000,2070000,68.6,69.7,68.5,69.6,0.6,21,725
2022-07-22,6585,83002,5650034,69.6,69.6,67.0,68.0,-1.6,64,615
2022-07-25,6585,26200,1770999,68.0,68.0,67.0,67.9,-0.1,26,734
2022-07-26,6585,34000,2298200,67.9,68.1,67.0,68.1,0.2,29,719
2022-07-27,6585,58000,3939000,67.1,70.0,67.0,67.9,-0.2,43,633
2022-07-28,6585,84878,5754638,68.1,69.4,66.0,67.6,-0.3,87,577
2022-07-29,6585,74031,4978190,68.0,68.0,66.9,67.9,0.3,51,605
2022-08-01,6585,102205,7104546,68.1,70.5,67.8,70.5,2.6,81,573
2022-08-02,6585,114138,7774296,69.8,69.8,67.5,67.6,-2.9,110,593
2022-08-03,6585,56096,3769628,67.2,67.5,67.0,67.0,-0.6,53,662
2022-08-04,6585,73018,4879260,67.1,67.5,66.2,67.2,0.2,65,660
2022-08-05,6585,72100,4889105,67.5,68.3,67.1,68.2,1.0,65,644
2022-08-08,6585,89000,6145900,67.9,69.9,67.8,69.3,1.1,70,587
2022-08-09,6585,60000,4164300,69.3,69.9,68.7,68.8,-0.5,46,658
2022-08-10,6585,65052,4479488,68.8,69.3,68.7,68.8,0.0,51,671
2022-08-11,6585,132001,9033468,68.6,69.0,68.1,68.2,-0.6,79,599
2022-08-12,6585,154000,10563700,68.3,69.0,68.3,68.6,0.4,66,580
2022-08-15,6585,206491,14177534,68.6,69.0,68.3,69.0,0.4,71,558
2022-08-16,6585,58010,4000190,69.0,69.1,68.7,69.0,0.0,47,707
2022-08-17,6585,86000,5955900,68.6,70.0,68.6,70.0,1.0,73,669
2022-08-18,6585,104019,7228831,69.9,70.1,69.1,69.3,-0.7,78,617
2022-08-19,6585,66000,4569500,69.5,69.5,69.0,69.4,0.1,52,708
2022-08-22,6585,35433,2441765,69.0,69.4,68.1,69.2,-0.2,110,779
2022-08-23,6585,60001,4108669,68.6,68.8,68.1,68.8,-0.4,48,688
2022-08-24,6585,81000,5597200,69.4,69.5,68.5,69.0,0.2,57,667
2022-08-25,6585,37019,2543511,68.7,69.0,68.5,68.8,-0.2,34,773
2022-08-26,6585,61011,4185556,69.0,69.0,68.5,68.5,-0.3,50,739
2022-08-29,6585,75221,5047477,67.9,68.0,66.1,68.0,-0.5,93,698
2022-08-30,6585,73110,4927670,67.1,68.0,67.1,68.0,0.0,46,647
2022-08-31,6585,133422,8961507,67.5,68.0,66.6,68.0,0.0,87,570
2022-09-01,6585,269746,17712115,67.8,67.8,65.0,65.5,-2.5,194,493
2022-09-02,6585,116267,7541105,65.5,65.8,64.3,64.4,-1.1,89,589
2022-09-05,6585,152160,9573584,64.4,65.2,62.0,63.2,-1.2,129,573
2022-09-06,6585,79000,4979700,63.2,63.2,62.5,63.2,0.0,51,683
2022-09-07,6585,56100,3490335,63.0,63.2,62.0,63.2,0.0,64,724
2022-09-08,6585,190022,11794865,62.9,62.9,61.5,62.4,-0.8,119,499
2022-09-12,6585,97045,6049308,63.0,63.0,61.0,62.4,0.0,66,645
2022-09-13,6585,153020,9543043,62.1,63.0,61.6,62.4,0.0,92,543
2022-09-14,6585,80000,4976600,61.2,62.8,61.2,62.8,0.4,49,658
2022-09-15,6585,69004,4331251,62.9,63.2,62.3,62.6,-0.2,50,678
2022-09-16,6585,85099,5287395,62.2,62.5,61.7,62.1,-0.5,70,645
2022-09-19,6585,114100,6986688,62.1,62.1,60.8,61.0,-1.1,86,605
2022-09-20,6585,242155,15212107,62.8,63.6,62.0,63.6,2.6,181,429
2022-09-21,6585,116084,7320400,63.0,63.5,62.7,63.0,-0.6,88,584
2022-09-22,6585,378074,24357107,62.1,66.0,62.1,65.8,2.8,252,396
2022-09-23,6585,323165,20564527,65.0,65.1,62.0,63.0,-2.8,243,423
2022-09-26,6585,585083,34278433,61.6,61.8,56.7,58.5,-4.5,396,418
2022-09-27,6585,697347,37829400,58.5,58.5,52.7,55.5,-3.0,483,331
2022-09-28,6585,480994,24924202,55.0,55.0,50.9,51.2,-4.3,300,448
2022-09-29,6585,196050,10200900,51.7,53.8,50.7,51.3,0.1,129,525
2022-09-30,6585,188042,9843743,50.5,53.8,50.3,53.5,2.2,120,524
2022-10-03,6585,88010,4575520,52.5,52.6,51.5,51.5,-2.0,65,601
2022-10-04,6585,144010,7429020,52.1,52.5,51.0,52.4,0.9,95,559
2022-10-05,6585,112021,5820200,53.4,53.4,51.4,51.9,-0.5,80,620
2022-10-06,6585,63425,3294502,52.0,52.3,51.5,52.1,0.2,45,650
2022-10-07,6585,54000,2777100,51.5,51.8,51.3,51.3,-0.8,38,678
2022-10-11,6585,321432,15589559,50.1,50.5,47.0,49.45,-1.85,235,488
2022-10-12,6585,168200,8061240,49.0,49.0,47.5,48.0,-1.45,71,546
2022-10-13,6585,210675,9816510,47.5,47.5,45.45,46.3,-1.7,135,631
2022-10-14,6585,122130,5828050,47.4,48.15,47.05,48.0,1.7,83,617
2022-10-17,6585,86250,4039975,48.0,48.0,46.45,47.1,-0.9,85,641
2022-10-18,6585,179100,8724000,47.3,49.6,47.2,49.5,2.4,111,496
2022-10-19,6585,102500,5085495,49.7,50.8,48.6,48.6,-0.9,91,587
2022-10-20,6585,119315,5627721,47.5,48.9,46.65,48.9,0.3,92,604
2022-10-21,6585,37000,1769950,47.5,48.3,47.5,48.0,-0.9,35,727
2022-10-24,6585,53006,2527384,48.6,48.7,47.05,47.7,-0.3,48,698
2022-10-25,6585,48006,2252133,47.2,47.5,46.55,46.7,-1.0,43,723
2022-10-26,6585,39000,1809550,46.65,47.0,46.2,46.25,-0.45,33,738
2022-10-27,6585,26000,1211100,46.25,46.95,46.25,46.95,0.7,24,785
2022-10-28,6585,43000,1975050,46.7,46.7,45.6,45.9,-1.05,29,682
2022-10-31,6585,24001,1106197,46.3,46.3,45.9,45.95,0.05,22,772
2022-11-01,6585,52084,2399088,45.85,46.5,45.85,46.4,0.45,47,693
2022-11-02,6585,42150,1981250,46.3,47.45,46.3,47.25,0.85,39,720
2022-11-03,6585,25000,1169300,47.0,47.05,46.65,46.8,-0.45,22,773
2022-11-04,6585,22586,1045889,46.4,46.6,46.05,46.35,-0.45,23,805
2022-11-07,6585,144002,6917450,46.5,49.2,46.5,49.0,2.65,90,593
2022-11-08,6585,154700,7564313,49.95,50.0,48.05,48.7,-0.3,107,566
2022-11-09,6585,58132,2848311,49.45,49.75,48.7,49.0,0.3,52,744
2022-11-10,6585,65000,3106900,48.5,48.5,47.5,48.1,-0.9,60,677
2022-11-11,6585,110000,5291650,48.2,48.65,47.95,48.2,0.1,70,688
2022-11-14,6585,36000,1725150,48.1,48.1,47.25,48.05,-0.15,32,812
2022-11-15,6585,47240,2264431,48.0,48.35,47.4,48.35,0.3,42,786
2022-11-16,6585,47169,2274772,48.25,48.3,48.15,48.25,-0.1,47,790
2022-11-17,6585,79103,3884746,48.45,49.5,48.45,49.5,1.25,88,662
2022-11-18,6585,58000,2870700,49.9,49.9,48.9,49.6,0.1,53,714
2022-11-21,6585,157333,8070430,49.0,52.5,49.0,51.9,2.3,107,520
2022-11-22,6585,195169,10315087,52.6,53.7,51.9,52.8,0.9,150,476
2022-11-23,6585,130000,6905900,53.0,53.8,51.9,53.6,0.8,94,532
2022-11-24,6585,73011,3874383,52.9,53.8,52.7,53.1,-0.5,57,679
2022-11-25,6585,42000,2200100,53.1,53.1,51.7,51.7,-1.4,35,759
2022-11-28,6585,86000,4389900,51.5,51.5,50.5,51.3,-0.4,72,640
2022-11-29,6585,28000,1439500,51.3,52.0,51.0,51.3,0.0,25,799
2022-11-30,6585,197000,10064300,51.8,51.9,50.8,51.3,0.0,47,578
2022-12-01,6585,105000,5426600,51.2,52.4,51.2,51.4,0.1,72,699
2022-12-02,6585,867995,48047353,51.0,56.5,51.0,53.2,1.8,518,349
2022-12-05,6585,318018,17193531,53.1,55.3,53.1,54.2,1.0,248,487
2022-12-06,6585,537082,30598483,54.0,58.8,54.0,57.8,3.6,480,405
2022-12-07,6585,503595,27562778,58.2,58.7,52.9,53.0,-4.8,458,415
2022-12-08,6585,456848,24716757,53.2,56.5,52.3,53.6,0.6,336,381
2022-12-09,6585,162521,8635442,54.1,54.1,52.1,52.3,-1.3,146,548
2022-12-12,6585,177632,9120052,52.3,52.3,51.0,51.0,-1.3,167,546
2022-12-13,6585,230050,11991700,52.0,53.5,51.0,51.8,0.8,145,520
2022-12-14,6585,106006,5543309,51.8,53.4,51.7,52.1,0.3,83,627
2022-12-15,6585,59510,3126050,52.2,52.9,52.2,52.8,0.7,64,695
2022-12-16,6585,70099,3653388,52.0,52.6,51.8,51.9,-0.9,64,712
2022-12-19,6585,74181,3804152,51.8,51.8,50.9,51.2,-0.7,96,655
2022-12-20,6585,147253,7355934,50.8,51.0,49.35,49.7,-1.5,119,632
2022-12-21,6585,57010,2831595,50.3,50.5,49.4,50.3,0.6,48,684
2022-12-22,6585,155000,8047800,50.2,53.0,50.2,52.3,2.0,124,509
2022-12-23,6585,487523,26394808,52.2,56.2,52.0,55.9,3.6,325,347
2022-12-26,6585,510282,28866161,55.9,57.9,54.2,57.9,2.0,358,325
2022-12-27,6585,475199,27384753,57.8,58.6,56.6,56.6,-1.3,304,329
2022-12-28,6585,791295,45938565,58.0,58.7,57.3,57.4,0.8,452,306
2022-12-29,6585,536100,30839009,57.0,58.5,56.5,57.2,-0.2,201,331
2022-12-30,6585,977495,57870145,58.2,60.4,57.2,60.4,3.2,620,249
2023-01-03,6585,204151,12179778,60.3,60.5,58.9,58.9,-1.5,176,427
2023-01-04,6585,150064,8626400,59.8,59.8,56.0,56.0,-2.9,130,488
2023-01-05,6585,240275,13426294,56.8,57.2,54.8,55.0,-1.0,160,447
2023-01-06,6585,167022,9456430,55.5,57.8,55.5,55.9,0.9,147,455
2023-01-09,6585,123000,6968400,56.0,57.2,55.6,55.6,-0.3,96,581
2023-01-10,6585,255101,13962615,55.8,56.1,53.1,55.7,0.1,178,470
2023-01-11,6585,107178,5811951,55.7,55.7,53.8,54.2,-1.5,97,588
2023-01-12,6585,106229,5693558,53.8,54.2,53.2,53.8,-0.4,67,578
2023-01-13,6585,75079,4007610,54.7,54.7,53.0,53.1,-0.7,68,634
2023-01-16,6585,87077,4630581,53.3,53.6,53.0,53.1,0.0,55,595
2023-01-17,6585,83013,4465632,54.0,54.2,53.1,54.0,0.9,69,606
2023-01-30,6585,248104,13464666,55.1,55.9,52.9,54.9,0.9,163,508
2023-01-31,6585,91000,5082800,55.0,56.3,55.0,55.9,1.0,80,652
2023-02-01,6585,223375,12704747,55.9,57.5,55.1,57.0,1.1,154,538
2023-02-02,6585,92000,5248900,57.6,57.7,56.8,57.1,0.1,53,684
2023-02-03,6585,145167,8188716,57.3,57.4,55.1,55.6,-1.5,157,603
2023-02-06,6585,64045,3608779,55.8,57.0,55.8,55.9,0.3,59,707
2023-02-07,6585,119178,6673871,56.4,56.7,55.2,55.8,-0.1,94,622
2023-02-08,6585,183000,10387900,56.5,57.7,55.9,57.1,1.3,100,573
2023-02-09,6585,817083,49401864,57.7,62.5,57.7,61.4,4.3,622,320
2023-02-10,6585,459456,27938453,61.5,62.5,59.1,60.9,-0.5,369,420
2023-02-13,6585,115149,6945120,61.4,61.4,59.7,60.6,-0.3,85,606
2023-02-14,6585,142110,8560714,60.9,60.9,59.1,60.6,0.0,116,554
2023-02-15,6585,492145,30501175,61.0,64.0,59.1,63.1,2.5,336,369
2023-02-16,6585,430105,27285285,63.7,64.6,62.6,63.1,0.0,272,401
2023-02-17,6585,144025,9199320,63.1,64.8,63.1,63.5,0.4,127,570
2023-02-20,6585,278007,17847248,63.9,64.9,63.6,64.2,0.7,129,534
2023-02-21,6585,584056,38163392,64.5,66.6,63.8,65.8,1.6,340,385
2023-02-22,6585,271511,17986740,65.5,66.9,65.0,66.5,0.7,173,502
2023-02-23,6585,297487,19824254,66.4,67.4,65.8,67.0,0.5,160,509
2023-02-24,6585,205756,13987095,67.7,69.5,67.2,67.7,0.7,206,562
2023-03-01,6585,172046,11449982,67.7,67.7,66.1,66.6,-1.1,143,583
2023-03-02,6585,129057,8558749,66.4,67.1,66.0,66.6,0.0,94,610
2023-03-03,6585,319183,22006603,67.0,69.7,66.6,69.4,2.8,239,485
2023-03-06,6585,241203,16439105,69.5,70.0,67.2,67.4,-2.0,209,586
2023-03-07,6585,93061,6281923,67.3,67.9,67.2,67.5,0.1,68,730
2023-03-08,6585,41338,2782983,67.0,67.5,67.0,67.5,0.0,38,816
2023-03-09,6585,104461,6918401,67.6,67.6,65.7,65.8,-1.7,188,709
2023-03-10,6585,134117,8771697,65.5,66.6,65.0,66.0,0.2,98,712
2023-03-13,6585,113039,7355163,65.9,66.0,63.5,66.0,0.0,69,708
2023-03-14,6585,76000,4922200,65.5,65.9,64.0,64.7,-1.3,49,701
2023-03-15,6585,47100,3068700,65.4,65.9,64.5,64.5,-0.2,37,771
2023-03-16,6585,102149,6566385,64.5,64.5,63.7,64.0,-0.5,52,725
2023-03-17,6585,44186,2839444,64.0,65.5,63.7,64.4,0.4,41,758
2023-03-20,6585,22067,1425015,64.6,64.7,64.4,64.5,0.1,18,823
2023-03-21,6585,111100,7196849,64.5,65.6,64.0,65.6,1.1,59,633
2023-03-22,6585,86110,5604020,65.7,66.1,64.6,64.6,-1.0,56,692
2023-03-23,6585,60305,3890488,64.5,64.7,64.3,64.4,-0.2,93,746
2023-03-24,6585,64000,4103100,64.4,64.4,63.9,64.3,-0.1,41,751
2023-03-27,6585,60105,3839349,64.0,64.5,63.5,63.9,-0.4,40,755
2023-03-28,6585,182113,11461080,64.2,64.5,62.2,62.7,-1.2,118,598
2023-03-29,6585,39001,2438363,62.5,63.5,62.2,62.7,0.0,34,783
2023-03-30,6585,10002,628226,62.6,62.9,62.6,62.8,0.1,8,906
2023-03-31,6585,26070,1633789,62.7,63.0,62.5,62.7,-0.1,23,847
2023-04-06,6585,39011,2437889,62.7,62.7,62.2,62.4,-0.3,27,803
2023-04-07,6585,74010,4586822,62.3,62.4,61.6,62.0,-0.4,60,709
2023-04-10,6585,32131,1985160,61.8,62.5,61.2,62.2,0.2,32,838
2023-04-11,6585,312181,20441248,62.5,67.0,62.5,65.8,3.6,219,504
2023-04-12,6585,560584,37917190,66.0,68.5,66.0,67.6,1.8,478,443
2023-04-13,6585,219321,14744178,67.6,68.0,66.0,67.2,-0.4,165,588
2023-04-14,6585,63080,4214760,67.5,67.5,66.4,66.5,-0.7,49,771
2023-04-17,6585,310309,21235360,66.9,69.7,66.9,67.7,1.2,237,537
2023-04-18,6585,150087,10155671,67.8,68.5,66.8,67.2,-0.5,118,641
2023-04-19,6585,180030,12001702,67.3,67.3,66.2,66.2,-1.0,128,624
2023-04-20,6585,117010,7673452,66.2,66.8,65.0,65.0,-1.2,86,690
2023-04-21,6585,116350,7434824,65.0,65.0,63.3,63.8,-1.2,96,723
2023-04-24,6585,90155,5845713,63.5,65.5,63.3,65.2,1.4,91,657
2023-04-25,6585,144458,9150031,65.0,65.0,62.5,62.8,-2.4,119,664
2023-04-26,6585,96243,6008787,62.4,62.9,61.9,62.4,-0.4,79,657
2023-04-27,6585,92000,5718300,62.4,62.5,61.9,62.2,-0.2,56,620
2023-04-28,6585,53091,3314414,63.0,63.0,62.0,62.2,0.0,39,743
2023-05-02,6585,128030,8158920,62.2,64.4,62.2,64.4,2.2,95,609
2023-05-03,6585,73141,4712277,64.5,65.0,63.1,64.7,0.3,64,675
2023-05-04,6585,86001,5583164,63.5,65.9,63.5,65.8,1.1,75,665
2023-05-05,6585,89143,5788360,66.0,66.0,64.0,64.5,-1.3,104,658
2023-05-08,6585,56003,3589993,64.6,64.6,63.8,63.9,-0.6,48,745
2023-05-09,6585,57000,3637200,64.0,64.5,63.2,63.6,-0.3,38,761
2023-05-10,6585,958342,55875290,60.8,61.9,57.3,58.2,-5.4,584,325
2023-05-11,6585,92458,5368971,58.5,58.5,57.6,58.2,0.0,76,752
2023-05-12,6585,66013,3863954,58.1,59.1,58.1,58.5,0.3,46,710
2023-05-15,6585,64000,3718200,58.5,58.7,57.8,57.9,-0.6,43,741
2023-05-16,6585,116000,6753200,58.5,58.7,57.9,58.0,0.1,72,655
2023-05-17,6585,251021,15144083,58.7,61.4,58.6,61.1,3.1,180,573
2023-05-18,6585,79000,4839400,61.5,62.0,60.5,60.5,-0.6,65,729
2023-05-19,6585,25005,1534105,61.0,61.7,60.7,60.7,0.2,24,863
2023-05-22,6585,28024,1695856,60.8,60.9,60.1,60.3,-0.4,23,840
2023-05-23,6585,47184,2835243,59.9,60.7,59.2,60.7,0.4,43,797
2023-05-24,6585,132062,8132087,61.2,62.0,61.1,61.8,1.1,108,626
2023-05-25,6585,68150,4205199,62.1,62.3,61.4,61.8,0.0,65,724
2023-05-26,6585,40058,2489983,62.3,62.5,61.8,62.2,0.4,37,813
2023-05-29,6585,44010,2737320,62.0,62.4,61.9,62.2,0.0,35,797
2023-05-30,6585,120129,7575457,62.2,63.9,62.2,63.0,0.8,89,619
2023-05-31,6585,121000,7630500,63.0,63.9,62.8,63.1,0.1,47,648
2023-06-01,6585,26050,1640935,62.7,63.7,62.7,62.9,-0.2,24,843
2023-06-02,6585,42050,2640655,62.0,63.2,62.0,63.2,0.3,23,824
2023-06-05,6585,23158,1455180,62.6,63.0,62.6,62.8,-0.4,39,891
2023-06-06,6585,47176,2943941,62.8,62.8,62.2,62.4,-0.4,70,797
2023-06-07,6585,126118,8047055,62.9,65.0,62.7,64.1,1.7,90,678
2023-06-08,6585,274257,17924794,65.6,66.6,64.0,64.2,0.1,157,552
2023-06-09,6585,81110,5206888,64.0,64.7,63.6,64.1,-0.1,55,749
2023-06-12,6585,204149,12827555,65.0,65.0,61.1,62.4,-1.7,129,623
2023-06-13,6585,57000,3593200,62.8,63.4,62.6,63.4,1.0,40,795
2023-06-14,6585,202178,12985314,63.4,64.8,63.4,64.7,1.3,136,602
2023-06-15,6585,142206,8900616,63.9,63.9,62.0,62.1,0.0,84,663
2023-06-16,6585,53071,3316151,62.8,62.9,62.1,62.1,0.0,47,822
2023-06-19,6585,84000,5171300,61.7,62.1,61.3,61.5,-0.6,44,738
2023-06-20,6585,45227,2777719,61.5,62.3,61.0,61.4,-0.1,33,803
2023-06-21,6585,64310,3946965,61.6,62.0,60.6,62.0,0.6,46,784
2023-06-26,6585,31021,1922802,62.2,62.4,61.7,61.9,-0.1,27,850
2023-06-27,6585,581429,37540810,62.3,66.5,62.3,64.9,3.0,310,448
2023-06-28,6585,230138,14984368,65.8,66.2,64.3,64.6,-0.3,162,559
2023-06-29,6585,602993,40331367,64.8,68.5,64.8,67.8,3.2,630,414
2023-06-30,6585,2378986,174213782,69.0,74.5,69.0,72.7,4.9,1936,220
2023-07-03,6585,1898845,145701828,72.7,79.4,72.7,78.9,6.2,1412,261
2023-07-04,6585,849663,65076559,77.8,78.4,74.9,76.6,-2.3,742,379
2023-07-05,6585,225970,17178690,77.0,77.4,74.9,75.7,-0.9,244,572
2023-07-06,6585,335819,25658589,75.9,77.2,75.0,76.5,0.8,372,527
2023-07-07,6585,1574244,124976410,76.4,81.7,75.1,79.5,3.0,1290,294
2023-07-10,6585,634993,49033961,76.1,79.4,75.7,77.9,-1.6,501,414
2023-07-11,6585,522439,40703775,78.9,80.0,75.8,76.1,-1.8,360,436
2023-07-12,6585,309303,23516757,75.7,78.8,74.6,74.8,-1.3,236,526
2023-07-13,6585,189379,14405411,75.9,77.0,75.1,76.0,1.2,156,619
2023-07-14,6585,307595,23210638,76.7,76.9,73.8,75.2,-0.8,244,-1
