date,stock_id,Trading_Volume,Trading_money,open,max,min,close,spread,Trading_turnover,Trading_money_rank
2019-12-09,6592,46515299,4163181400,82.0,100.0,80.0,98.0,0.0,29039,6
2019-12-10,6592,21207094,2013013836,97.8,97.8,93.0,93.5,-4.5,16606,8
2019-12-11,6592,15718268,1427166388,91.7,92.8,89.5,90.5,-3.0,12117,16
2019-12-12,6592,11502431,1042870019,91.0,92.1,89.7,89.8,-0.7,8800,25
2019-12-13,6592,17401267,1502918715,89.9,90.0,84.6,84.8,-5.0,13238,23
2019-12-16,6592,8779659,747494774,83.9,87.0,83.0,85.6,0.8,6784,36
2019-12-17,6592,5529965,470146300,85.0,85.9,84.6,84.9,-0.7,3953,66
2019-12-18,6592,3046260,259950353,85.0,85.8,85.0,85.3,0.4,2654,112
2019-12-19,6592,10264093,904788414,86.0,89.4,85.8,89.1,3.8,7843,24
2019-12-20,6592,8054099,721689779,89.3,90.5,88.7,89.4,0.3,5971,43
2019-12-23,6592,4913575,433303601,89.2,89.2,87.7,87.7,-1.7,3779,52
2019-12-24,6592,2923787,257192137,88.1,88.6,87.7,88.1,0.4,2365,82
2019-12-25,6592,7120341,641043276,89.0,90.9,88.9,90.2,2.1,5595,25
2019-12-26,6592,3677401,329862840,90.3,90.7,89.2,89.4,-0.8,2867,57
2019-12-27,6592,3571104,318575667,89.9,90.0,88.7,88.9,-0.5,2691,67
2019-12-30,6592,3852796,343406640,89.0,90.0,88.2,89.1,0.2,2975,71
2019-12-31,6592,1962772,174633192,89.1,89.3,88.7,88.9,-0.2,1515,115
2020-01-02,6592,2595537,229853768,89.5,89.5,88.3,88.5,-0.4,1964,102
2020-01-03,6592,4026588,352839045,88.8,88.9,87.0,87.1,-1.4,2983,85
2020-01-06,6592,3273850,281408200,86.7,86.8,85.6,85.6,-1.5,2400,84
2020-01-07,6592,2703512,230621413,85.6,86.2,84.9,85.1,-0.5,2023,110
2020-01-08,6592,2872365,241887231,84.5,84.8,83.8,84.1,-1.0,2210,96
2020-01-09,6592,1398181,118798735,84.5,85.3,84.5,85.1,1.0,1147,157
2020-01-10,6592,1496300,128154629,85.3,86.0,85.3,85.7,0.6,1101,149
2020-01-13,6592,2328799,202817330,86.0,87.7,86.0,87.1,1.4,1674,123
2020-01-14,6592,1388900,120701000,87.2,87.4,86.5,86.8,-0.3,1076,171
2020-01-15,6592,1439056,124012124,86.8,87.0,85.8,85.8,-1.0,1093,161
2020-01-16,6592,907500,78119349,86.1,86.3,85.9,86.1,0.3,689,218
2020-01-17,6592,884722,76304052,86.2,86.6,86.1,86.1,0.0,685,208
2020-01-20,6592,1663449,144105863,86.3,87.1,86.2,86.8,0.7,1298,138
2020-01-30,6592,7047617,575423479,82.2,82.8,80.2,80.7,-6.1,4792,87
2020-01-31,6592,2257589,184283164,80.8,82.4,80.7,81.8,1.1,1700,169
2020-02-03,6592,2945970,233382767,80.0,80.4,77.4,79.8,-2.0,2235,144
2020-02-04,6592,1526746,123658813,80.2,81.5,80.1,81.4,1.6,1203,182
2020-02-05,6592,1803190,147784327,82.3,82.3,81.2,82.0,0.6,1267,151
2020-02-06,6592,2218376,183790878,82.5,83.3,82.4,82.9,0.9,1545,139
2020-02-07,6592,1168531,96061647,82.9,82.9,82.0,82.0,-0.9,818,203
2020-02-10,6592,1705750,137474097,80.1,81.3,80.0,80.7,-1.3,1218,140
2020-02-11,6592,1010294,81974058,81.0,81.5,80.8,80.9,0.2,799,178
2020-02-12,6592,1004152,81661113,80.9,81.8,80.9,81.4,0.5,694,202
2020-02-13,6592,981003,79856438,81.6,81.7,81.2,81.3,-0.1,704,216
2020-02-14,6592,1157090,93668021,81.1,81.2,80.8,80.9,-0.4,821,176
2020-02-17,6592,1119984,90134404,80.8,80.9,80.2,80.5,-0.4,851,184
2020-02-18,6592,959341,77301376,80.6,80.9,80.3,80.6,0.1,715,211
2020-02-19,6592,906560,73156111,80.6,81.0,80.4,80.9,0.3,617,213
2020-02-20,6592,634704,51440591,81.2,81.5,80.8,80.9,0.0,502,241
2020-02-21,6592,720200,58083232,80.9,80.9,80.5,80.6,-0.3,560,230
2020-02-24,6592,1394140,111627870,80.0,80.5,79.9,80.0,-0.6,980,187
2020-02-25,6592,1373020,109460595,79.2,80.1,79.2,79.9,-0.1,937,173
2020-02-26,6592,1075192,85576028,79.5,79.8,79.4,79.5,-0.4,722,199
2020-02-27,6592,2097755,165204758,79.5,79.7,78.0,78.1,-1.4,1545,179
2020-03-02,6592,1889244,144614327,76.0,77.8,75.7,76.5,-1.6,1487,180
2020-03-03,6592,1278100,99757348,77.7,78.5,77.7,78.0,1.5,895,199
2020-03-04,6592,797938,61560084,77.5,77.7,76.7,77.3,-0.7,618,236
2020-03-05,6592,1010840,78860120,78.0,78.5,77.7,77.9,0.6,694,214
2020-03-06,6592,1050630,81310959,78.0,78.2,77.0,77.1,-0.8,676,208
2020-03-09,6592,3173883,239588825,76.8,76.8,74.3,74.3,-2.8,2132,161
2020-03-10,6592,3972780,285174423,72.2,73.0,71.0,73.0,-1.3,2453,134
2020-03-11,6592,1423946,103835472,73.5,73.7,72.0,72.0,-1.0,956,201
2020-03-12,6592,3495990,241246707,71.0,71.0,68.1,68.1,-3.9,2529,180
2020-03-13,6592,4153414,260229048,63.5,64.4,61.7,63.9,-4.2,2785,172
2020-03-16,6592,2366899,151720115,64.5,64.8,63.5,63.6,-0.3,1535,190
2020-03-17,6592,2415189,149960107,61.7,63.0,61.6,62.0,-1.6,1439,187
2020-03-18,6592,2063539,128593018,62.0,63.2,62.0,62.0,0.0,1294,194
2020-03-19,6592,4376503,249698068,60.6,60.6,55.8,55.8,-6.2,2804,155
2020-03-20,6592,2447940,143985342,58.0,60.0,57.6,58.7,2.9,1547,186
2020-03-23,6592,1285150,72091031,56.0,57.1,54.4,56.5,-2.2,887,205
2020-03-24,6592,1626440,95918937,57.6,60.0,57.6,59.1,2.6,1136,193
2020-03-25,6592,3116560,195439831,62.0,63.9,61.7,62.7,3.6,1921,145
2020-03-26,6592,2041131,128355025,62.9,63.6,62.0,63.5,0.8,1167,169
2020-03-27,6592,2178339,141166085,64.8,65.6,63.6,63.6,0.1,1462,170
2020-03-30,6592,1123126,70218397,62.0,63.4,61.7,63.2,-0.4,659,203
2020-03-31,6592,1056543,67766185,64.5,64.8,63.7,64.0,0.8,742,223
2020-04-01,6592,1331261,86030235,64.1,65.6,63.7,64.5,0.5,840,182
2020-04-06,6592,1417050,91053150,64.2,65.1,63.6,64.8,0.3,702,195
2020-04-07,6592,1773868,118851971,66.0,67.7,65.7,67.3,2.5,1134,199
2020-04-08,6592,1760649,119877381,67.3,68.7,66.9,68.6,1.3,1105,201
2020-04-09,6592,2016658,140430551,69.6,70.4,69.0,69.5,0.9,1197,186
2020-04-10,6592,3803984,275846628,70.2,74.3,70.2,72.4,2.9,2415,83
2020-04-13,6592,1813218,129565358,72.5,72.5,70.5,71.3,-1.1,1067,154
2020-04-14,6592,2213229,162227746,71.6,74.2,71.6,73.8,2.5,1446,164
2020-04-15,6592,2138529,159810075,74.6,75.3,74.0,74.9,1.1,1446,183
2020-04-16,6592,1243672,92282724,74.0,74.9,73.5,74.4,-0.5,939,217
2020-04-17,6592,2331515,173951012,74.8,75.4,73.7,74.0,-0.4,1266,187
2020-04-20,6592,2153965,162375417,74.0,76.7,74.0,76.2,2.2,1437,151
2020-04-21,6592,3444579,256001999,76.4,76.4,72.7,72.8,-3.4,2137,141
2020-04-22,6592,2023044,147460456,72.2,74.5,71.2,73.9,1.1,1223,155
2020-04-23,6592,1382583,102189673,73.9,74.6,73.4,73.9,0.0,948,188
2020-04-24,6592,1431772,106818365,73.9,75.2,73.8,74.7,0.8,950,176
2020-04-27,6592,2101212,159639269,75.0,76.5,74.8,76.3,1.6,1408,179
2020-04-28,6592,4501717,355677243,77.5,80.8,77.3,79.3,3.0,3025,93
2020-04-29,6592,2841923,227649205,79.6,81.0,79.1,80.3,1.0,1921,154
2020-04-30,6592,2713922,218583560,80.7,81.3,80.0,80.0,-0.3,1645,182
2020-05-04,6592,2247215,177498686,78.3,80.5,77.6,79.2,-0.8,1431,167
2020-05-05,6592,2026417,160699822,79.6,80.3,78.5,79.2,0.0,1122,171
2020-05-06,6592,1466434,115528365,79.5,79.5,78.5,78.5,-0.7,787,226
2020-05-07,6592,1178958,93587339,78.3,80.3,78.3,79.7,1.2,767,230
2020-05-08,6592,1700390,135446605,79.7,80.3,79.0,79.1,-0.6,963,204
2020-05-11,6592,1394826,111142591,79.2,80.4,79.0,80.1,1.0,840,233
2020-05-12,6592,1259400,100703358,80.2,80.4,79.4,79.6,-0.5,658,232
2020-05-13,6592,1497610,119549780,80.0,80.5,79.3,80.2,0.6,1063,201
2020-05-14,6592,1692200,134032413,79.8,80.1,78.4,78.5,-1.7,1219,197
2020-05-15,6592,2028889,159924636,79.0,79.9,77.6,78.7,0.2,1109,178
2020-05-18,6592,1761979,140087341,78.5,80.0,78.5,79.2,0.5,959,177
2020-05-19,6592,1320253,105560286,80.5,80.7,78.8,79.8,0.6,788,223
2020-05-20,6592,1303154,104210120,80.1,80.3,79.6,80.0,0.2,812,217
2020-05-21,6592,3314913,270177166,80.5,82.4,80.3,82.0,2.0,2264,136
2020-05-22,6592,3139526,253378915,82.2,82.3,79.3,79.6,-2.4,1769,141
2020-05-25,6592,1269833,101158280,79.5,80.3,79.0,79.6,0.0,906,200
2020-05-26,6592,1186812,95062420,80.2,80.5,79.7,80.3,0.7,849,240
2020-05-27,6592,1326569,106064358,80.4,80.6,79.5,79.7,-0.6,796,226
2020-05-28,6592,1325298,105903906,80.1,80.5,79.5,79.7,0.0,773,240
2020-05-29,6592,5460645,446929836,80.1,82.5,79.8,82.5,2.8,2233,107
2020-06-01,6592,2628449,217282567,82.5,83.4,81.9,82.8,0.3,1720,148
2020-06-02,6592,1665874,136893788,82.8,83.2,81.5,81.6,-1.2,935,195
2020-06-03,6592,1410642,115386169,81.8,82.3,81.0,81.8,0.2,921,232
2020-06-04,6592,1223570,100420926,82.4,82.7,81.3,81.7,-0.1,730,253
2020-06-05,6592,999473,82163720,82.2,82.5,81.6,82.3,0.6,658,272
2020-06-08,6592,1771060,145656850,82.3,82.6,81.5,82.3,0.0,1078,230
2020-06-09,6592,3183410,266128440,82.5,84.4,81.8,84.0,1.7,2131,138
2020-06-10,6592,1804780,151306942,84.2,84.3,83.1,83.9,-0.1,1230,205
2020-06-11,6592,2146433,178018606,83.6,83.8,81.8,82.0,-1.9,1231,214
2020-06-12,6592,2605131,209557101,80.0,81.9,79.0,81.9,-0.1,1585,163
2020-06-15,6592,1936677,159276537,82.3,83.2,81.5,81.6,-0.3,1117,181
2020-06-16,6592,2047591,169279072,82.3,83.2,82.0,82.9,1.3,1097,179
2020-06-17,6592,1998527,166796446,83.6,83.7,83.1,83.6,0.7,1197,176
2020-06-18,6592,1535600,128115618,83.7,83.9,82.9,83.7,0.1,698,224
2020-06-19,6592,1254550,104500058,83.5,83.8,83.0,83.1,-0.6,605,275
2020-06-22,6592,1008500,83727897,83.1,83.7,82.5,82.8,-0.3,620,266
2020-06-23,6592,1121880,92751561,83.3,83.3,82.2,82.6,-0.2,529,254
2020-06-24,6592,1344730,110918168,83.2,83.2,82.1,82.6,0.0,681,218
2020-06-29,6592,1074080,87788342,81.8,82.3,81.4,81.5,-1.1,715,243
2020-06-30,6592,719370,58712840,81.8,82.3,81.0,81.6,0.1,538,285
2020-07-01,6592,1416860,116438650,81.8,83.2,81.6,82.1,0.5,833,222
2020-07-02,6592,1096760,90188649,82.1,82.8,81.6,82.4,0.3,724,268
2020-07-03,6592,2036524,169442338,82.7,83.8,82.4,83.3,0.9,1264,208
2020-07-06,6592,3423793,289973072,83.5,85.5,83.4,85.3,2.0,2226,164
2020-07-07,6592,2407711,205974629,86.4,86.5,84.2,85.6,0.3,1736,205
2020-07-08,6592,3255647,282350941,85.6,87.0,85.6,87.0,1.4,2073,168
2020-07-09,6592,3866460,339785380,87.5,88.3,87.2,88.0,1.0,2370,159
2020-07-10,6592,4277459,371373711,88.0,88.0,85.4,86.1,-1.9,2236,144
2020-07-13,6592,1434686,121048894,84.0,84.8,83.8,84.4,0.0,989,251
2020-07-14,6592,1013061,84377444,84.3,84.3,82.7,82.9,-1.5,833,278
2020-07-15,6592,1746430,143629860,83.5,83.9,81.5,81.9,-1.0,1096,234
2020-07-16,6592,884691,73098779,82.0,83.0,82.0,82.8,0.9,563,275
2020-07-17,6592,987012,80863775,82.8,82.8,81.4,81.7,-1.1,622,285
2020-07-20,6592,1036872,84213514,82.4,82.4,80.6,81.1,-0.6,585,239
2020-07-21,6592,1007897,82352790,81.2,82.3,81.2,81.6,0.5,577,268
2020-07-22,6592,998398,82135570,82.4,82.7,81.9,82.0,0.4,463,264
2020-07-23,6592,1271262,103447223,81.9,82.3,81.0,81.4,-0.6,684,235
2020-07-24,6592,1698774,136517350,81.4,81.4,80.0,80.1,-1.3,927,219
2020-07-27,6592,1691162,135235707,80.3,80.9,79.5,79.5,-0.6,746,208
2020-07-28,6592,1848194,145897285,80.0,80.0,78.2,78.3,-1.2,877,223
2020-07-29,6592,1101936,88125971,78.5,81.2,78.5,80.0,1.7,669,245
2020-07-30,6592,1020770,81730142,81.5,81.5,79.3,79.6,-0.4,541,247
2020-07-31,6592,1233501,97295780,79.6,79.6,78.6,79.0,-0.6,696,212
2020-08-03,6592,690790,54337066,79.0,79.0,78.5,78.7,-0.3,432,303
2020-08-04,6592,449971,35565684,78.9,79.3,78.7,79.2,0.5,347,348
2020-08-05,6592,553773,43691174,79.1,79.1,78.6,79.0,-0.2,401,331
2020-08-06,6592,1505087,123657698,79.2,79.5,78.5,78.8,-0.2,460,229
2020-08-07,6592,945030,74215851,79.0,79.2,78.1,78.3,-0.5,604,278
2020-08-10,6592,940114,74487537,78.6,79.9,78.6,79.2,0.9,553,303
2020-08-11,6592,1037155,82286053,79.5,79.8,78.8,78.9,-0.3,514,289
2020-08-12,6592,1434600,112604340,79.1,79.9,78.1,78.3,-0.6,774,216
2020-08-13,6592,654000,51606299,78.6,79.4,78.6,79.0,0.7,452,318
2020-08-14,6592,860477,68324463,80.0,80.0,79.1,79.4,0.4,464,298
2020-08-17,6592,719178,57097299,79.4,79.7,79.1,79.6,0.2,391,346
2020-08-18,6592,746071,59097963,79.7,79.8,79.0,79.1,-0.5,409,334
2020-08-19,6592,975421,77243698,79.0,79.6,78.9,79.1,0.0,477,334
2020-08-20,6592,2606783,202408393,79.0,79.2,76.9,77.1,-2.0,1352,248
2020-08-21,6592,1095738,85351052,77.4,78.8,77.0,78.6,1.5,654,284
2020-08-24,6592,1075344,85057078,78.6,79.5,78.5,79.4,0.8,601,286
2020-08-25,6592,997743,79635815,79.5,80.3,79.4,79.7,0.3,644,278
2020-08-26,6592,2452684,198351588,80.1,82.0,80.1,81.9,2.2,1453,173
2020-08-27,6592,1878066,153522661,82.4,82.8,80.6,81.4,-0.5,1004,210
2020-08-28,6592,1059853,85827974,81.5,81.6,80.5,81.0,-0.4,527,273
2020-08-31,6592,1032000,83166800,81.0,81.0,80.0,80.8,-0.2,528,303
2020-09-01,6592,837087,66832860,80.5,80.6,79.5,79.6,-1.2,653,317
2020-09-02,6592,856100,68025558,80.0,80.1,79.0,79.3,-0.3,490,317
2020-09-03,6592,1505559,121312150,79.8,80.9,79.7,80.7,1.4,963,258
2020-09-04,6592,1360285,107932981,79.6,80.0,79.0,79.6,-1.1,850,268
2020-09-07,6592,1253430,99845707,79.3,80.2,79.0,79.6,0.0,617,301
2020-09-08,6592,724715,57988068,79.8,80.3,79.8,80.1,0.5,414,331
2020-09-09,6592,1026812,82055566,79.8,80.6,79.5,80.2,0.1,524,279
2020-09-10,6592,1352700,109290828,80.8,81.1,80.5,80.7,0.5,693,254
2020-09-11,6592,774762,61983802,80.7,80.9,79.5,79.8,-0.9,524,340
2020-09-14,6592,1221016,98054885,79.8,80.8,79.6,80.6,0.8,570,241
2020-09-15,6592,2324018,189386076,81.4,81.9,80.7,81.8,1.2,1255,162
2020-09-16,6592,2026654,166008628,81.8,82.2,81.7,81.8,0.0,888,179
2020-09-17,6592,2337583,193308989,82.0,83.0,82.0,83.0,1.2,1542,156
2020-09-18,6592,8248665,692859822,83.1,85.2,83.1,83.2,0.2,3358,66
2020-09-21,6592,3202563,266974930,84.1,84.3,81.8,82.6,-0.6,1573,120
2020-09-22,6592,2084851,168354673,82.2,82.2,80.1,80.4,-2.2,1334,182
2020-09-23,6592,1710631,137088167,80.9,81.0,79.5,79.8,-0.6,928,189
2020-09-24,6592,1688480,133372957,79.8,79.8,78.6,78.6,-1.2,1014,230
2020-09-25,6592,1612866,126748070,78.8,79.7,78.3,78.7,0.1,669,226
2020-09-28,6592,982463,77668007,79.0,79.6,78.6,78.9,0.2,310,219
2020-09-29,6592,2524234,204024668,79.9,81.8,79.4,81.7,2.8,1225,121
2020-09-30,6592,1724252,141076184,82.2,82.4,81.1,81.7,0.0,686,136
2020-10-05,6592,1365718,111750645,81.8,82.5,81.5,81.9,0.2,424,184
2020-10-06,6592,1801055,147999448,82.0,82.8,81.5,81.9,0.0,610,175
2020-10-07,6592,1100655,89909171,82.1,82.1,81.1,82.1,0.2,324,214
2020-10-08,6592,1528832,125326487,82.3,82.8,81.0,81.6,-0.5,551,184
2020-10-12,6592,3051838,251582348,82.1,83.2,81.6,82.3,0.7,1195,137
2020-10-13,6592,1403879,114873978,83.0,83.0,81.3,81.6,-0.7,584,198
2020-10-14,6592,1453196,119481887,81.3,82.8,81.3,82.1,0.5,500,214
2020-10-15,6592,1170661,96000569,82.5,82.5,81.4,82.0,-0.1,358,231
2020-10-16,6592,1333017,109328885,82.1,82.6,81.3,81.6,-0.4,476,219
2020-10-19,6592,1899890,155547688,82.3,82.4,81.4,81.9,0.3,370,158
2020-10-20,6592,1707880,139342730,81.9,82.1,81.0,81.3,-0.6,364,170
2020-10-21,6592,1548555,126637410,82.2,82.2,81.4,81.9,0.6,444,197
2020-10-22,6592,2173340,177815816,81.7,82.4,81.3,82.4,0.5,486,179
2020-10-23,6592,450721,36792022,82.3,82.3,81.5,81.6,-0.8,219,346
2020-10-26,6592,1875670,152514703,81.8,81.8,81.0,81.7,0.1,424,171
2020-10-27,6592,1494854,121336302,81.5,81.8,80.9,81.2,-0.5,306,192
2020-10-28,6592,1094114,88479187,81.5,81.5,80.5,80.6,-0.6,344,243
2020-10-29,6592,2027446,160207301,79.8,79.8,78.5,79.5,-1.1,921,160
2020-10-30,6592,1744027,137717211,79.0,79.8,78.5,78.7,-0.8,656,198
2020-11-02,6592,1541469,121341813,78.9,79.4,78.3,78.8,0.1,507,179
2020-11-03,6592,1724230,137002237,79.0,80.0,79.0,79.3,0.5,526,171
2020-11-04,6592,2273315,181415703,79.5,80.3,79.3,79.8,0.5,535,146
2020-11-05,6592,1340762,107679554,79.8,80.8,79.7,79.7,-0.1,358,204
2020-11-06,6592,1860377,148396124,80.2,80.4,79.2,79.6,-0.1,415,177
2020-11-09,6592,483288,38561131,80.1,80.3,79.5,79.7,0.1,294,372
2020-11-10,6592,556727,44580204,80.1,80.4,79.5,80.2,0.5,398,378
2020-11-11,6592,842489,68246732,80.5,81.6,80.4,81.4,1.2,689,329
2020-11-12,6592,1379480,111334236,81.3,81.3,80.4,80.8,-0.6,436,257
2020-11-13,6592,991960,79951043,80.4,81.0,80.4,80.5,-0.3,314,282
2020-11-16,6592,496320,39983033,80.9,80.9,80.4,80.6,0.1,319,397
2020-11-17,6592,2070234,166137378,81.1,81.2,79.9,80.2,-0.4,583,215
2020-11-18,6592,2705878,217965055,80.2,81.0,80.1,80.7,0.5,542,172
2020-11-19,6592,2080935,168103225,80.7,81.1,80.4,80.9,0.2,574,207
2020-11-20,6592,2070515,167631781,81.2,81.4,80.5,81.1,0.2,504,213
2020-11-23,6592,1805735,146446332,81.1,81.3,80.8,81.3,0.2,593,245
2020-11-24,6592,3582412,293694405,81.4,82.5,81.1,81.7,0.4,1353,144
2020-11-25,6592,3435968,280215052,82.3,82.8,80.5,80.9,-0.8,1119,165
2020-11-26,6592,2869611,235250238,81.3,82.5,81.0,82.4,1.5,979,169
2020-11-27,6592,2705787,224129511,83.0,83.5,82.3,83.0,0.6,782,191
2020-11-30,6592,2001689,165774264,83.8,83.9,82.2,82.4,-0.6,538,258
2020-12-01,6592,2194586,180966473,82.2,82.9,82.0,82.4,0.0,449,227
2020-12-02,6592,2064040,170378726,82.9,83.4,81.9,82.2,-0.2,656,248
2020-12-03,6592,1621711,133417369,82.6,82.6,82.0,82.2,0.0,397,271
2020-12-04,6592,2374339,196862279,83.0,83.5,82.2,82.7,0.5,719,223
2020-12-07,6592,2816904,233809228,83.4,83.7,82.5,82.5,-0.2,706,220
2020-12-08,6592,1308209,107238403,82.4,82.4,81.5,81.8,-0.7,549,309
2020-12-09,6592,1725208,140866673,81.8,82.0,81.4,81.7,-0.1,532,277
2020-12-10,6592,2077353,169021294,81.4,81.9,81.0,81.2,-0.5,543,257
2020-12-11,6592,1350647,109826340,81.7,81.8,80.9,81.0,-0.2,359,305
2020-12-14,6592,1469143,118307543,81.0,81.5,80.0,80.2,-0.8,629,257
2020-12-15,6592,3102357,248636075,80.3,80.9,79.3,79.4,-0.8,1047,176
2020-12-16,6592,2861702,230379512,80.2,80.9,80.1,80.5,1.1,675,172
2020-12-17,6592,2743907,220146043,80.4,81.1,79.6,80.0,-0.5,708,170
2020-12-18,6592,2470188,196778852,80.6,80.6,79.2,79.2,-0.8,558,199
2020-12-21,6592,1761895,140296736,79.7,80.2,79.3,80.1,0.9,492,267
2020-12-22,6592,2379509,190847209,80.6,80.6,79.5,79.5,-0.6,551,238
2020-12-23,6592,1899631,150657705,79.4,79.7,78.9,79.2,-0.3,548,225
2020-12-24,6592,1827561,145402761,79.2,79.8,79.1,79.4,0.2,304,230
2020-12-25,6592,2128550,169731102,79.6,80.3,79.4,80.2,0.8,399,196
2020-12-28,6592,2074370,165600161,80.3,80.3,79.5,80.0,-0.2,522,225
2020-12-29,6592,3103168,248564872,79.8,80.7,79.5,79.6,-0.4,775,173
2020-12-30,6592,2814808,225073218,79.6,80.4,79.5,80.3,0.7,562,178
2020-12-31,6592,2467650,199085050,80.8,81.5,80.1,80.6,0.3,603,193
2021-01-04,6592,3479757,278154115,80.6,81.0,79.5,80.0,-0.6,959,184
2021-01-05,6592,2045683,163415739,80.4,80.4,79.6,80.1,0.1,461,265
2021-01-06,6592,1901740,151583821,79.9,80.0,79.5,79.6,-0.5,662,306
2021-01-07,6592,4834265,388385985,79.6,81.0,79.5,80.9,1.3,1243,144
2021-01-08,6592,3945226,321453458,80.9,82.1,80.4,81.8,0.9,1231,176
2021-01-11,6592,3195037,262909643,82.0,82.7,81.9,82.4,0.6,982,188
2021-01-12,6592,3181318,261062632,82.8,82.8,81.4,81.5,-0.9,760,209
2021-01-13,6592,3781514,310123872,81.9,82.4,81.4,82.1,0.6,917,161
2021-01-14,6592,2070311,171078467,82.3,83.0,82.0,82.9,0.8,954,228
2021-01-15,6592,4090911,341246638,83.0,83.8,82.2,82.3,-0.6,1479,182
2021-01-18,6592,2184963,179220607,82.3,82.9,81.6,81.9,-0.4,582,225
2021-01-19,6592,2250331,185011456,81.7,82.8,81.7,82.2,0.3,440,213
2021-01-20,6592,2707845,220421178,81.8,82.0,80.3,80.4,-1.8,859,246
2021-01-21,6592,2803878,225461114,81.4,81.4,80.0,80.0,-0.4,587,198
2021-01-22,6592,2005069,160262420,80.5,80.5,79.6,80.0,0.0,522,225
2021-01-25,6592,1607857,128505560,80.0,80.6,79.6,79.8,-0.2,455,250
2021-01-26,6592,3011870,240257759,80.2,80.2,79.5,80.0,0.2,604,170
2021-01-27,6592,1990715,159554377,80.2,80.5,79.9,80.2,0.2,328,208
2021-01-28,6592,2705436,216484246,80.1,80.8,79.5,80.2,0.0,599,174
2021-01-29,6592,3728205,298172491,80.8,80.8,79.3,79.4,-0.8,844,153
2021-02-01,6592,1868372,147737430,79.0,79.5,78.9,79.2,-0.2,549,201
2021-02-02,6592,1931618,154086795,79.9,80.4,79.1,80.0,0.8,429,189
2021-02-03,6592,2729976,219036092,80.6,80.6,79.9,80.1,0.1,439,143
2021-02-04,6592,3825105,309655845,80.0,81.9,79.9,81.1,1.0,1010,104
2021-02-05,6592,1441553,117466579,81.1,81.7,80.9,81.3,0.2,490,207
2021-02-17,6592,2369957,193971127,81.5,82.2,81.5,82.1,0.8,750,222
2021-02-18,6592,1397289,114590158,82.0,82.2,81.6,82.1,0.0,514,297
2021-02-19,6592,1358929,110940941,81.9,82.2,81.1,81.9,-0.2,460,301
2021-02-22,6592,906630,74104986,82.0,82.1,81.5,81.8,-0.1,520,376
2021-02-23,6592,1683402,137926063,82.1,82.2,81.5,82.1,0.3,577,305
2021-02-24,6592,1207966,99000038,82.2,82.4,81.5,81.6,-0.5,529,336
2021-02-25,6592,1523716,124423791,82.0,82.1,81.3,81.5,-0.1,492,294
2021-02-26,6592,3599164,291329723,81.7,82.1,80.0,80.1,-1.4,1124,186
2021-03-02,6592,973391,78144621,80.4,80.8,80.1,80.1,0.0,421,365
2021-03-03,6592,1283474,103761471,80.3,81.2,80.3,80.9,0.8,361,289
2021-03-04,6592,1108365,89283991,80.7,81.1,80.1,80.5,-0.4,411,319
2021-03-05,6592,1129768,90727587,80.8,80.8,80.0,80.1,-0.4,354,297
2021-03-08,6592,1338572,107529438,80.2,80.7,80.0,80.2,0.1,406,292
2021-03-09,6592,1673315,136172899,80.6,81.8,80.6,81.2,1.0,560,255
2021-03-10,6592,2127414,173386127,81.6,81.9,81.0,81.5,0.3,499,207
2021-03-11,6592,3567203,292709893,82.1,82.5,81.1,81.9,0.4,935,170
2021-03-12,6592,1424437,116907834,82.6,82.6,81.6,81.9,0.0,346,268
2021-03-15,6592,2046212,167328078,82.4,82.6,81.5,81.8,-0.1,304,222
2021-03-16,6592,895573,73706904,82.0,82.5,82.0,82.4,0.6,524,370
2021-03-17,6592,2091258,172335382,82.4,82.8,81.9,82.5,0.1,652,249
2021-03-18,6592,2455518,204048564,82.8,83.7,82.5,82.7,0.2,778,235
2021-03-19,6592,4219491,351957262,83.0,84.0,82.8,83.6,0.9,1608,187
2021-03-22,6592,4091234,352449318,84.1,87.9,84.1,86.5,2.9,2468,155
2021-03-23,6592,3039084,261331017,86.5,86.9,85.3,86.1,-0.4,1370,207
2021-03-24,6592,2587394,223238113,86.1,86.8,85.6,86.1,0.0,888,196
2021-03-25,6592,4851449,420760654,86.7,87.9,85.7,85.7,-0.4,1603,137
2021-03-26,6592,2665465,229974529,86.1,87.0,85.8,87.0,1.3,900,190
2021-03-29,6592,4140888,363202563,87.7,88.5,86.9,87.7,0.7,1260,156
2021-03-30,6592,2637598,232631967,88.6,88.7,87.8,88.4,0.7,1055,219
2021-03-31,6592,2841103,249211716,88.5,88.6,87.0,87.6,-0.8,959,210
2021-04-01,6592,2720522,238166838,88.6,88.6,86.6,86.8,-0.8,1013,214
2021-04-06,6592,2034834,177356723,87.3,87.7,86.8,87.3,0.5,770,291
2021-04-07,6592,1871417,163979169,87.6,88.0,87.1,88.0,0.7,589,303
2021-04-08,6592,1523596,133963316,88.0,88.1,87.7,88.0,0.0,495,372
2021-04-09,6592,2418031,213790499,88.8,88.8,88.0,88.5,0.5,952,291
2021-04-12,6592,3632078,326638322,88.7,91.1,88.7,90.8,2.3,2135,234
2021-04-13,6592,3288372,295866315,91.1,91.5,89.1,89.2,-1.6,1877,245
2021-04-14,6592,4529092,398104180,89.9,89.9,86.4,87.3,-1.9,1674,194
2021-04-15,6592,3890456,337505603,88.1,88.1,85.8,86.4,-0.9,1538,176
2021-04-16,6592,2927679,255738393,86.4,88.6,86.3,88.6,2.2,999,233
2021-04-19,6592,1972403,175083665,89.1,89.3,88.1,88.5,-0.1,882,339
2021-04-20,6592,1796487,159505139,88.5,89.4,88.0,88.6,0.1,660,331
2021-04-21,6592,1195671,105047497,88.5,88.5,87.5,87.7,-0.9,749,397
2021-04-22,6592,3754600,326018411,88.1,88.1,85.2,85.8,-1.9,1557,285
2021-04-23,6592,1564769,133520950,85.5,86.2,84.9,85.4,-0.4,839,334
2021-04-26,6592,1430779,122205130,85.7,86.2,84.9,85.2,-0.2,608,357
2021-04-27,6592,1084775,92520607,85.3,85.7,85.0,85.4,0.2,493,411
2021-04-28,6592,1407393,119469508,85.3,85.5,84.5,84.6,-0.8,903,376
2021-04-29,6592,1548393,131550889,84.9,85.7,84.1,85.4,0.8,610,365
2021-05-03,6592,3201064,268140850,85.2,85.5,82.5,83.3,-2.1,1312,264
2021-05-04,6592,3110605,257283138,84.0,84.2,81.8,82.2,-1.1,1164,292
2021-05-05,6592,1521143,125417482,82.0,83.2,81.6,83.0,0.8,734,308
2021-05-06,6592,1654171,136912818,82.2,83.5,82.2,82.9,-0.1,483,310
2021-05-07,6592,871932,73068287,83.7,84.2,83.3,83.8,0.9,475,390
2021-05-10,6592,1268527,107869325,84.3,85.8,84.3,85.0,1.2,529,360
2021-05-11,6592,1339801,112317230,84.7,85.0,82.5,83.5,-1.5,758,422
2021-05-12,6592,3609824,290677639,83.2,83.2,79.1,80.4,-3.1,2061,298
2021-05-13,6592,1669436,132754389,79.2,80.4,78.6,79.5,-0.9,975,356
2021-05-14,6592,1775277,142039981,80.9,81.0,79.3,79.4,-0.1,858,311
2021-05-17,6592,3058020,237221056,78.0,78.4,76.7,77.3,-2.1,1511,243
2021-05-18,6592,1886560,150658887,77.8,81.0,77.8,80.8,3.5,1182,282
2021-05-19,6592,1095808,88105970,80.8,81.1,79.9,80.8,0.0,564,328
2021-05-20,6592,633649,50808022,80.7,80.7,79.6,80.1,-0.7,381,382
2021-05-21,6592,1239743,99633437,80.1,81.0,79.8,80.3,0.2,628,286
2021-05-24,6592,891763,71320374,79.7,80.7,79.5,80.2,-0.1,500,330
2021-05-25,6592,1286958,105045596,80.8,82.1,80.8,81.6,1.4,593,319
2021-05-26,6592,1325289,108725361,81.6,82.6,81.5,82.2,0.6,465,276
2021-05-27,6592,2269676,184633992,82.0,82.2,80.7,81.2,-1.0,540,232
2021-05-28,6592,1586989,130578041,81.3,82.9,81.3,82.3,1.1,481,279
2021-05-31,6592,2715775,225814821,82.5,84.0,82.5,83.2,0.9,908,219
2021-06-01,6592,768105,64612990,83.5,84.5,83.5,84.2,1.0,461,365
2021-06-02,6592,1784374,150888565,84.2,85.1,83.8,84.2,0.0,711,271
2021-06-03,6592,644920,54523251,83.7,85.0,83.7,84.3,0.1,288,376
2021-06-04,6592,1393413,115705702,84.7,84.7,82.0,82.0,-2.3,697,276
2021-06-07,6592,1199824,97889652,82.3,82.3,81.1,81.4,-0.6,553,321
2021-06-08,6592,1011074,82947749,81.9,82.8,81.3,82.0,0.6,518,283
2021-06-09,6592,1334065,110641693,82.3,83.4,82.2,82.7,0.7,636,267
2021-06-10,6592,873297,72629428,82.7,83.7,82.3,83.6,0.9,431,331
2021-06-11,6592,774933,64754066,83.8,83.9,83.2,83.4,-0.2,383,335
2021-06-15,6592,2283469,193066296,83.5,85.0,83.5,84.8,1.4,780,217
2021-06-16,6592,1054420,89123180,85.0,85.0,84.0,84.8,0.0,465,324
2021-06-17,6592,1423626,121236067,85.0,85.8,84.6,85.0,0.2,541,261
2021-06-18,6592,840987,71334543,85.0,85.1,84.5,84.9,-0.1,505,364
2021-06-21,6592,1883808,158334776,84.8,84.8,83.5,83.8,-1.1,589,271
2021-06-22,6592,2090361,177605779,84.4,85.4,83.9,84.7,0.9,780,254
2021-06-23,6592,3062608,264689139,85.0,87.3,85.0,87.2,2.5,1662,228
2021-06-24,6592,2546654,223329722,87.2,88.2,86.8,88.0,0.8,1102,229
2021-06-25,6592,897114,78766806,88.0,88.5,87.3,87.4,-0.6,619,358
2021-06-28,6592,844323,73654369,87.4,87.6,86.8,87.4,0.0,408,365
2021-06-29,6592,3216562,284045606,87.4,89.1,87.4,87.4,0.0,960,210
2021-06-30,6592,2140300,185787156,87.6,87.6,86.4,86.7,-0.7,690,257
2021-07-01,6592,2812297,246644425,87.1,88.6,86.7,87.3,0.6,792,249
2021-07-02,6592,1517510,132860753,87.5,88.3,86.9,87.8,0.5,514,294
2021-07-05,6592,1926708,170186684,88.0,88.8,87.8,88.5,0.7,605,292
2021-07-06,6592,1548434,137417880,88.6,89.3,88.4,88.6,0.1,713,289
2021-07-07,6592,2620573,234187666,88.6,90.0,88.5,89.5,0.9,1246,231
2021-07-08,6592,1866322,168577315,90.0,90.9,89.6,90.1,0.6,1228,271
2021-07-09,6592,2028248,181120671,89.9,90.3,88.6,88.9,-1.2,939,263
2021-07-12,6592,1903632,171048290,89.5,90.5,89.0,89.2,0.3,718,291
2021-07-13,6592,2105727,185320150,88.9,88.9,87.4,87.4,-1.8,1289,316
2021-07-14,6592,688830,60179680,87.5,88.0,87.1,87.2,-0.2,490,414
2021-07-15,6592,798413,69781752,87.2,88.0,86.9,87.3,0.1,411,375
2021-07-16,6592,935394,82728953,87.3,89.0,87.1,88.9,1.6,473,360
2021-07-19,6592,657791,58014773,89.0,89.1,87.6,88.0,-0.9,435,421
2021-07-20,6592,818831,71362253,87.6,87.9,86.7,86.8,-1.2,589,392
2021-07-21,6592,507485,44012704,87.6,87.6,86.0,86.7,-0.1,426,465
2021-07-22,6592,961923,83965659,87.5,88.2,86.5,86.9,0.2,487,347
2021-07-23,6592,446778,39218922,87.5,88.1,87.3,87.7,0.8,320,460
2021-07-26,6592,681731,59889634,88.0,88.5,87.3,87.5,-0.2,429,406
2021-07-27,6592,555919,48479646,87.7,87.9,86.8,86.8,-0.7,354,428
2021-07-28,6592,811267,69731402,86.7,87.0,85.2,85.9,-0.9,610,396
2021-07-29,6592,673446,58054249,86.5,87.2,85.5,86.0,0.1,376,365
2021-07-30,6592,932915,79821326,86.5,86.5,85.0,86.0,0.0,543,343
2021-08-02,6592,673221,58852453,86.1,88.0,86.1,87.8,1.8,479,354
2021-08-03,6592,559407,49011583,87.8,88.1,87.1,87.6,-0.2,377,361
2021-08-04,6592,646949,56871946,87.8,88.2,87.6,87.7,0.1,402,353
2021-08-05,6592,831188,72637644,87.7,87.9,87.0,87.5,-0.2,492,342
2021-08-06,6592,1451886,125961708,87.0,87.1,86.2,86.8,-0.7,944,279
2021-08-09,6592,1107271,92394224,83.9,84.0,83.1,83.4,0.0,936,321
2021-08-10,6592,2073184,170426524,83.4,83.4,81.9,82.0,-1.4,1436,231
2021-08-11,6592,1153060,94463430,82.3,82.4,81.5,81.8,-0.2,927,330
2021-08-12,6592,587858,48456585,82.1,83.2,82.0,82.1,0.3,444,356
2021-08-13,6592,367035,30209407,82.1,82.6,81.9,82.2,0.1,367,457
2021-08-16,6592,624584,51154355,82.2,82.9,81.5,81.8,-0.4,483,408
2021-08-17,6592,1155198,94745590,82.0,82.7,81.5,81.7,-0.1,521,287
2021-08-18,6592,878174,71829693,81.7,82.4,81.4,82.4,0.7,481,355
2021-08-19,6592,1484985,121165717,82.4,82.4,81.3,81.3,-1.1,723,256
2021-08-20,6592,1035287,83869464,81.5,81.6,80.7,81.0,-0.3,551,274
2021-08-23,6592,350393,28750981,81.2,82.5,81.2,82.5,1.5,273,418
2021-08-24,6592,562335,46683059,82.8,83.5,82.6,83.3,0.8,382,338
2021-08-25,6592,638539,53568038,83.4,84.6,83.4,84.4,1.1,477,345
2021-08-26,6592,770667,64927055,85.0,85.1,83.5,84.4,0.0,505,314
2021-08-27,6592,1506317,128482382,84.5,86.2,84.3,85.1,0.7,1024,224
2021-08-30,6592,658691,55864370,85.5,85.8,84.3,84.4,-0.7,533,303
2021-08-31,6592,528740,44876866,84.5,85.6,84.2,85.6,1.2,415,349
2021-09-01,6592,842221,72315976,85.6,86.3,85.5,85.8,0.2,555,314
2021-09-02,6592,794425,67754676,85.6,86.3,84.5,84.6,-1.2,575,307
2021-09-03,6592,479446,40959755,85.4,86.0,84.9,85.3,0.7,420,363
2021-09-06,6592,500971,42744720,85.3,86.0,84.9,84.9,-0.4,331,379
2021-09-07,6592,242271,20498609,85.0,85.0,84.4,84.6,-0.3,218,446
2021-09-08,6592,625419,52584330,84.7,84.8,83.6,83.7,-0.9,451,350
2021-09-09,6592,198055,16708315,84.4,84.6,84.0,84.4,0.7,194,434
2021-09-10,6592,1024482,87123377,84.5,85.7,84.4,85.0,0.6,448,249
2021-09-13,6592,1535264,132642610,85.1,86.9,85.1,86.4,1.4,936,214
2021-09-14,6592,829062,72053266,86.4,87.1,86.3,87.0,0.6,665,287
2021-09-15,6592,611332,53047179,86.9,87.3,86.3,87.3,0.3,420,323
2021-09-16,6592,2471137,218955370,87.3,89.4,87.0,88.8,1.5,1621,165
2021-09-17,6592,1234729,109156129,89.0,89.5,87.8,88.2,-0.6,1255,252
2021-09-22,6592,1149569,99891285,86.7,87.6,86.3,86.7,-1.5,837,260
2021-09-23,6592,823477,72587343,86.9,88.8,86.9,88.6,1.9,582,270
2021-09-24,6592,691971,61292871,89.1,89.4,88.1,88.1,-0.5,545,289
2021-09-27,6592,614286,53932425,88.1,88.5,87.3,87.3,-0.8,423,325
2021-09-28,6592,256300,22371708,87.3,87.6,86.9,87.5,0.2,223,429
2021-09-29,6592,861004,74812741,87.3,87.4,86.5,86.7,-0.8,688,314
2021-09-30,6592,446783,38957798,86.8,87.6,86.7,87.1,0.4,269,373
2021-10-01,6592,787850,67858314,87.1,87.2,85.6,85.7,-1.4,669,347
2021-10-04,6592,572034,49125199,85.8,86.7,85.5,85.7,0.0,415,374
2021-10-05,6592,338114,28934692,85.6,86.2,85.0,85.9,0.2,299,417
2021-10-06,6592,342807,29634702,86.7,87.1,86.0,86.4,0.5,336,387
2021-10-07,6592,397464,34654811,87.0,87.5,86.8,87.4,1.0,319,381
2021-10-08,6592,231781,20232614,87.6,87.7,87.0,87.2,-0.2,251,420
2021-10-12,6592,451321,39276932,88.0,88.0,86.4,86.8,-0.4,327,351
2021-10-13,6592,413546,36086431,87.5,87.5,86.9,87.5,0.7,325,358
2021-10-14,6592,232247,20359787,87.5,87.9,87.4,87.8,0.3,241,412
2021-10-15,6592,752460,66517822,88.0,88.7,87.8,88.5,0.7,556,278
2021-10-18,6592,1834920,164686039,89.0,90.1,88.9,89.8,1.3,1352,194
2021-10-19,6592,1061954,95369261,90.0,90.2,89.2,89.5,-0.3,813,259
2021-10-20,6592,553158,49276239,89.7,89.7,88.8,89.1,-0.4,466,327
2021-10-21,6592,327121,29175354,89.4,89.4,89.0,89.2,0.1,262,487
2021-10-22,6592,1075386,95074817,89.3,89.8,87.8,87.9,-1.3,819,266
2021-10-25,6592,803148,70384149,87.9,88.1,87.3,87.4,-0.5,492,283
2021-10-26,6592,461342,40717607,87.6,88.8,87.6,88.4,1.0,352,394
2021-10-27,6592,422092,37186050,88.4,88.8,87.5,88.4,0.0,350,369
2021-10-28,6592,228069,20176369,88.2,88.7,88.0,88.6,0.2,208,451
2021-10-29,6592,346783,30605310,88.4,88.6,87.7,88.3,-0.3,230,411
2021-11-01,6592,461853,41012386,88.7,89.3,88.3,88.9,0.6,319,398
2021-11-02,6592,429930,38256363,89.5,89.5,88.8,89.0,0.1,346,418
2021-11-03,6592,823929,73923555,89.3,90.0,89.1,89.9,0.9,635,309
2021-11-04,6592,722654,65004363,90.1,90.1,89.7,89.9,0.0,559,323
2021-11-05,6592,459079,41256923,89.9,90.1,89.6,90.0,0.1,526,367
2021-11-08,6592,2415984,220005828,90.0,92.0,90.0,91.6,1.6,2157,193
2021-11-09,6592,1351413,124778572,92.0,93.4,91.4,92.0,0.4,1285,268
2021-11-10,6592,498266,45579834,92.0,92.3,91.0,91.7,-0.3,575,397
2021-11-11,6592,801562,72736486,91.2,91.4,90.4,90.7,-1.0,651,340
2021-11-12,6592,521583,47361775,90.7,91.3,90.4,91.3,0.6,475,386
2021-11-15,6592,601893,54902324,91.3,92.2,90.7,90.7,-0.6,754,384
2021-11-16,6592,416329,37963412,91.3,91.7,90.5,91.3,0.6,415,423
2021-11-17,6592,379334,34738448,92.0,92.0,91.1,92.0,0.7,311,437
2021-11-18,6592,560435,51659850,92.1,92.8,91.6,92.6,0.6,465,372
2021-11-19,6592,555450,51145736,92.6,92.8,91.5,91.5,-1.1,409,383
2021-11-22,6592,390467,35591806,91.1,91.6,90.8,91.4,-0.1,282,419
2021-11-23,6592,278236,25294598,91.5,91.5,90.7,90.9,-0.5,257,466
2021-11-24,6592,396876,36001664,90.9,91.2,90.4,91.0,0.1,280,405
2021-11-25,6592,576804,52899434,91.1,92.4,90.7,92.0,1.0,451,357
2021-11-26,6592,644449,58966286,92.3,92.3,91.2,91.5,-0.5,589,373
2021-11-29,6592,541027,49026320,90.0,91.1,89.9,91.0,-0.5,425,384
2021-11-30,6592,467617,42436970,91.0,91.1,90.2,90.3,-0.7,360,423
2021-12-01,6592,317264,28752799,90.3,91.3,89.6,91.0,0.7,530,420
2021-12-02,6592,287554,26141348,91.0,91.2,90.5,90.9,-0.1,461,447
2021-12-03,6592,249780,22799603,90.9,91.8,90.9,91.0,0.1,393,430
2021-12-06,6592,411750,37790138,91.6,92.2,91.0,91.8,0.8,473,372
2021-12-07,6592,279843,25625689,91.8,91.8,91.2,91.8,0.0,330,442
2021-12-08,6592,382450,35022257,92.2,92.2,91.3,91.6,-0.2,302,422
2021-12-09,6592,572312,52793373,92.2,92.7,91.9,92.1,0.5,512,364
2021-12-10,6592,287486,26433278,91.7,92.2,91.7,92.1,0.0,267,439
2021-12-13,6592,515687,47454518,92.1,92.4,91.7,91.8,-0.3,368,384
2021-12-14,6592,237174,21695799,91.7,91.7,91.2,91.4,-0.4,245,507
2021-12-15,6592,373744,34051021,91.1,91.4,90.9,91.0,-0.4,518,377
2021-12-16,6592,453288,41096278,91.1,91.5,90.4,90.9,-0.1,410,385
2021-12-17,6592,1351369,122971740,90.9,91.6,90.1,91.6,0.7,544,280
2021-12-20,6592,385000,34852792,91.1,91.1,90.3,90.4,-1.2,394,400
2021-12-21,6592,245378,22207116,91.0,91.0,90.3,90.6,0.2,237,432
2021-12-22,6592,192403,17436331,90.8,90.8,90.5,90.7,0.1,172,457
2021-12-23,6592,229866,20877031,90.7,91.0,90.6,90.8,0.1,218,455
2021-12-24,6592,250150,22737825,91.0,91.2,90.7,91.1,0.3,207,447
2021-12-27,6592,309529,28180155,91.0,91.2,90.8,91.1,0.0,227,449
2021-12-28,6592,839235,77195474,91.1,92.7,91.1,92.1,1.0,653,315
2021-12-29,6592,456469,42140124,92.5,92.6,92.1,92.4,0.3,395,397
2021-12-30,6592,298325,27541607,92.3,92.5,92.2,92.2,-0.2,285,442
2022-01-03,6592,1385587,128596403,92.2,93.4,92.0,93.4,1.2,848,263
2022-01-04,6592,3416585,330077522,93.4,98.7,93.4,97.2,3.8,2467,148
2022-01-05,6592,5744874,581234752,98.0,104.5,97.3,102.5,5.3,4280,112
2022-01-06,6592,4823926,499794295,103.5,106.5,100.5,104.5,2.0,3926,113
2022-01-07,6592,1811346,185632829,104.0,104.0,100.5,101.5,-3.0,1368,247
2022-01-10,6592,1213813,124526497,101.5,104.0,101.5,103.5,2.0,912,249
2022-01-11,6592,2870855,300247453,102.0,107.0,102.0,105.0,1.5,1831,170
2022-01-12,6592,2403123,256078705,105.5,108.0,104.0,108.0,3.0,1659,173
2022-01-13,6592,4545987,506366028,107.5,114.0,107.5,112.0,4.0,3186,112
2022-01-14,6592,4151941,452088531,111.5,113.5,106.5,108.0,-4.0,3503,114
2022-01-17,6592,2037705,216756004,108.0,109.0,105.5,105.5,-2.5,1539,169
2022-01-18,6592,1014667,108057566,105.5,108.0,105.5,106.0,0.5,772,248
2022-01-19,6592,1645476,171483990,105.5,106.5,103.0,104.0,-2.0,1485,200
2022-01-20,6592,894015,93298175,104.0,105.5,102.5,105.0,1.0,623,242
2022-01-21,6592,946493,99716842,104.0,106.5,103.5,105.0,0.0,737,276
2022-01-24,6592,1299030,134556080,104.0,106.0,102.0,104.5,-0.5,1296,223
2022-01-25,6592,1845435,195919636,104.5,109.0,104.5,105.0,0.5,1680,193
2022-01-26,6592,990374,105272052,105.0,107.0,105.0,106.0,1.0,730,229
2022-02-07,6592,2280212,251014387,107.0,111.5,107.0,111.5,5.5,1599,163
2022-02-08,6592,1287759,142109247,111.5,112.0,109.0,110.5,-1.0,1366,220
2022-02-09,6592,880737,97781348,111.0,112.0,109.5,112.0,1.5,762,274
2022-02-10,6592,1282126,144051456,112.5,114.0,111.0,111.5,-0.5,998,226
2022-02-11,6592,1088869,119884821,111.0,111.5,108.5,110.0,-1.5,1102,220
2022-02-14,6592,1072423,116971898,108.5,110.5,108.0,110.0,0.0,790,232
2022-02-15,6592,3334763,385120267,111.5,118.5,111.5,115.5,5.5,2385,94
2022-02-16,6592,1818151,211644717,118.0,118.5,115.0,115.5,0.0,1866,160
2022-02-17,6592,814538,94124398,115.5,116.5,115.0,116.0,0.5,781,281
2022-02-18,6592,783364,91621226,115.5,118.0,115.0,117.5,1.5,705,259
2022-02-21,6592,2236735,267916763,117.0,121.5,116.0,120.5,3.0,1735,152
2022-02-22,6592,2215500,261433782,119.5,119.5,116.5,117.5,-3.0,1888,170
2022-02-23,6592,3572734,441269325,117.5,127.5,117.5,127.0,9.5,2586,96
2022-02-24,6592,5782758,724473347,125.0,129.5,120.0,123.0,-4.0,4407,92
2022-02-25,6592,2271326,279064227,124.5,126.0,120.5,123.5,0.5,1691,170
2022-03-01,6592,1329872,164723358,123.0,125.0,122.5,123.5,0.0,990,219
2022-03-02,6592,1382732,168154241,123.0,123.0,121.0,121.0,-2.5,1313,209
2022-03-03,6592,649505,79107371,121.0,123.0,121.0,122.5,1.5,620,280
2022-03-04,6592,2609957,309828653,121.5,122.0,117.0,117.5,-5.0,2511,140
2022-03-07,6592,2807690,318090379,114.0,115.5,110.0,113.5,-4.0,2343,168
2022-03-08,6592,2091956,235054697,112.0,115.5,110.5,111.0,-2.5,1791,204
2022-03-09,6592,2009839,224351602,112.5,113.5,110.0,110.0,-1.0,1661,172
2022-03-10,6592,1073804,121745847,113.0,114.5,112.0,113.5,3.5,977,241
2022-03-11,6592,1045256,117778392,113.0,114.5,111.0,112.0,-1.5,1013,214
2022-03-14,6592,1225748,138464968,112.5,115.0,111.0,114.5,2.5,1077,212
2022-03-15,6592,865948,96976644,114.0,114.0,111.0,111.0,-3.5,986,263
2022-03-16,6592,656543,73464562,111.5,113.5,111.0,112.0,1.0,531,294
2022-03-17,6592,999586,114902809,113.0,116.5,113.0,115.5,3.5,812,259
2022-03-18,6592,1579879,182097677,113.5,116.5,113.5,115.5,0.0,614,226
2022-03-21,6592,1245142,146376803,115.5,120.0,114.5,118.0,2.5,1074,223
2022-03-22,6592,1234765,144353394,118.0,118.5,115.5,117.0,-1.0,956,213
2022-03-23,6592,1773360,211721840,118.0,120.5,118.0,120.0,3.0,1234,194
2022-03-24,6592,1374539,166286186,119.5,122.5,118.5,121.5,1.5,1005,216
2022-03-25,6592,903412,108526021,121.5,121.5,119.0,120.0,-1.5,809,272
2022-03-28,6592,1092074,128143545,118.5,118.5,116.0,118.0,-2.0,919,237
2022-03-29,6592,514527,60752604,118.0,119.5,117.0,118.0,0.0,485,306
2022-03-30,6592,727652,86746681,119.5,120.0,118.5,119.5,1.5,656,288
2022-03-31,6592,819012,98034429,120.0,121.0,118.5,118.5,-1.0,556,256
2022-04-01,6592,346050,40856868,119.0,119.0,117.0,118.0,-0.5,311,346
2022-04-06,6592,413513,49279578,117.0,120.0,117.0,120.0,2.0,380,343
2022-04-07,6592,1061515,125852161,120.0,120.0,117.5,117.5,-2.5,867,281
2022-04-08,6592,3580715,405260278,116.5,117.0,111.0,113.5,-4.0,3431,116
2022-04-11,6592,1703808,195565968,114.0,116.5,113.0,114.0,0.5,1425,217
2022-04-12,6592,1068204,119933755,114.0,114.0,111.5,112.5,-1.5,990,244
2022-04-13,6592,805872,91076432,113.5,114.0,112.0,114.0,1.5,704,263
2022-04-14,6592,430220,48747786,114.0,114.0,112.5,113.5,-0.5,439,347
2022-04-15,6592,575707,64597340,113.5,113.5,111.5,112.0,-1.5,598,327
2022-04-18,6592,1028977,114210850,111.5,112.0,110.5,111.0,-1.0,779,241
2022-04-19,6592,757415,85723634,112.0,114.5,112.0,114.0,3.0,550,262
2022-04-20,6592,458262,51884282,114.0,114.5,112.5,113.0,-1.0,618,337
2022-04-21,6592,380600,43110013,113.5,114.0,113.0,113.5,0.5,332,362
2022-04-22,6592,441255,49910028,113.5,114.0,112.0,114.0,0.5,610,348
2022-04-25,6592,861353,96036805,113.5,113.5,111.0,111.5,-2.5,759,301
2022-04-26,6592,637344,71758166,111.5,113.0,111.5,113.0,1.5,441,288
2022-04-27,6592,2348412,254751713,111.0,111.0,106.5,107.0,-6.0,2105,171
2022-04-28,6592,1166441,124439414,107.0,108.0,106.0,106.5,-0.5,962,219
2022-04-29,6592,1156963,127354350,107.5,112.0,107.0,111.5,5.0,884,204
2022-05-03,6592,649702,70668758,111.0,111.0,108.0,108.5,-3.0,628,241
2022-05-04,6592,510680,55753011,109.0,110.0,108.5,109.0,0.5,396,273
2022-05-05,6592,499004,54441366,111.0,111.0,108.0,109.0,0.0,588,304
2022-05-06,6592,881272,94100446,106.0,107.5,105.5,107.5,-1.5,837,239
2022-05-09,6592,1834375,188286316,106.0,106.0,101.0,101.5,-6.0,1799,183
2022-05-10,6592,746500,75419968,100.0,102.5,99.2,102.5,1.0,681,275
2022-05-11,6592,1356103,135924380,100.5,102.0,99.8,99.8,-2.7,1115,204
2022-05-12,6592,1928826,187533098,99.7,99.7,95.9,96.0,-3.8,2096,175
2022-05-13,6592,1004166,98590843,96.1,99.5,96.1,98.9,2.9,851,228
2022-05-16,6592,549990,54854721,100.0,101.5,98.9,99.4,0.5,817,295
2022-05-17,6592,398524,40085822,99.6,101.5,99.6,100.5,1.1,423,317
2022-05-18,6592,593552,60540629,101.5,103.0,101.0,102.0,1.5,512,280
2022-05-19,6592,614240,61869601,99.9,102.0,99.8,101.5,-0.5,450,273
2022-05-20,6592,336039,34227752,100.5,102.5,100.5,102.0,0.5,327,334
2022-05-23,6592,238107,24330048,103.0,103.0,101.5,102.5,0.5,235,380
2022-05-24,6592,264896,26983174,102.5,103.5,101.0,101.5,-1.0,289,377
2022-05-25,6592,491602,50751387,101.5,105.5,101.5,104.0,2.5,387,284
2022-05-26,6592,403513,41200513,104.0,104.0,101.0,101.5,-2.5,452,308
2022-05-27,6592,312486,32214371,103.0,104.0,102.0,103.0,1.5,283,337
2022-05-30,6592,408532,42590785,103.5,105.0,103.5,104.5,1.5,371,326
2022-05-31,6592,516319,53516542,104.5,105.0,103.0,103.0,-1.5,311,295
2022-06-01,6592,402604,42037630,104.0,105.5,103.5,104.0,1.0,332,340
2022-06-02,6592,285865,29421530,103.5,103.5,102.5,103.0,-1.0,305,348
2022-06-06,6592,245457,25162116,103.5,103.5,102.0,102.5,-0.5,301,381
2022-06-07,6592,778403,79487561,102.5,102.5,101.5,102.5,0.0,481,238
2022-06-08,6592,575053,59051879,103.0,103.0,102.0,103.0,0.5,492,285
2022-06-09,6592,443718,45353204,103.0,103.0,102.0,102.0,-1.0,416,300
2022-06-10,6592,537827,54894406,101.5,102.5,101.0,102.5,0.5,433,286
2022-06-13,6592,1159505,115900208,100.5,101.0,99.3,100.0,-2.5,1064,224
2022-06-14,6592,526053,52517540,99.9,100.5,99.2,100.5,0.5,535,311
2022-06-15,6592,515347,52329907,101.0,102.5,100.5,101.0,0.5,478,305
2022-06-16,6592,419854,42738108,102.0,103.5,100.5,100.5,-0.5,385,359
2022-06-17,6592,1872470,188881431,99.1,101.0,99.1,101.0,0.5,312,196
2022-06-20,6592,572867,57097229,102.0,102.0,99.0,99.1,-1.9,588,349
2022-06-21,6592,490556,50090657,100.5,103.5,100.0,103.0,3.9,447,317
2022-06-22,6592,405244,41144519,103.5,104.0,100.0,101.5,-1.5,397,343
2022-06-23,6592,401253,40899084,103.0,103.0,100.5,102.0,0.5,526,343
2022-06-24,6592,505409,52205941,102.5,104.0,102.0,103.5,1.5,463,309
2022-06-27,6592,353893,36829744,104.5,105.0,103.0,103.5,0.0,334,354
2022-06-28,6592,177935,18337467,103.5,104.0,102.5,102.5,-1.0,220,392
2022-06-29,6592,308815,31400652,101.5,102.5,101.5,101.5,-1.0,273,332
2022-06-30,6592,512468,51380822,101.5,101.5,99.9,100.5,-1.0,475,334
2022-07-01,6592,1163226,114860341,100.0,100.5,97.4,97.4,-3.1,1132,248
2022-07-04,6592,777608,75928499,97.5,98.8,97.1,98.0,0.6,648,251
2022-07-05,6592,641019,63845063,100.0,101.0,98.3,99.1,1.1,472,269
2022-07-06,6592,874203,85241793,99.2,100.0,96.8,97.0,-2.1,805,247
2022-07-07,6592,538957,52299990,97.5,98.1,96.5,97.1,0.1,461,296
2022-07-08,6592,1042311,103291031,97.8,101.0,96.9,99.7,2.6,814,235
2022-07-11,6592,1239483,125726969,101.0,103.0,99.9,102.0,2.3,868,189
2022-07-12,6592,757295,73967963,98.0,98.4,97.1,97.4,0.0,722,267
2022-07-13,6592,830058,81119641,99.2,99.2,97.2,97.7,0.3,751,250
2022-07-14,6592,335903,32813150,98.0,98.2,97.1,98.1,0.4,295,333
2022-07-15,6592,372835,36341937,98.0,98.1,96.9,98.0,-0.1,437,340
2022-07-18,6592,381028,37263096,97.9,98.3,97.5,97.7,-0.3,385,350
2022-07-19,6592,264722,25854050,97.7,98.0,97.0,97.9,0.2,272,386
2022-07-20,6592,718694,70830713,98.4,100.0,97.4,97.6,-0.3,668,293
2022-07-21,6592,351615,34353657,97.7,98.6,97.3,98.5,0.9,297,354
2022-07-22,6592,375219,36923785,98.7,98.8,97.9,98.5,0.0,353,351
2022-07-25,6592,284143,27864568,98.3,98.5,97.7,98.1,-0.4,286,337
2022-07-26,6592,916365,91706993,97.9,102.0,97.9,100.0,1.9,744,230
2022-07-27,6592,266250,26680741,100.0,101.0,99.6,101.0,1.0,278,345
2022-07-28,6592,834467,85721972,101.5,104.0,100.5,104.0,3.0,767,230
2022-07-29,6592,620094,64373646,104.0,105.0,102.0,103.0,-1.0,595,268
2022-08-01,6592,239332,24612616,103.0,103.5,102.0,103.0,0.0,298,386
2022-08-02,6592,299879,30641479,102.0,102.5,101.5,102.5,-0.5,315,383
2022-08-03,6592,409804,41509188,102.0,102.5,100.5,101.5,-1.0,370,324
2022-08-04,6592,277307,28195797,101.5,102.5,101.0,102.0,0.5,225,393
2022-08-05,6592,546208,56888986,103.0,105.0,103.0,104.5,2.5,555,276
2022-08-08,6592,380486,39458154,104.0,104.5,103.0,104.0,-0.5,365,321
2022-08-09,6592,1331867,143591178,104.0,109.5,104.0,108.5,4.5,1144,186
2022-08-10,6592,939966,100553527,108.0,108.5,105.5,105.5,-3.0,844,225
2022-08-11,6592,498481,53486942,108.0,108.0,106.0,107.5,2.0,502,326
2022-08-12,6592,458588,49178327,107.0,109.0,106.0,107.0,-0.5,402,333
2022-08-15,6592,750880,80652235,107.0,108.5,106.5,108.0,1.0,581,274
2022-08-16,6592,315803,33885743,107.5,108.0,106.5,107.5,-0.5,324,375
2022-08-17,6592,526119,56063175,107.5,107.5,106.0,106.5,-1.0,497,315
2022-08-18,6592,413887,44432761,106.5,108.5,106.0,108.5,2.0,351,340
2022-08-19,6592,391834,42047469,107.5,108.5,106.5,106.5,-2.0,386,362
2022-08-22,6592,357654,37825343,105.5,106.0,105.5,105.5,-1.0,360,367
2022-08-23,6592,465716,48873620,105.0,105.5,104.5,105.0,-0.5,399,304
2022-08-24,6592,717457,74621077,105.5,106.0,103.0,104.0,-1.0,660,267
2022-08-25,6592,410872,43035129,104.5,106.0,103.5,105.0,1.0,447,341
2022-08-26,6592,307685,32720128,106.0,107.0,105.5,106.0,1.0,315,398
2022-08-29,6592,569658,58830201,103.5,104.0,102.5,103.0,-3.0,553,303
2022-08-30,6592,324160,33511013,103.0,104.5,102.5,104.0,1.0,305,342
2022-08-31,6592,405545,42299162,104.0,105.0,103.0,105.0,1.0,297,338
2022-09-01,6592,613944,63007614,103.5,103.5,102.0,102.5,-2.5,540,297
2022-09-02,6592,470666,47991126,103.0,103.0,101.5,101.5,-1.0,497,310
2022-09-05,6592,212196,21670788,102.0,102.5,101.5,102.0,0.5,195,432
2022-09-06,6592,351191,35833248,102.5,103.5,101.5,101.5,-0.5,348,368
2022-09-07,6592,473589,48365325,101.5,103.0,101.0,102.5,1.0,363,296
2022-09-08,6592,389337,40366777,103.0,104.5,102.5,104.5,2.0,337,328
2022-09-12,6592,770365,82044074,105.0,108.0,105.0,107.0,2.5,680,261
2022-09-13,6592,284511,30278596,107.5,107.5,106.0,106.0,-1.0,310,377
2022-09-14,6592,491466,51514073,103.5,106.5,103.0,105.0,-1.0,382,311
2022-09-15,6592,370730,39108387,104.0,106.0,104.0,105.5,0.5,265,346
2022-09-16,6592,332728,35156968,104.5,106.5,104.0,106.5,1.0,247,369
2022-09-19,6592,304226,31974900,106.0,106.5,104.5,105.0,-1.5,283,363
2022-09-20,6592,510741,54140720,105.0,107.0,105.0,106.5,1.5,429,271
2022-09-21,6592,603526,64524478,106.0,108.0,106.0,106.0,-0.5,545,260
2022-09-22,6592,395243,41672227,105.5,106.5,104.5,106.0,0.0,494,318
2022-09-23,6592,286014,30271008,106.0,106.5,105.0,106.0,0.0,336,363
2022-09-26,6592,578260,59842252,104.5,104.5,102.5,103.0,-3.0,531,318
2022-09-27,6592,254366,26250281,103.5,104.0,102.5,103.5,0.5,293,387
2022-09-28,6592,892542,90439639,103.5,103.5,100.0,101.0,-2.5,743,257
2022-09-29,6592,330610,33454281,102.0,102.0,100.5,101.0,0.0,308,346
2022-09-30,6592,456645,45730660,100.5,101.0,99.3,101.0,0.0,430,293
2022-10-03,6592,538764,54119841,99.9,101.5,99.6,100.5,-0.5,467,249
2022-10-04,6592,495731,50696156,102.0,103.0,101.0,103.0,2.5,440,280
2022-10-05,6592,516637,53141317,103.5,104.0,101.5,102.5,-0.5,373,286
2022-10-06,6592,237279,24113284,102.5,102.5,101.0,102.0,-0.5,227,336
2022-10-07,6592,142417,14515779,101.5,102.5,101.0,102.0,0.0,176,412
2022-10-11,6592,685625,68367485,100.5,100.5,98.5,99.3,-2.7,767,273
2022-10-12,6592,402652,39824498,99.3,99.8,98.2,99.0,-0.3,480,306
2022-10-13,6592,1044689,101240182,99.0,99.1,95.4,95.5,-3.5,1183,236
2022-10-14,6592,288147,28064580,97.0,98.0,96.8,97.4,1.9,376,353
2022-10-17,6592,325584,31281174,97.4,97.4,95.3,97.0,-0.4,387,328
2022-10-18,6592,208548,20385962,97.5,98.4,97.0,98.4,1.4,225,371
2022-10-19,6592,283254,27639051,97.8,98.3,97.1,97.2,-1.2,410,332
2022-10-20,6592,1807729,170313392,96.0,96.5,92.8,94.2,-3.0,1588,191
2022-10-21,6592,819747,76019139,93.8,95.0,91.6,92.0,-2.2,1034,237
2022-10-24,6592,840595,77208354,92.8,93.6,90.6,91.1,-0.9,820,224
2022-10-25,6592,1107968,99695836,91.8,91.8,88.9,90.4,-0.7,993,191
2022-10-26,6592,429727,39430358,90.3,92.7,90.0,91.9,1.5,396,280
2022-10-27,6592,388487,36349439,93.5,94.2,92.7,93.3,1.4,457,291
2022-10-28,6592,478085,44579986,93.3,94.8,90.5,92.0,-1.3,437,267
2022-10-31,6592,306313,28819324,93.7,94.6,93.3,94.1,2.1,298,296
2022-11-01,6592,498888,47910251,93.1,97.0,93.1,96.1,2.0,479,253
2022-11-02,6592,212402,20440723,95.3,97.0,95.3,96.3,0.2,227,371
2022-11-03,6592,195000,18653309,95.5,96.3,95.1,96.2,-0.1,211,358
2022-11-04,6592,237497,22859757,96.3,96.6,95.6,96.6,0.4,226,359
2022-11-07,6592,272850,26380336,97.1,97.1,96.1,96.9,0.3,242,376
2022-11-08,6592,300871,29225545,97.2,97.8,96.2,96.5,-0.4,329,373
2022-11-09,6592,221970,21518963,97.0,97.5,96.7,96.7,0.2,272,417
2022-11-10,6592,174544,16862507,96.7,97.1,96.3,96.3,-0.4,213,417
2022-11-11,6592,649965,64048337,98.1,99.5,97.7,98.5,2.2,592,314
2022-11-14,6592,547065,54861187,98.6,101.0,98.6,100.5,2.0,519,316
2022-11-15,6592,383193,38381429,100.5,101.0,99.5,101.0,0.5,410,353
2022-11-16,6592,401856,39912689,100.5,100.5,98.6,98.9,-2.1,464,345
2022-11-17,6592,153201,15199546,99.0,99.6,98.6,99.0,0.1,206,456
2022-11-18,6592,608258,59622795,98.8,99.8,97.2,97.2,-1.8,640,296
2022-11-21,6592,390622,37842792,97.1,97.8,96.4,96.8,-0.4,520,306
2022-11-22,6592,157901,15455029,96.9,98.2,96.9,98.1,1.3,167,406
2022-11-23,6592,232317,22816545,98.8,98.8,98.0,98.3,0.2,223,372
2022-11-24,6592,407931,40655536,98.2,100.5,98.2,100.5,2.2,334,320
2022-11-25,6592,328189,32777171,100.5,101.0,99.3,99.3,-1.2,309,356
2022-11-28,6592,192697,19097901,98.9,99.6,98.7,99.4,0.1,196,418
2022-11-29,6592,155983,15555396,99.4,100.5,99.0,100.0,0.6,181,451
2022-11-30,6592,419309,42521991,100.5,102.0,100.0,102.0,2.0,369,354
2022-12-01,6592,408142,41842100,103.0,103.5,101.5,102.5,0.5,428,385
2022-12-02,6592,254012,25912374,103.0,103.0,101.0,102.0,-0.5,290,418
2022-12-05,6592,250445,25689283,102.0,103.0,101.5,102.5,0.5,252,432
2022-12-06,6592,242751,24734636,102.0,103.0,100.5,101.0,-1.5,312,437
2022-12-07,6592,196337,19799992,100.5,102.0,100.0,100.5,-0.5,230,461
2022-12-08,6592,195263,19684323,100.5,101.5,100.0,101.0,0.5,183,418
2022-12-09,6592,333375,34142100,102.5,103.0,101.5,102.5,1.5,304,367
2022-12-12,6592,142734,14620541,102.5,103.0,101.5,102.5,0.0,188,467
2022-12-13,6592,246573,25356410,103.0,103.5,102.0,102.5,0.0,251,419
2022-12-14,6592,337717,34678090,103.0,103.5,102.0,102.5,0.0,291,368
2022-12-15,6592,328383,33484359,102.0,102.5,101.5,101.5,-1.0,329,361
2022-12-16,6592,308774,31213711,100.5,102.0,100.0,101.0,-0.5,275,417
2022-12-19,6592,114833,11644751,101.0,102.0,100.5,101.5,0.5,134,498
2022-12-20,6592,437753,43950676,101.0,102.0,99.5,99.9,-1.6,421,358
2022-12-21,6592,180279,18155114,100.5,101.5,100.0,100.5,0.6,204,413
2022-12-22,6592,142184,14327361,101.0,101.5,100.5,101.0,0.5,160,431
2022-12-23,6592,209447,21028503,100.0,101.0,99.8,100.0,-1.0,201,384
2022-12-26,6592,105945,10631698,100.0,101.0,100.0,101.0,1.0,200,447
2022-12-27,6592,131277,13201045,101.0,101.0,100.5,100.5,-0.5,157,421
2022-12-28,6592,380338,38030587,100.0,100.5,99.6,99.9,-0.6,230,326
2022-12-29,6592,265796,26357566,99.8,99.8,98.5,99.0,-0.9,309,349
2022-12-30,6592,335850,33857355,100.0,102.0,99.1,102.0,3.0,224,301
2023-01-03,6592,269389,27079760,102.5,102.5,99.7,100.5,-1.5,270,313
2023-01-04,6592,203914,20409343,99.3,101.0,99.3,100.5,0.0,199,372
2023-01-05,6592,144366,14563405,100.5,101.0,100.5,101.0,0.5,181,430
2023-01-06,6592,95223,9653736,101.0,102.0,101.0,101.5,0.5,119,453
2023-01-09,6592,493082,50524327,102.0,103.5,101.5,102.5,1.0,386,291
2023-01-10,6592,288899,29702483,102.5,103.0,102.5,103.0,0.5,745,350
2023-01-11,6592,1233177,130031766,103.0,107.5,103.0,105.5,2.5,1144,184
2023-01-12,6592,478503,50554151,106.0,106.5,105.0,105.0,-0.5,621,269
2023-01-13,6592,347093,36213378,105.0,105.5,103.0,104.0,-1.0,373,302
2023-01-16,6592,270732,28271571,104.0,105.0,104.0,104.5,0.5,306,312
2023-01-17,6592,247726,25870797,104.0,105.0,104.0,104.0,-0.5,267,323
2023-01-30,6592,462120,48331776,104.5,105.5,104.0,105.0,1.0,388,328
2023-01-31,6592,263002,27579162,104.5,105.5,104.0,105.5,0.5,263,405
2023-02-01,6592,505437,53323692,105.0,106.0,104.5,105.5,0.0,393,340
2023-02-02,6592,491599,51995990,105.5,106.5,105.0,106.0,0.5,438,358
2023-02-03,6592,674183,71737305,105.5,107.5,105.5,106.0,0.0,587,300
2023-02-06,6592,790027,84135246,103.0,108.0,103.0,108.0,2.0,685,253
2023-02-07,6592,918397,100179416,108.0,110.0,108.0,109.5,1.5,714,232
2023-02-08,6592,596034,65545506,109.5,110.5,109.5,109.5,0.0,462,296
2023-02-09,6592,347187,37882593,108.5,110.0,108.0,108.5,-1.0,335,351
2023-02-10,6592,432146,47104495,108.5,110.0,108.0,109.5,1.0,392,347
2023-02-13,6592,975312,108668394,109.0,113.5,108.5,112.0,2.5,889,218
2023-02-14,6592,743417,83361390,113.0,113.5,111.0,111.5,-0.5,615,229
2023-02-15,6592,850598,93817052,111.5,112.0,109.0,109.5,-2.0,797,237
2023-02-16,6592,299837,33128886,109.5,111.0,109.5,110.5,1.0,297,371
2023-02-17,6592,555024,61298136,110.0,111.5,110.0,110.0,-0.5,389,281
2023-02-20,6592,437349,48285250,110.5,111.0,109.5,110.5,0.5,433,364
2023-02-21,6592,388013,42823549,110.0,111.0,110.0,110.0,-0.5,392,364
2023-02-22,6592,399905,43756330,109.5,110.0,108.5,109.5,-0.5,398,378
2023-02-23,6592,354246,39072475,110.0,111.0,109.5,110.0,0.5,328,408
2023-02-24,6592,383026,42259830,110.0,111.0,109.5,111.0,1.0,324,377
2023-03-01,6592,457677,50218754,110.0,110.5,108.5,110.0,-1.0,454,356
2023-03-02,6592,306211,33900606,110.0,111.5,110.0,111.0,1.0,332,396
2023-03-03,6592,705035,79218890,110.5,113.5,110.5,112.5,1.5,654,302
2023-03-06,6592,437756,49390161,112.5,113.5,112.0,113.0,0.5,472,403
2023-03-07,6592,903396,104093004,113.0,116.5,113.0,115.0,2.0,786,273
2023-03-08,6592,739530,85386813,115.0,116.5,114.0,116.5,1.5,626,316
2023-03-09,6592,447255,51299683,116.5,116.5,113.5,114.0,-2.5,750,394
2023-03-10,6592,2993197,353507405,120.0,120.5,116.0,116.5,2.5,2476,160
2023-03-13,6592,2225641,263529339,117.5,120.0,116.0,120.0,3.5,1941,170
2023-03-14,6592,1366318,161325216,119.0,119.5,117.0,117.5,-2.5,1154,212
2023-03-15,6592,1665186,201182037,119.0,122.0,119.0,121.0,3.5,1295,193
2023-03-16,6592,1806635,214445782,121.0,121.0,116.5,118.5,-2.5,1795,189
2023-03-17,6592,985622,116836093,120.0,120.5,117.5,118.0,-0.5,956,255
2023-03-20,6592,773845,91024102,117.5,118.5,116.5,118.0,0.0,845,254
2023-03-21,6592,850981,100538165,118.5,119.0,117.5,117.5,-0.5,749,264
2023-03-22,6592,800796,95759645,119.0,120.5,118.5,119.5,2.0,727,266
2023-03-23,6592,691676,82307943,119.5,120.5,118.0,119.0,-0.5,769,285
2023-03-24,6592,488328,58141010,119.5,120.5,118.5,119.0,0.0,512,344
2023-03-27,6592,664871,78767640,119.0,119.5,118.0,119.0,0.0,648,299
2023-03-28,6592,550805,65125427,119.0,119.5,118.0,118.0,-1.0,553,316
2023-03-29,6592,1048962,125211401,118.0,120.5,118.0,120.0,2.0,906,229
2023-03-30,6592,1193428,144169206,121.0,122.5,119.5,120.5,0.5,1026,216
2023-03-31,6592,614970,74147911,121.0,121.5,120.0,120.5,0.0,629,285
2023-04-06,6592,1372175,166403218,120.5,123.0,120.0,120.5,0.0,1095,203
2023-04-07,6592,625406,75200634,121.0,121.0,119.5,120.5,0.0,654,279
2023-04-10,6592,665427,80564481,121.0,121.5,120.5,121.5,1.0,598,274
2023-04-11,6592,3775499,483154654,123.5,130.5,123.5,129.0,7.5,3057,99
2023-04-12,6592,2667327,348153366,130.0,133.0,128.5,128.5,-0.5,2484,136
2023-04-13,6592,1218700,157170389,129.5,131.0,128.0,128.5,0.0,1131,245
2023-04-14,6592,1361794,178761432,129.5,133.0,128.5,132.0,3.5,1558,222
2023-04-17,6592,1795430,239659523,132.0,135.0,131.0,134.5,2.5,1419,190
2023-04-18,6592,1615968,216032750,134.0,136.0,132.0,132.0,-2.5,1477,209
2023-04-19,6592,1473008,195755880,133.0,135.0,132.0,133.0,1.0,1302,226
2023-04-20,6592,1481397,193309496,132.0,132.5,129.0,130.5,-2.5,1595,229
2023-04-21,6592,2048873,262021852,130.0,131.5,126.5,127.0,-3.5,2058,193
2023-04-24,6592,1626651,208432215,127.0,130.0,126.5,129.0,2.0,1466,164
2023-04-25,6592,1285526,164365838,129.5,130.5,126.5,127.5,-1.5,1226,239
2023-04-26,6592,1951502,253665734,128.0,132.0,128.0,131.5,4.0,1466,162
2023-04-27,6592,716675,93534387,130.5,131.0,129.5,131.0,-0.5,784,248
2023-04-28,6592,988375,130519580,131.5,133.0,130.5,132.5,1.5,1013,232
2023-05-02,6592,1420847,191036651,133.0,135.5,132.5,135.5,3.0,1380,183
2023-05-03,6592,1615275,216863501,134.5,135.5,132.5,134.5,-1.0,1296,160
2023-05-04,6592,1060632,141992648,133.5,135.0,133.0,133.0,-1.5,925,225
2023-05-05,6592,4007172,517437161,130.0,130.5,128.0,129.5,-3.5,3440,81
2023-05-08,6592,1165086,149374275,128.0,129.5,127.5,128.5,-1.0,1217,221
2023-05-09,6592,1071217,138369039,128.5,130.5,127.5,130.0,1.5,968,227
2023-05-10,6592,495993,64371187,130.0,130.5,129.0,130.0,0.0,574,305
2023-05-11,6592,2454958,309507888,130.0,130.0,124.0,125.0,-5.0,3056,137
2023-05-12,6592,958888,119878524,125.0,126.5,124.0,125.5,0.5,1026,224
2023-05-15,6592,1816476,224076268,125.0,125.5,121.5,125.0,-0.5,1819,157
2023-05-16,6592,608882,76908702,126.0,127.0,125.0,126.0,1.0,707,276
2023-05-17,6592,1750213,222893774,125.5,129.0,125.0,128.5,2.5,1292,193
2023-05-18,6592,1217689,157091152,129.5,130.0,127.5,129.5,1.0,859,222
2023-05-19,6592,1031233,131814885,130.0,130.0,126.5,126.5,-3.0,1123,247
2023-05-22,6592,926096,119055905,126.5,129.5,126.0,129.5,3.0,798,251
2023-05-23,6592,1011330,131926556,129.5,131.5,129.0,130.5,1.0,920,241
2023-05-24,6592,539673,69939529,129.5,130.5,129.0,129.5,-1.0,515,312
2023-05-25,6592,1298862,170370368,130.0,133.0,129.0,132.0,2.5,970,222
2023-05-26,6592,1587790,211895936,131.5,135.0,131.5,133.5,1.5,1477,201
2023-05-29,6592,902504,120128752,134.5,135.0,132.0,132.0,-1.5,959,265
2023-05-30,6592,1157207,150896313,133.0,133.0,129.0,130.5,-1.5,1107,231
2023-05-31,6592,606216,78703400,130.0,131.0,129.0,130.0,-0.5,675,317
2023-06-01,6592,290140,37679892,129.5,131.0,129.5,129.5,-0.5,342,407
2023-06-02,6592,837152,110230679,130.5,132.5,130.0,132.0,2.5,690,307
2023-06-05,6592,562050,74324919,132.0,133.5,131.5,132.0,0.0,554,357
2023-06-06,6592,2450351,330206287,132.5,137.5,132.0,136.5,4.5,1945,166
2023-06-07,6592,3008335,418140502,137.0,140.5,136.5,139.0,2.5,2492,140
2023-06-08,6592,1642386,226585835,138.5,140.0,136.5,137.0,-2.0,1464,225
2023-06-09,6592,1790888,251923782,139.0,142.5,139.0,140.5,3.5,1521,193
2023-06-12,6592,1252581,174591996,141.5,142.5,138.0,138.5,-2.0,1274,246
2023-06-13,6592,1272029,175249251,139.0,139.5,137.0,138.0,-0.5,1319,258
2023-06-14,6592,1543160,218577726,138.5,143.5,138.0,142.0,4.0,1511,232
2023-06-15,6592,1566983,225526497,142.0,146.0,141.0,144.5,2.5,1647,215
2023-06-16,6592,2601831,380650449,145.0,147.5,144.5,146.0,1.5,1937,182
2023-06-19,6592,1808648,257595112,145.5,145.5,141.0,142.0,-4.0,1848,196
2023-06-20,6592,958321,134752025,142.0,142.0,140.0,140.0,-2.0,1145,264
2023-06-21,6592,583584,81630077,140.0,141.0,138.5,140.0,0.0,696,331
2023-06-26,6592,1308808,184262767,140.0,142.5,138.0,141.5,1.5,1128,213
2023-06-27,6592,1005558,142300583,139.5,143.0,139.5,141.0,-0.5,1069,257
2023-06-28,6592,1023853,145932222,142.0,143.5,141.5,143.0,2.0,806,242
2023-06-29,6592,870948,125775192,143.5,146.0,143.5,144.0,1.0,905,266
2023-06-30,6592,2387044,352323627,144.0,150.0,144.0,149.0,5.0,1761,144
2023-07-03,6592,1170006,175210682,149.0,151.5,148.5,149.5,0.5,1141,234
2023-07-04,6592,2024704,308975906,149.5,155.5,149.5,151.5,2.0,1872,180
2023-07-05,6592,1403651,212296554,151.5,153.0,150.0,151.0,-0.5,1242,229
2023-07-06,6592,1516758,227334484,149.5,152.0,148.5,149.5,-1.5,1522,226
2023-07-07,6592,1079457,160707874,149.5,150.5,147.5,148.5,-1.0,1166,259
2023-07-10,6592,1680205,253346430,150.5,153.0,149.0,149.5,1.0,1402,180
2023-07-11,6592,1394064,210177604,151.0,152.0,149.5,152.0,2.5,1043,203
2023-07-12,6592,4067668,633624567,152.5,159.0,152.5,156.5,4.5,2987,100
2023-07-13,6592,4127255,587409120,140.0,145.5,139.0,142.5,0.0,3855,118
2023-07-14,6592,1829770,267260137,143.5,149.5,142.0,147.5,5.0,1524,-1
