date,stock_id,Trading_Volume,Trading_money,open,max,min,close,spread,Trading_turnover,Trading_money_rank
2023-03-24,6606,4097350,117528243,29.4,29.4,28.1,28.5,0.0,2656,269
2023-03-27,6606,2379813,68773539,28.8,29.25,28.65,29.15,0.65,1390,314
2023-03-28,6606,1087737,31494646,29.5,29.55,28.0,28.7,-0.45,834,431
2023-03-29,6606,596057,17099752,28.9,28.95,28.5,28.6,-0.1,424,481
2023-03-30,6606,464491,13321052,28.8,28.85,28.6,28.65,0.05,369,524
2023-03-31,6606,646318,18695359,28.95,29.0,28.8,28.9,0.25,440,478
2023-04-06,6606,456603,13201766,28.9,29.05,28.75,28.9,0.0,332,553
2023-04-07,6606,550705,15970186,29.2,29.2,28.9,29.0,0.1,318,517
2023-04-10,6606,449364,13052117,29.0,29.1,28.95,29.1,0.1,309,564
2023-04-11,6606,366083,10555184,29.0,29.0,28.75,28.85,-0.25,272,607
2023-04-12,6606,451601,12874354,28.85,28.85,28.15,28.65,-0.2,334,599
2023-04-13,6606,420552,12030762,28.65,28.75,28.5,28.55,-0.1,275,614
2023-04-14,6606,393845,11236803,28.5,28.65,28.45,28.55,0.0,290,610
2023-04-17,6606,555274,15988635,28.6,28.95,28.6,28.95,0.4,324,588
2023-04-18,6606,2537786,78984614,29.0,31.8,28.95,31.8,2.85,1434,354
2023-04-19,6606,2136259,67720177,32.1,33.0,30.6,31.0,-0.8,1422,373
2023-04-20,6606,957883,28692220,30.95,30.95,29.1,29.6,-1.4,726,484
2023-04-21,6606,490666,14298761,29.3,29.6,28.85,29.2,-0.4,374,610
2023-04-24,6606,256556,7432357,29.2,29.2,28.85,29.05,-0.15,199,615
2023-04-25,6606,332145,9752403,29.05,29.9,29.0,29.2,0.15,264,653
2023-04-26,6606,228884,6614038,28.95,29.1,28.65,29.05,-0.15,188,639
2023-04-27,6606,168862,4939359,29.3,29.45,29.15,29.25,0.2,130,648
2023-04-28,6606,202830,5950434,29.3,29.6,29.2,29.3,0.05,134,642
2023-05-02,6606,181841,5283294,29.3,29.3,29.0,29.15,-0.15,178,702
2023-05-03,6606,138994,4038411,29.25,29.25,29.0,29.0,-0.15,116,702
2023-05-04,6606,89185,2589115,29.0,29.15,28.95,29.1,0.1,76,777
2023-05-05,6606,118418,3436960,29.3,29.3,28.9,29.0,-0.1,105,734
2023-05-08,6606,132170,3829878,29.0,29.0,28.85,29.0,0.0,93,736
2023-05-09,6606,180588,5209274,28.9,28.95,28.8,28.85,-0.15,151,712
2023-05-10,6606,210442,6048466,28.7,28.85,28.65,28.8,-0.05,137,649
2023-05-11,6606,131311,3777161,28.95,29.0,28.65,28.7,-0.1,100,798
2023-05-12,6606,87724,2523085,28.7,28.9,28.6,28.8,0.1,68,776
2023-05-15,6606,133600,3840930,29.0,29.0,28.65,28.65,-0.15,64,738
2023-05-16,6606,156433,4489379,28.65,28.8,28.65,28.7,0.05,103,718
2023-05-17,6606,83030,2389916,28.95,28.95,28.65,28.7,0.0,62,859
2023-05-18,6606,116300,3339189,28.7,28.95,28.6,28.8,0.1,81,791
2023-05-19,6606,86020,2475775,28.8,28.85,28.65,28.7,-0.1,74,809
2023-05-22,6606,122525,3537950,28.85,28.95,28.7,28.95,0.25,83,746
2023-05-23,6606,110206,3196184,28.9,29.1,28.9,29.0,0.05,75,775
2023-05-24,6606,125790,3641777,29.1,29.1,28.8,28.95,-0.05,107,769
2023-05-25,6606,111931,3230716,29.0,29.0,28.75,28.85,-0.1,89,752
2023-05-26,6606,87896,2534730,29.0,29.0,28.8,28.8,-0.05,68,812
2023-05-29,6606,382014,10943006,28.8,28.85,28.55,28.6,-0.2,226,596
2023-05-30,6606,126215,3621783,28.8,28.9,28.55,28.7,0.1,82,735
2023-05-31,6606,105621,3044471,28.85,29.0,28.6,28.8,0.1,88,767
2023-06-01,6606,441164,13028469,29.05,30.25,29.05,29.4,0.6,314,558
2023-06-02,6606,343543,10164253,29.5,29.7,29.5,29.5,0.1,212,630
2023-06-05,6606,155247,4589307,29.75,29.8,29.5,29.55,0.05,142,765
2023-06-06,6606,161202,4764128,29.75,29.75,29.45,29.5,-0.05,106,732
2023-06-07,6606,160365,4714855,29.55,29.55,29.1,29.45,-0.05,131,765
2023-06-08,6606,163259,4762211,29.45,29.45,29.05,29.05,-0.4,138,741
2023-06-09,6606,143001,4153129,29.1,29.2,29.0,29.0,-0.05,110,778
2023-06-12,6606,136380,3938159,29.0,29.0,28.75,28.95,-0.05,107,792
2023-06-13,6606,119577,3457583,28.95,29.0,28.85,29.0,0.05,87,803
2023-06-14,6606,203701,5901112,29.1,29.1,28.9,29.0,0.0,133,731
2023-06-15,6606,322000,9465088,29.1,29.65,29.0,29.5,0.5,211,656
2023-06-16,6606,221310,6505965,29.5,29.55,29.25,29.35,-0.15,135,733
2023-06-19,6606,159307,4674510,29.5,29.7,29.15,29.25,-0.1,101,753
2023-06-20,6606,97685,2851988,29.25,29.3,29.15,29.25,0.0,91,797
2023-06-21,6606,135008,3945284,29.25,29.35,29.15,29.3,0.05,93,785
2023-06-26,6606,161269,4719538,29.35,29.4,29.2,29.3,0.0,109,742
2023-06-27,6606,132407,3862474,29.3,29.3,29.1,29.15,-0.15,95,786
2023-06-28,6606,267304,7779828,29.2,29.2,29.05,29.15,0.0,178,658
2023-06-29,6606,281492,7736962,27.2,27.65,27.2,27.5,0.0,218,647
2023-06-30,6606,125542,3454625,27.6,27.6,27.5,27.55,0.05,90,750
2023-07-03,6606,102207,2801582,27.7,27.7,27.25,27.4,-0.15,93,824
2023-07-04,6606,145568,3971925,27.3,27.45,27.15,27.2,-0.2,121,772
2023-07-05,6606,103101,2810597,27.55,27.55,27.2,27.2,0.0,73,817
2023-07-06,6606,123041,3351963,27.3,27.35,27.1,27.15,-0.05,74,807
2023-07-07,6606,145502,3932052,27.15,27.25,26.95,27.05,-0.1,75,787
