date,stock_id,Trading_Volume,Trading_money,open,max,min,close,spread,Trading_turnover,Trading_money_rank
2023-06-12,6657,3605882,221346862,61.5,65.5,58.6,65.1,0.0,2595,212
2023-06-13,6657,1475397,94942118,65.5,65.8,62.1,63.6,-1.5,1120,334
2023-06-14,6657,1537886,94760785,62.6,63.2,60.1,60.7,-2.9,1082,325
2023-06-15,6657,461420,28153786,61.0,61.6,60.5,61.1,0.4,393,493
2023-06-16,6657,762414,45981925,61.2,61.2,59.5,59.6,-1.5,605,441
2023-06-19,6657,1190678,69011885,59.7,60.0,56.8,57.4,-2.2,848,363
2023-06-20,6657,1300275,77943578,57.0,63.0,55.4,61.4,4.0,944,339
2023-06-21,6657,508915,31152574,60.4,62.3,60.0,62.1,0.7,483,471
2023-06-26,6657,1213062,77960838,62.5,66.0,62.3,63.9,1.8,914,341
2023-06-27,6657,2506012,170973896,63.5,70.2,63.3,70.2,6.3,1767,238
2023-06-28,6657,2548877,191582548,72.0,77.2,72.0,77.2,7.0,1877,206
2023-06-29,6657,3747374,300287926,78.0,83.8,76.2,80.9,3.7,3020,158
2023-06-30,6657,1923741,150233201,79.5,79.8,76.2,78.0,-2.9,1435,240
2023-07-03,6657,1117433,88792649,79.8,81.4,78.0,78.5,0.5,952,335
2023-07-04,6657,1198020,90438542,78.4,78.4,74.2,74.2,-4.3,1258,339
2023-07-05,6657,1477275,114954214,74.5,80.4,72.7,79.5,5.3,1176,316
2023-07-06,6657,1240413,98955662,78.7,82.0,78.2,78.6,-0.9,1119,337
2023-07-07,6657,760377,58014318,75.8,77.4,75.0,76.5,-2.1,734,407
2023-07-10,6657,599195,45230729,76.5,77.2,74.5,74.5,-2.0,513,427
2023-07-11,6657,392747,29149045,75.7,75.7,73.3,73.9,-0.6,338,482
2023-07-12,6657,634088,45849598,73.9,74.8,70.9,71.3,-2.6,595,415
2023-07-13,6657,559154,40160691,71.6,73.2,70.7,71.4,0.1,495,464
2023-07-14,6657,877268,64596124,71.8,75.9,71.0,72.9,1.5,733,-1
