date,stock_id,Trading_Volume,Trading_money,open,max,min,close,spread,Trading_turnover,Trading_money_rank
2022-09-13,6689,1648323,232289975,136.5,146.5,134.0,142.5,0.0,1599,146
2022-09-14,6689,441200,61821625,139.0,143.5,135.0,143.0,0.5,481,286
2022-09-15,6689,1320365,208635290,141.5,175.0,141.0,170.0,27.0,1364,169
2022-09-16,6689,822120,142509007,165.0,181.5,163.5,177.0,7.0,942,220
2022-09-19,6689,665454,110289306,175.0,177.0,158.0,169.5,-7.5,731,199
2022-09-20,6689,484515,77148451,165.0,167.0,154.0,157.0,-12.5,565,236
2022-09-21,6689,691363,99913695,155.0,155.0,141.5,142.5,-14.5,805,221
2022-09-22,6689,497704,70101720,140.0,149.0,131.0,143.5,1.0,563,255
2022-09-23,6689,380679,52469383,140.0,141.0,136.0,136.0,-7.5,454,295
2022-09-26,6689,281723,37642299,131.0,139.5,127.5,136.0,0.0,331,399
2022-09-27,6689,124021,16822548,136.5,139.0,132.5,136.0,0.0,162,444
2022-09-28,6689,163757,21236064,136.0,136.0,127.0,127.0,-9.0,229,476
2022-09-29,6689,91937,12003064,129.0,135.0,127.5,129.5,2.5,127,502
2022-09-30,6689,135872,16989967,123.0,129.0,122.0,124.5,-5.0,193,443
2022-10-03,6689,121949,14967959,124.5,126.0,119.0,120.0,-4.5,154,418
2022-10-04,6689,194223,24668645,125.0,132.0,121.5,132.0,12.0,223,353
2022-10-05,6689,536820,75410829,133.0,145.0,133.0,141.5,9.5,567,250
2022-10-06,6689,214777,29238004,137.0,139.0,133.5,136.0,-5.5,246,313
2022-10-07,6689,127905,16841396,135.0,135.0,129.0,130.0,-6.0,151,397
2022-10-11,6689,133345,16497203,128.0,128.0,119.5,124.5,-5.5,181,478
2022-10-12,6689,63859,7945583,124.0,127.0,123.0,124.5,0.0,96,550
2022-10-13,6689,118789,14294708,124.5,124.5,117.0,117.0,-7.5,156,542
2022-10-14,6689,144253,17140421,121.0,122.5,117.0,118.0,1.0,184,429
2022-10-17,6689,282643,30620570,116.5,116.5,106.5,109.5,-8.5,342,332
2022-10-18,6689,130916,14577136,111.0,116.0,107.5,108.5,-1.0,129,413
2022-10-19,6689,47876,5207199,106.5,110.5,106.5,108.5,0.0,54,582
2022-10-20,6689,449901,44780974,105.5,106.0,97.7,98.5,-10.0,446,366
2022-10-21,6689,625805,56687111,97.7,97.7,88.7,91.5,-7.0,574,262
2022-10-24,6689,170913,15544876,93.1,93.9,87.3,88.0,-3.5,208,402
2022-10-25,6689,338331,27910086,88.7,88.7,80.4,80.8,-7.2,461,318
2022-10-26,6689,562647,47076627,82.6,85.5,78.2,85.0,4.2,500,265
2022-10-27,6689,339879,29286739,83.0,89.8,83.0,87.0,2.0,296,310
2022-10-28,6689,190225,15838469,87.0,87.0,80.3,82.0,-5.0,201,379
2022-10-31,6689,128650,10704153,82.7,85.0,82.1,83.5,1.5,139,423
2022-11-01,6689,185939,15286725,83.5,83.6,81.0,82.2,-1.3,192,395
2022-11-02,6689,578867,51886623,82.2,90.4,82.0,90.2,8.0,436,260
2022-11-03,6689,386877,34245544,88.5,90.8,86.0,89.1,-1.1,359,290
2022-11-04,6689,284585,25428093,88.9,90.2,87.1,90.0,0.9,272,342
2022-11-07,6689,302270,27889681,90.0,95.0,90.0,91.2,1.2,293,366
2022-11-08,6689,290339,26047490,91.6,92.5,87.3,87.3,-3.9,297,387
2022-11-09,6689,148852,13274777,87.3,90.0,87.3,88.8,1.5,157,487
2022-11-10,6689,125767,10962004,88.4,89.8,85.6,86.6,-2.2,141,483
2022-11-11,6689,415105,36497298,88.1,89.2,87.3,87.4,0.8,328,385
2022-11-14,6689,211976,18072526,87.5,87.7,84.4,85.2,-2.2,239,473
2022-11-15,6689,161262,13769559,84.6,86.4,84.6,85.6,0.4,158,504
2022-11-16,6689,166498,13936789,84.1,84.5,83.0,83.0,-2.6,182,511
2022-11-17,6689,627747,54032012,83.0,88.2,83.0,86.8,3.8,491,304
2022-11-18,6689,491548,43001656,87.6,89.4,86.3,87.2,0.4,408,327
2022-11-21,6689,495783,44121317,89.0,92.4,87.3,88.0,0.8,503,288
2022-11-22,6689,205388,18028333,89.0,89.2,86.7,87.4,-0.6,224,388
2022-11-23,6689,281660,24034740,88.1,88.6,83.6,84.5,-2.9,338,366
2022-11-24,6689,129154,10930307,85.0,85.2,84.0,84.5,0.0,162,505
2022-11-25,6689,358181,29652460,84.5,85.0,81.4,81.7,-2.8,369,366
2022-11-28,6689,99517,8108800,81.7,82.1,80.2,81.2,-0.5,257,539
2022-11-29,6689,107277,8721149,82.5,82.5,80.9,81.3,0.1,149,550
2022-11-30,6689,213894,17625486,81.6,83.2,81.1,82.1,0.8,208,491
2022-12-01,6689,227114,19005093,83.0,84.5,82.5,83.9,1.8,214,498
2022-12-02,6689,499567,42095863,83.7,85.5,83.3,84.8,0.9,392,366
2022-12-05,6689,751334,66105986,84.8,89.8,84.8,88.0,3.2,628,318
2022-12-06,6689,575568,49256342,88.5,88.5,83.8,84.5,-3.5,628,350
2022-12-07,6689,349062,28614259,83.0,83.6,81.0,81.2,-3.3,310,408
2022-12-08,6689,462631,36833507,81.0,82.4,78.3,80.0,-1.2,345,330
2022-12-09,6689,445586,36914923,80.4,85.8,79.5,83.8,3.8,429,358
2022-12-12,6689,474151,40552845,83.5,88.4,82.6,85.4,1.6,537,341
2022-12-13,6689,315346,26852430,87.5,88.5,83.2,83.4,-2.0,352,407
2022-12-14,6689,225168,19185449,83.4,86.4,83.4,85.8,2.4,230,458
2022-12-15,6689,280867,24376266,85.7,87.5,85.5,87.2,1.4,295,402
2022-12-16,6689,134302,11457732,86.0,86.1,84.7,85.2,-2.0,189,551
2022-12-19,6689,175578,14769031,84.2,85.7,83.5,84.0,-1.2,144,454
2022-12-20,6689,266619,21849849,84.4,85.0,80.1,80.1,-3.9,237,474
2022-12-21,6689,134525,10972408,80.4,83.2,80.4,82.9,2.8,158,481
2022-12-22,6689,717403,62365478,83.7,88.4,83.3,88.0,5.1,572,267
2022-12-23,6689,296562,25937795,86.6,89.0,85.8,87.2,-0.8,295,352
2022-12-26,6689,199376,17034676,87.2,87.4,84.5,85.0,-2.2,301,388
2022-12-27,6689,170565,14660984,85.9,88.0,85.3,85.9,0.9,104,412
2022-12-28,6689,152129,12894349,85.9,85.9,83.8,84.4,-1.5,119,462
2022-12-29,6689,214413,17654269,84.0,85.9,81.5,82.4,-2.0,214,401
2022-12-30,6689,97693,8083093,83.9,83.9,82.3,82.5,0.1,119,483
2023-01-03,6689,598622,52960718,84.0,90.7,82.2,90.7,8.2,563,244
2023-01-04,6689,1446305,138161802,91.5,99.7,91.0,99.7,9.0,1783,172
2023-01-05,6689,1305720,134134868,99.9,107.0,98.0,106.0,6.3,1880,178
2023-01-06,6689,854579,85840489,103.5,103.5,97.7,100.0,-6.0,936,205
2023-01-09,6689,501757,50540007,100.5,102.5,98.4,101.0,1.0,794,290
2023-01-10,6689,384562,38268595,101.5,101.5,98.5,98.8,-2.2,624,324
2023-01-11,6689,1096611,113664213,99.1,108.5,96.5,108.5,9.7,1108,196
2023-01-12,6689,1428313,161530123,112.0,117.0,109.0,112.5,4.0,1637,152
2023-01-13,6689,1845267,216920525,113.5,123.5,113.5,121.0,8.5,1791,123
2023-01-16,6689,1154917,134431756,119.0,119.0,113.5,116.0,-5.0,1351,152
2023-01-17,6689,1326831,160243932,116.0,127.0,113.0,127.0,11.0,1434,141
2023-01-30,6689,1398920,180377337,129.0,134.5,123.5,134.5,7.5,1497,199
2023-01-31,6689,860696,112329295,130.5,134.0,128.0,129.0,-5.5,962,257
2023-02-01,6689,960765,121456789,131.0,132.0,123.0,124.0,-5.0,1199,248
2023-02-02,6689,1299004,165320460,122.0,132.5,121.5,132.5,8.5,1322,220
2023-02-03,6689,798897,103206911,131.0,132.5,127.0,127.0,-5.5,1293,255
2023-02-06,6689,471551,58988546,125.0,129.0,123.5,124.5,-2.5,528,297
2023-02-07,6689,291798,36429162,125.0,127.0,123.5,125.0,0.5,334,353
2023-02-08,6689,441553,55546861,126.5,128.0,124.5,125.0,0.0,463,323
2023-02-09,6689,1781074,240970479,124.5,137.5,124.5,137.0,12.0,1656,126
2023-02-10,6689,1079592,141414459,131.5,135.5,128.5,130.5,-6.5,1228,204
2023-02-13,6689,525693,68682961,129.5,133.0,129.0,129.5,-1.0,627,275
2023-02-14,6689,523498,67239267,130.5,132.0,126.5,127.0,-2.5,616,260
2023-02-15,6689,269487,33993747,127.0,128.5,125.0,126.0,-1.0,381,346
2023-02-16,6689,566165,73538817,127.0,133.0,125.0,132.5,6.5,618,264
2023-02-17,6689,855009,114314822,130.5,137.0,129.0,133.5,1.0,952,213
2023-02-20,6689,579313,77176691,133.0,136.5,131.0,132.0,-1.5,890,292
2023-02-21,6689,323542,42568410,134.0,134.0,130.5,131.5,-0.5,380,365
2023-02-22,6689,611719,77934010,129.0,130.5,126.0,127.0,-4.5,771,285
2023-02-23,6689,248050,31965365,127.0,130.0,127.0,128.0,1.0,308,445
2023-02-24,6689,2714057,378258584,130.0,140.5,130.0,140.5,12.5,2124,135
2023-03-01,6689,2866249,420342251,139.0,154.0,137.0,151.0,10.5,2775,117
2023-03-02,6689,1539403,224281655,148.0,148.5,143.0,146.5,-4.5,1714,160
2023-03-03,6689,1547762,231362858,147.0,155.0,143.5,150.5,4.0,1654,159
2023-03-06,6689,964560,143412071,151.0,152.0,146.0,147.5,-3.0,1028,239
2023-03-07,6689,731744,106495417,147.0,148.5,143.5,144.0,-3.5,979,269
2023-03-08,6689,790216,115626077,143.0,149.5,142.0,147.5,3.5,962,271
2023-03-09,6689,651817,94547035,148.0,148.5,143.0,144.5,-3.0,817,302
2023-03-10,6689,1018367,145720633,144.5,149.5,137.5,139.5,-5.0,1260,267
2023-03-13,6689,1009327,130953708,134.0,136.5,126.0,130.0,-9.5,1311,262
2023-03-14,6689,380870,49140123,127.0,131.5,127.0,128.0,-2.0,483,344
2023-03-15,6689,331841,42775214,130.0,131.0,127.0,127.0,-1.0,429,380
2023-03-16,6689,870989,103869273,125.0,125.5,115.5,117.0,-10.0,1134,285
2023-03-17,6689,613178,76796486,120.0,128.5,119.5,128.5,11.5,803,314
2023-03-20,6689,721152,93680559,128.5,134.5,125.0,131.5,3.0,865,245
2023-03-21,6689,387814,51095588,131.0,134.5,130.5,131.0,-0.5,572,358
2023-03-22,6689,470371,62581022,132.0,135.5,130.5,133.0,2.0,567,325
2023-03-23,6689,350788,46468857,132.5,134.5,130.5,133.0,0.0,463,367
2023-03-24,6689,1285433,180823978,133.0,145.0,133.0,141.0,8.0,1582,213
2023-03-27,6689,729137,99872156,139.0,139.5,134.0,138.5,-2.5,1026,267
2023-03-28,6689,832678,111630006,139.5,141.5,131.0,132.0,-6.5,1002,253
2023-03-29,6689,386829,50026709,132.0,133.5,127.0,129.5,-2.5,546,335
2023-03-30,6689,180018,23438073,130.5,132.0,128.5,129.5,0.0,269,443
2023-03-31,6689,140957,18241149,129.5,130.5,129.0,129.5,0.0,201,482
2023-04-06,6689,282219,35653886,129.0,129.0,125.0,126.0,-3.5,422,405
2023-04-07,6689,690554,90688198,126.0,134.0,126.0,131.0,5.0,840,256
2023-04-10,6689,280566,37094732,131.0,134.0,129.5,132.5,1.5,402,405
2023-04-11,6689,555286,74651235,134.0,137.5,132.5,132.5,0.0,564,315
2023-04-12,6689,371265,49457476,133.5,135.5,131.5,132.0,-0.5,397,401
2023-04-13,6689,411385,53848238,132.0,133.5,129.0,129.5,-2.5,554,392
2023-04-14,6689,1283028,173002653,130.0,138.0,130.0,137.0,7.5,1188,226
2023-04-17,6689,1751424,243508613,139.5,143.0,134.0,134.0,-3.0,2000,188
2023-04-18,6689,738571,101127179,135.5,139.5,134.0,136.0,2.0,902,316
2023-04-19,6689,940156,129814282,138.0,141.0,135.0,135.5,-0.5,1103,288
2023-04-20,6689,2712943,380828512,137.5,145.0,136.0,136.5,1.0,2658,133
2023-04-21,6689,1752130,238121944,139.5,142.0,130.5,130.5,-6.0,1888,204
2023-04-24,6689,555244,72583433,131.5,134.0,126.0,131.0,0.5,662,292
2023-04-25,6689,1127225,142245050,133.5,133.5,122.5,124.0,-7.0,1245,263
2023-04-26,6689,814286,102637014,126.0,130.0,123.0,126.0,2.0,1112,252
2023-04-27,6689,332345,42202324,126.5,128.5,125.0,126.5,0.5,532,346
2023-04-28,6689,1634995,219531025,130.0,138.0,129.0,135.0,8.5,1553,172
2023-05-02,6689,4378023,634287173,137.5,148.5,136.5,148.5,13.5,4169,77
2023-05-03,6689,4393756,644599743,152.0,153.0,140.5,140.5,-8.0,4786,60
2023-05-04,6689,2146038,296312753,141.0,142.5,135.5,137.0,-3.5,2181,140
2023-05-05,6689,1526828,210924406,139.5,143.0,135.0,135.5,-1.5,1508,173
2023-05-08,6689,1884317,265656515,138.0,144.0,137.5,140.0,4.5,1871,156
2023-05-09,6689,4715351,689297410,143.5,151.0,141.0,144.0,4.0,4062,68
2023-05-10,6689,10877530,1664329372,147.0,158.0,145.5,157.0,13.0,8712,26
2023-05-11,6689,16909481,2661896490,158.5,164.0,149.0,149.0,-8.0,14386,10
2023-05-12,6689,6698707,985657300,151.0,152.5,143.5,145.5,-3.5,5261,46
2023-05-15,6689,2494484,355825327,145.5,147.0,138.5,140.0,-5.5,2297,101
2023-05-16,6689,1587358,226875779,142.0,144.5,140.5,143.0,3.0,1826,164
2023-05-17,6689,2232556,328172381,143.0,149.5,143.0,147.0,4.0,1987,154
2023-05-18,6689,6143323,945650253,149.5,157.5,149.0,152.5,5.5,5236,71
2023-05-19,6689,10384293,1624593529,154.5,163.5,147.5,147.5,-5.0,9040,45
2023-05-22,6689,7044165,1113807790,148.5,162.0,148.5,162.0,14.5,4931,52
2023-05-23,6689,15035006,2440143748,165.5,166.5,157.5,157.5,-4.5,10848,18
2023-05-24,6689,6535966,1048552774,159.5,164.5,156.0,159.0,1.5,5622,51
2023-05-25,6689,3639408,581563169,159.0,161.5,157.0,161.5,2.5,2935,93
2023-05-26,6689,10487120,1748847846,163.5,172.5,161.5,161.5,0.0,8907,40
2023-05-29,6689,3080632,505022230,166.0,167.0,162.0,162.5,1.0,3499,109
2023-05-30,6689,2228079,356961328,163.5,165.0,157.0,159.0,-3.5,2443,144
2023-05-31,6689,1459938,234002645,161.0,162.5,159.0,159.0,0.0,1461,208
2023-06-01,6689,1881864,302683403,160.5,163.0,157.0,161.5,2.5,1838,167
2023-06-02,6689,2792379,455434907,163.5,165.5,159.5,160.0,-1.5,2564,143
2023-06-05,6689,993630,159320886,161.5,162.0,159.0,160.5,0.5,1150,253
2023-06-06,6689,1868809,292289504,160.5,161.0,154.0,154.0,-6.5,2356,184
2023-06-07,6689,1323196,207078589,155.5,158.5,155.0,155.5,1.5,1273,222
2023-06-08,6689,1992125,299234970,156.0,156.5,147.5,148.5,-7.0,2168,188
2023-06-09,6689,878091,131144088,151.0,151.5,148.0,149.0,0.5,966,287
2023-06-12,6689,1180850,172209219,149.0,149.0,144.5,145.5,-3.5,1202,248
2023-06-13,6689,1002183,147018560,148.0,149.5,145.0,148.5,3.0,1110,282
2023-06-14,6689,1121061,164071270,149.5,150.0,144.0,144.5,-4.0,1290,264
2023-06-15,6689,749604,108656565,144.5,146.5,143.0,145.5,1.0,845,320
2023-06-16,6689,2748953,424095859,146.5,158.0,145.0,155.5,10.0,2394,173
2023-06-19,6689,3571729,563146454,157.5,161.5,153.5,155.5,0.0,2876,117
2023-06-20,6689,1289826,196018353,158.0,158.0,150.0,150.0,-5.5,1507,216
2023-06-21,6689,749361,112152883,150.0,151.5,148.0,151.0,1.0,802,295
2023-06-26,6689,720968,105833701,149.0,149.5,146.0,147.0,-4.0,822,289
2023-06-27,6689,543659,80061488,145.0,150.0,145.0,146.0,-1.0,639,342
2023-06-28,6689,580402,86317877,147.5,152.0,147.0,147.0,1.0,763,312
2023-06-29,6689,673897,101316558,148.5,152.5,148.0,151.0,4.0,744,293
2023-06-30,6689,602776,90244661,151.5,151.5,148.5,149.0,-2.0,583,300
2023-07-03,6689,1389514,204864942,149.5,150.5,145.0,147.5,-1.5,1390,213
2023-07-04,6689,1549632,223432466,147.5,149.0,141.5,142.0,-5.5,1948,228
2023-07-05,6689,728383,103319565,142.0,143.5,141.0,141.0,-1.0,861,332
2023-07-06,6689,1364596,187615731,141.0,141.0,136.0,136.5,-4.5,1747,256
2023-07-07,6689,915766,122691835,136.0,136.0,132.0,133.0,-3.5,1212,298
