date,stock_id,Trading_Volume,Trading_money,open,max,min,close,spread,Trading_turnover,Trading_money_rank
2022-01-03,6691,2123952,501344750,232.0,246.0,229.5,236.0,0.0,1808,112
2022-01-04,6691,1023483,236228517,234.0,235.5,227.0,231.5,-4.5,1017,186
2022-01-05,6691,347222,79902746,231.5,233.5,228.0,229.0,-2.5,459,332
2022-01-06,6691,244342,55574402,227.0,229.5,226.0,228.5,-0.5,368,357
2022-01-07,6691,592487,130584830,227.0,227.0,217.5,219.0,-9.5,627,298
2022-01-10,6691,302013,64913309,218.5,219.5,211.0,213.5,-5.5,368,343
2022-01-11,6691,227974,49665890,215.0,221.0,215.0,218.5,5.0,289,409
2022-01-12,6691,177090,37967970,220.0,220.0,212.5,213.5,-5.0,317,408
2022-01-13,6691,126640,26766464,215.0,215.0,210.0,211.0,-2.5,188,426
2022-01-14,6691,287377,58982018,212.0,213.0,201.5,205.0,-6.0,399,360
2022-01-17,6691,320330,64260915,205.0,205.0,198.0,203.0,-2.0,381,303
2022-01-18,6691,273899,57238551,203.0,215.0,201.0,209.0,6.0,363,318
2022-01-19,6691,107819,22106391,206.0,206.0,203.0,205.0,-4.0,135,432
2022-01-20,6691,82182,16740894,204.0,206.0,201.0,206.0,1.0,124,451
2022-01-21,6691,154660,31288679,203.0,203.5,200.5,200.5,-5.5,149,431
2022-01-24,6691,166656,32759775,198.0,198.5,193.5,197.5,-3.0,212,399
2022-01-25,6691,141804,27637783,197.0,197.0,194.0,194.0,-3.5,190,433
2022-01-26,6691,67270,13094601,192.0,196.0,192.0,194.5,0.5,92,500
2022-02-07,6691,64021,12465773,193.5,197.0,193.0,196.5,2.0,104,536
2022-02-08,6691,99820,20130830,198.5,203.5,198.0,201.0,4.5,129,460
2022-02-09,6691,101736,20489953,201.5,202.5,200.5,202.5,1.5,115,473
2022-02-10,6691,79315,15998242,202.0,203.0,201.0,202.0,-0.5,106,495
2022-02-11,6691,64921,13075635,202.0,202.0,201.0,201.0,-1.0,82,517
2022-02-14,6691,136965,26699407,200.0,200.0,192.5,193.5,-7.5,188,419
2022-02-15,6691,183252,35262536,194.0,194.0,191.0,193.0,-0.5,198,371
2022-02-16,6691,70244,13727173,197.0,197.0,194.5,195.0,2.0,78,491
2022-02-17,6691,52797,10269554,195.5,196.5,193.0,194.0,-1.0,102,566
2022-02-18,6691,50171,9748754,193.0,196.0,193.0,195.0,1.0,74,559
2022-02-21,6691,90849,17499227,193.0,193.5,191.5,193.5,-1.5,118,489
2022-02-22,6691,87780,16801537,192.0,192.5,190.5,191.5,-2.0,139,525
2022-02-23,6691,34774,6693500,192.5,193.0,192.0,193.0,1.5,57,582
2022-02-24,6691,146242,27746011,190.5,191.0,188.0,188.0,-5.0,196,500
2022-02-25,6691,55779,10556768,188.0,190.5,188.0,190.0,2.0,89,560
2022-03-01,6691,77780,14834654,190.0,192.0,189.0,190.0,0.0,79,499
2022-03-02,6691,91781,17341857,191.0,191.0,188.5,188.5,-1.5,111,458
2022-03-03,6691,177692,33432145,190.0,190.5,186.0,188.0,-0.5,187,391
2022-03-04,6691,209729,38881834,186.5,187.0,184.0,185.0,-3.0,242,369
2022-03-07,6691,234618,41818794,184.0,184.0,175.5,175.5,-9.5,256,439
2022-03-08,6691,185406,31866778,174.5,174.5,170.0,172.5,-3.0,214,462
2022-03-09,6691,84339,14711201,172.0,175.5,172.0,175.0,2.5,110,510
2022-03-10,6691,135994,25395911,189.5,189.5,184.5,186.5,11.5,175,437
2022-03-11,6691,48800,8920320,182.0,186.5,182.0,182.5,-4.0,63,530
2022-03-14,6691,63940,11631586,182.5,183.5,180.5,182.0,-0.5,73,514
2022-03-15,6691,96465,17364205,182.0,182.0,179.0,180.0,-2.0,69,496
2022-03-16,6691,47042,8467302,184.5,184.5,179.0,179.5,-0.5,56,594
2022-03-17,6691,68917,12578373,184.0,184.0,182.0,182.5,3.0,76,541
2022-03-18,6691,197987,37332076,184.5,191.5,183.5,191.0,8.5,239,387
2022-03-21,6691,102089,19655863,194.0,195.0,191.0,191.5,0.5,137,467
2022-03-22,6691,42780,8183976,190.5,192.5,189.0,192.0,0.5,56,570
2022-03-23,6691,60020,11498896,191.0,192.0,190.5,192.0,0.0,81,561
2022-03-24,6691,53045,10170121,192.0,192.0,190.5,192.0,0.0,70,551
2022-03-25,6691,85208,16528943,193.0,195.5,192.0,195.5,3.5,121,497
2022-03-28,6691,78632,15263812,195.0,195.0,193.0,193.5,-2.0,78,517
2022-03-29,6691,107636,21008963,197.0,197.0,194.0,194.5,1.0,157,457
2022-03-30,6691,62550,12229916,195.5,196.0,195.0,196.0,1.5,89,559
2022-03-31,6691,50070,9807585,196.0,196.5,194.0,195.5,-0.5,74,546
2022-04-01,6691,71583,13880616,194.0,195.0,193.0,193.5,-2.0,89,494
2022-04-06,6691,33461,6457489,192.0,195.0,192.0,192.5,-1.0,42,627
2022-04-07,6691,59817,11402011,192.5,192.5,189.0,190.0,-2.5,91,611
2022-04-08,6691,25734,4906806,190.0,191.5,190.0,191.0,1.0,45,672
2022-04-11,6691,45272,8516070,192.0,192.5,186.5,186.5,-4.5,78,649
2022-04-12,6691,64053,11922475,186.5,187.5,185.0,187.5,1.0,100,551
2022-04-13,6691,25987,4939743,187.5,191.0,187.5,189.0,1.5,48,682
2022-04-14,6691,18384,3496484,190.5,191.0,189.0,189.0,0.0,25,704
2022-04-15,6691,33285,6271131,189.0,189.0,187.5,187.5,-1.5,46,635
2022-04-18,6691,58652,10902586,186.0,187.5,185.0,185.5,-2.0,92,559
2022-04-19,6691,9750,1817504,187.5,187.5,185.5,186.0,0.5,40,774
2022-04-20,6691,41192,7628127,188.0,188.0,184.0,185.0,-1.0,69,590
2022-04-21,6691,42731,7928388,186.0,186.5,185.0,186.0,1.0,45,586
2022-04-22,6691,32636,6039896,185.0,185.5,185.0,185.5,-0.5,34,629
2022-04-25,6691,64908,11845588,185.0,185.0,181.5,182.0,-3.5,81,608
2022-04-26,6691,43676,7924541,182.0,182.0,181.0,181.5,-0.5,54,584
2022-04-27,6691,49679,8858829,181.0,181.0,177.5,180.0,-1.5,62,644
2022-04-28,6691,18490,3337620,180.5,181.5,179.5,179.5,-0.5,30,690
2022-04-29,6691,26475,4806274,180.0,182.0,180.0,182.0,2.5,32,627
2022-05-03,6691,22101,3990003,181.5,181.5,180.0,180.5,-1.5,35,644
2022-05-04,6691,25225,4547273,181.5,181.5,179.5,180.5,0.0,22,612
2022-05-05,6691,16436,2980972,180.5,182.5,180.5,181.0,0.5,31,698
2022-05-06,6691,25431,4547160,178.0,180.5,178.0,180.5,-0.5,31,655
2022-05-09,6691,59196,10529797,181.0,181.0,175.0,178.0,-2.5,55,585
2022-05-10,6691,37798,6640537,176.0,177.0,175.0,177.0,-1.0,80,622
2022-05-11,6691,16608,2927430,176.5,176.5,176.0,176.0,-1.0,33,730
2022-05-12,6691,49177,8674025,176.5,177.0,176.0,176.0,0.0,73,634
2022-05-13,6691,65963,11565633,175.0,177.0,175.0,176.5,0.5,63,525
2022-05-16,6691,27946,4972170,177.0,179.0,177.0,178.5,2.0,47,651
2022-05-17,6691,8598,1542900,179.5,179.5,179.0,179.5,1.0,30,801
2022-05-18,6691,45854,8270301,181.0,182.0,179.0,180.5,1.0,58,585
2022-05-19,6691,24153,4290389,174.5,180.0,174.5,180.0,-0.5,48,650
2022-05-20,6691,5149,920676,180.0,180.0,177.5,178.5,-1.5,18,839
2022-05-23,6691,17275,3075905,179.0,179.0,177.0,179.0,0.5,34,682
2022-05-24,6691,19874,3561067,179.0,180.0,178.5,178.5,-0.5,49,661
2022-05-25,6691,18775,3354540,177.5,179.5,177.5,179.0,0.5,33,664
2022-05-26,6691,37444,6749928,180.0,182.0,178.0,178.0,-1.0,43,574
2022-05-27,6691,13103,2347725,178.0,179.5,178.0,179.5,1.5,19,722
2022-05-30,6691,54433,9940993,181.0,184.5,181.0,184.0,4.5,76,561
2022-05-31,6691,4604,842411,183.0,183.0,182.5,182.5,-1.5,16,844
2022-06-01,6691,47572,8740085,184.5,185.0,182.5,183.0,0.5,53,580
2022-06-02,6691,39515,7178997,182.5,182.5,181.0,181.0,-2.0,55,570
2022-06-06,6691,19636,3537254,180.5,181.0,179.0,181.0,0.0,33,679
2022-06-07,6691,28215,5117700,181.5,182.0,181.0,181.0,0.0,27,605
2022-06-08,6691,25888,4696321,182.5,182.5,181.0,181.5,0.5,42,641
2022-06-09,6691,13375,2422844,181.5,181.5,180.5,181.0,-0.5,21,725
2022-06-10,6691,45850,8372767,181.0,184.5,180.0,183.0,2.0,69,560
2022-06-13,6691,41607,7504759,180.5,181.0,180.0,180.0,-3.0,54,637
2022-06-14,6691,20403,3650330,178.5,179.5,178.0,179.5,-0.5,38,741
2022-06-15,6691,31018,5600029,180.5,183.0,179.0,183.0,3.5,46,639
2022-06-16,6691,69134,12805550,184.5,186.5,183.5,183.5,0.5,92,542
2022-06-17,6691,82687,14874430,182.0,182.0,179.0,182.0,-1.5,95,509
2022-06-20,6691,33212,5923546,182.0,182.0,177.5,178.5,-3.5,62,689
2022-06-21,6691,30530,5448374,179.0,180.5,177.5,179.5,1.0,45,658
2022-06-22,6691,38648,6855800,181.0,181.0,177.0,177.0,-2.5,65,619
2022-06-23,6691,67100,11805323,176.5,177.0,175.0,176.0,-1.0,75,540
2022-06-24,6691,19025,3359787,175.5,177.5,175.5,175.5,-0.5,36,734
2022-06-27,6691,52116,9174352,176.0,177.5,175.5,177.5,2.0,73,581
2022-06-28,6691,28361,4984038,177.5,177.5,175.0,176.0,-1.5,38,588
2022-06-29,6691,19533,3410846,175.5,176.5,174.0,175.5,-0.5,23,650
2022-06-30,6691,48759,8373888,176.5,176.5,170.5,170.5,-5.0,85,622
2022-07-01,6691,82511,13927136,173.5,173.5,166.0,166.0,-4.5,129,579
2022-07-04,6691,47341,7795272,166.0,166.0,163.0,165.0,-1.0,58,593
2022-07-05,6691,68194,11439110,169.0,169.0,165.0,166.0,1.0,52,514
2022-07-06,6691,46837,7634667,167.0,167.0,162.0,162.0,-4.0,78,585
2022-07-07,6691,77142,12578020,162.0,164.5,160.0,163.0,1.0,83,497
2022-07-08,6691,77889,12847807,165.0,166.0,164.0,165.5,2.5,83,504
2022-07-11,6691,144053,24231203,168.5,169.0,167.0,169.0,3.5,169,382
2022-07-12,6691,61947,9453968,154.0,155.0,150.0,150.5,0.0,119,573
2022-07-13,6691,26381,4025149,151.5,153.5,151.5,152.5,2.0,38,659
2022-07-14,6691,41300,6324668,154.5,154.5,152.5,153.0,0.5,57,563
2022-07-15,6691,54673,8343930,153.0,153.0,152.5,153.0,0.0,70,539
2022-07-18,6691,18523,2838899,152.0,154.5,152.0,153.5,0.5,56,706
2022-07-19,6691,54747,8459859,153.0,155.5,152.5,154.0,0.5,78,511
2022-07-20,6691,90561,14034423,155.0,156.0,153.0,155.5,1.5,111,490
2022-07-21,6691,40556,6305727,157.5,157.5,153.5,157.0,1.5,70,575
2022-07-22,6691,62533,9816416,157.0,158.0,156.0,157.5,0.5,75,529
2022-07-25,6691,41545,6641090,157.5,163.5,157.0,163.0,5.5,53,547
2022-07-26,6691,56759,9243991,161.0,166.0,160.5,163.0,0.0,69,507
2022-07-27,6691,32630,5282744,163.0,164.0,160.0,162.5,-0.5,46,574
2022-07-28,6691,43759,7113929,163.5,163.5,161.0,163.0,0.5,48,541
2022-07-29,6691,31619,5147097,164.0,164.0,162.0,164.0,1.0,42,601
2022-08-01,6691,44584,7261764,164.0,164.0,162.5,163.0,-1.0,47,567
2022-08-02,6691,47766,7658683,161.0,162.5,159.5,159.5,-3.5,67,595
2022-08-03,6691,58761,9322077,160.0,160.5,156.0,158.5,-1.0,83,534
2022-08-04,6691,88912,14213985,159.0,163.0,158.0,160.0,1.5,89,490
2022-08-05,6691,178279,28452361,160.0,162.5,159.0,159.0,-1.0,173,363
2022-08-08,6691,40209,6415640,160.0,160.5,159.0,160.5,1.5,49,584
2022-08-09,6691,35437,5646635,159.0,160.5,158.5,160.0,-0.5,44,609
2022-08-10,6691,86856,14040838,161.0,163.5,160.0,161.5,1.5,93,494
2022-08-11,6691,68342,11094699,163.5,163.5,161.5,162.5,1.0,85,563
2022-08-12,6691,91906,14998412,163.5,164.5,162.5,163.5,1.0,106,530
2022-08-15,6691,128345,21114295,165.0,165.5,163.5,164.5,1.0,128,486
2022-08-16,6691,36447,5980402,164.0,164.5,163.5,164.0,-0.5,44,648
2022-08-17,6691,115275,19004162,164.0,166.5,163.5,165.5,1.5,108,481
2022-08-18,6691,79586,13070679,164.5,165.0,163.5,164.5,-1.0,78,516
2022-08-19,6691,95712,15858723,166.0,166.5,165.0,166.0,1.5,98,516
2022-08-22,6691,155332,26323795,166.0,173.0,165.0,171.0,5.0,180,420
2022-08-23,6691,125401,21319254,169.0,172.5,168.5,170.5,-0.5,149,417
2022-08-24,6691,250072,43990324,172.0,181.0,171.0,177.0,6.5,328,332
2022-08-25,6691,217440,38999112,177.5,181.5,177.5,178.5,1.5,215,362
2022-08-26,6691,156338,28229772,181.5,182.0,179.0,181.5,3.0,216,424
2022-08-29,6691,168905,29757128,178.0,178.0,174.5,176.0,-5.5,459,413
2022-08-30,6691,317444,58193820,176.0,185.5,176.0,185.0,9.0,349,274
2022-08-31,6691,219037,40410628,185.0,187.5,181.5,182.0,-3.0,749,342
2022-09-01,6691,150160,26876740,181.0,181.0,177.0,178.5,-3.5,579,423
2022-09-02,6691,102461,18140906,180.5,180.5,174.5,177.0,-1.5,371,451
2022-09-05,6691,140267,24321904,176.0,178.0,171.5,171.5,-5.5,188,413
2022-09-06,6691,104046,17827550,170.5,173.5,170.0,171.0,-0.5,107,475
2022-09-07,6691,58865,10078037,173.0,173.0,170.0,171.5,0.5,75,555
2022-09-08,6691,54782,9504928,172.0,175.0,172.0,175.0,3.5,144,531
2022-09-12,6691,97530,17381732,177.0,181.0,176.0,178.0,3.0,292,470
2022-09-13,6691,155691,28132003,180.0,183.0,178.0,178.0,0.0,162,388
2022-09-14,6691,47683,8420678,173.0,178.5,173.0,177.5,-0.5,469,565
2022-09-15,6691,53476,9574717,179.0,180.0,178.0,178.0,0.5,86,557
2022-09-16,6691,50138,8875574,178.0,178.0,176.0,178.0,0.0,48,563
2022-09-19,6691,109547,18990512,179.0,179.0,171.0,172.5,-5.5,140,435
2022-09-20,6691,41430,7144040,173.0,173.0,171.5,172.5,0.0,136,541
2022-09-21,6691,47394,8201205,173.0,175.0,172.0,172.0,-0.5,61,557
2022-09-22,6691,62612,10762971,174.5,174.5,170.0,173.5,1.5,115,522
2022-09-23,6691,57678,10037124,174.0,175.0,172.0,174.5,1.0,51,534
2022-09-26,6691,89579,15224203,171.5,171.5,169.0,171.0,-3.5,297,572
2022-09-27,6691,53887,9126630,170.5,171.5,168.0,171.0,0.0,83,535
2022-09-28,6691,107132,17767016,170.0,171.0,163.5,165.5,-5.5,131,507
2022-09-29,6691,32267,5366368,167.5,168.0,164.5,167.5,2.0,47,622
2022-09-30,6691,60475,9914369,166.0,166.5,160.0,165.0,-2.5,91,519
2022-10-03,6691,11050,1828250,166.0,167.0,164.0,165.0,0.0,12,742
2022-10-04,6691,47934,8046351,168.0,169.0,166.5,168.5,3.5,61,541
2022-10-05,6691,51024,8676687,169.0,174.0,168.5,168.5,0.0,43,552
2022-10-06,6691,21034,3567338,171.0,171.0,169.0,170.0,1.5,22,639
2022-10-07,6691,29341,5002247,172.5,172.5,169.5,171.0,1.0,35,585
2022-10-11,6691,67171,11047540,169.0,169.0,162.0,164.5,-6.5,91,561
2022-10-12,6691,96542,15554973,164.0,164.0,159.5,161.5,-3.0,92,439
2022-10-13,6691,156129,24456127,161.0,161.0,154.0,154.0,-7.5,197,452
2022-10-14,6691,32838,5205063,156.0,160.0,156.0,159.5,5.5,53,636
2022-10-17,6691,22345,3513845,158.0,159.0,156.0,159.0,-0.5,28,665
2022-10-18,6691,41853,6610133,158.5,160.0,156.0,159.0,0.0,65,546
2022-10-19,6691,24208,3854650,159.5,160.5,158.0,159.5,0.5,30,639
2022-10-20,6691,47810,7478732,158.0,158.0,155.0,157.5,-2.0,66,577
2022-10-21,6691,25182,3897649,155.0,157.0,153.0,157.0,-0.5,59,621
2022-10-24,6691,16427,2592779,159.0,159.0,157.0,157.5,0.5,29,691
2022-10-25,6691,113962,17307087,158.5,158.5,147.0,153.5,-4.0,187,387
2022-10-26,6691,43128,6545600,153.0,154.0,150.0,151.5,-2.0,51,535
2022-10-27,6691,61664,9510782,151.5,155.5,151.5,155.5,4.0,57,471
2022-10-28,6691,65211,9933680,155.5,155.5,147.5,153.5,-2.0,60,445
2022-10-31,6691,56047,8746926,152.0,157.5,152.0,157.5,4.0,56,457
2022-11-01,6691,43260,6861674,157.5,160.0,157.0,159.0,1.5,46,516
2022-11-02,6691,18000,2863000,160.0,160.0,158.0,159.5,0.5,17,673
2022-11-03,6691,52418,8435115,159.0,162.5,158.5,162.0,2.5,80,466
2022-11-04,6691,284635,49523934,176.5,177.5,170.0,174.0,12.0,412,274
2022-11-07,6691,105551,18473577,178.5,178.5,173.5,174.5,0.5,123,413
2022-11-08,6691,62714,10926276,174.0,174.5,174.0,174.5,0.0,77,503
2022-11-09,6691,77735,13560832,174.5,175.0,173.0,174.5,0.0,100,480
2022-11-10,6691,92881,16229525,174.5,175.5,173.5,175.0,0.5,89,425
2022-11-11,6691,196674,34591489,175.5,177.5,175.0,176.0,1.0,188,394
2022-11-14,6691,150453,26705809,176.0,179.5,176.0,177.5,1.5,194,419
2022-11-15,6691,579031,106334360,179.0,187.5,179.0,185.5,8.0,589,245
2022-11-16,6691,323687,59447882,186.5,187.0,181.0,183.5,-2.0,1069,296
2022-11-17,6691,165644,30777157,187.0,188.0,183.0,186.5,3.0,317,368
2022-11-18,6691,106347,19789191,187.5,187.5,184.5,185.0,-1.5,138,418
2022-11-21,6691,176467,33115653,185.0,189.5,185.0,189.0,4.0,321,325
2022-11-22,6691,175506,33378596,191.5,193.0,187.5,189.5,0.5,639,322
2022-11-23,6691,122713,23409237,191.0,192.0,189.5,191.0,1.5,150,371
2022-11-24,6691,141516,27159089,193.0,193.0,191.0,192.5,1.5,165,369
2022-11-25,6691,97146,18647601,194.0,194.0,190.5,191.5,-1.0,565,435
2022-11-28,6691,115110,22072021,190.0,193.5,190.0,192.5,1.0,365,399
2022-11-29,6691,155576,30289726,192.5,196.5,192.5,194.0,1.5,213,359
2022-11-30,6691,106934,20909259,194.5,196.5,194.0,195.5,1.5,790,465
2022-12-01,6691,105860,20712139,197.0,197.5,194.5,195.5,0.0,439,478
2022-12-02,6691,262358,51620949,195.5,200.0,194.5,195.0,-0.5,280,339
2022-12-05,6691,229468,45096089,196.0,198.5,194.0,196.0,1.0,1090,356
2022-12-06,6691,173961,33904293,196.0,197.0,192.5,194.5,-1.5,219,393
2022-12-07,6691,150388,29500148,196.0,198.0,195.0,196.0,1.5,607,401
2022-12-08,6691,182322,36059916,196.5,200.0,194.5,200.0,4.0,198,334
2022-12-09,6691,116597,23189597,199.0,201.5,197.5,198.0,-2.0,725,408
2022-12-12,6691,51709,10188371,197.0,197.5,196.5,197.5,-0.5,618,521
2022-12-13,6691,384837,76260296,199.0,203.0,194.5,196.0,-1.5,1774,280
2022-12-14,6691,57772,11332038,196.0,197.5,195.0,197.0,1.0,74,528
2022-12-15,6691,62821,12363683,197.0,198.0,195.5,197.0,0.0,140,497
2022-12-16,6691,187979,36541218,195.0,196.0,193.0,193.0,-4.0,146,396
2022-12-19,6691,199257,39071718,190.5,198.5,190.5,198.5,5.5,199,344
2022-12-20,6691,107329,20888906,197.5,198.0,192.5,195.0,-3.5,658,478
2022-12-21,6691,47003,9221633,194.5,197.0,194.5,196.5,1.5,69,513
2022-12-22,6691,56503,11090650,197.0,197.5,196.0,196.5,0.0,132,463
2022-12-23,6691,41823,8166503,193.0,197.0,193.0,197.0,0.5,57,509
2022-12-26,6691,33605,6615672,197.0,197.5,195.5,197.0,0.0,44,509
2022-12-27,6691,56890,11215114,197.5,198.0,196.0,198.0,1.0,87,444
2022-12-28,6691,73850,14588357,198.0,198.0,196.5,198.0,0.0,155,447
2022-12-29,6691,72465,14312327,198.0,198.0,196.0,198.0,0.0,251,431
2022-12-30,6691,80603,15962035,198.0,199.0,197.0,199.0,1.0,190,396
2023-01-03,6691,195841,39284435,199.0,202.0,198.0,202.0,3.0,302,276
2023-01-04,6691,102397,20406955,198.0,201.0,198.0,200.0,-2.0,275,373
2023-01-05,6691,135384,27407737,201.5,204.5,200.0,203.5,3.5,156,344
2023-01-06,6691,79731,16207951,204.5,205.0,202.0,203.5,0.0,518,391
2023-01-09,6691,139746,28371172,205.0,206.0,201.0,203.0,-0.5,203,373
2023-01-10,6691,76373,15396683,202.5,203.0,200.5,201.5,-1.5,550,451
2023-01-11,6691,53812,10875028,201.5,203.5,200.5,203.0,1.5,68,495
2023-01-12,6691,41493,8395047,203.5,203.5,201.5,202.5,-0.5,130,517
2023-01-13,6691,94721,18954578,203.0,203.0,198.5,199.5,-3.0,126,385
2023-01-16,6691,47580,9490997,200.0,200.5,198.5,200.0,0.5,64,479
2023-01-17,6691,33268,6628367,200.0,200.0,198.5,199.0,-1.0,55,528
2023-01-30,6691,144558,29440221,203.0,205.0,202.0,204.5,5.5,173,406
2023-01-31,6691,388699,82580531,205.0,218.0,205.0,215.5,11.0,654,284
2023-02-01,6691,161488,34859322,219.0,219.0,213.5,216.5,1.0,610,399
2023-02-02,6691,149167,32631509,217.0,221.0,216.5,217.5,1.0,655,414
2023-02-03,6691,451240,101036023,218.0,228.5,218.0,227.0,9.5,1087,262
2023-02-06,6691,348805,80122295,227.0,234.0,226.0,230.0,3.0,417,259
2023-02-07,6691,709991,168789009,234.5,242.0,231.0,238.5,8.5,813,176
2023-02-08,6691,482263,115608024,240.0,242.5,237.0,240.0,1.5,1277,222
2023-02-09,6691,453718,110530311,240.5,248.0,240.5,241.5,1.5,935,221
2023-02-10,6691,327500,77422385,240.5,240.5,233.0,237.0,-4.5,443,282
2023-02-13,6691,144127,34160566,237.0,239.5,232.5,237.0,0.0,183,361
2023-02-14,6691,116661,27907657,238.0,240.5,238.0,238.5,1.5,365,363
2023-02-15,6691,175172,41975214,239.5,242.5,237.5,238.5,0.0,241,317
2023-02-16,6691,177308,42640840,240.0,242.0,238.0,242.0,3.5,178,333
2023-02-17,6691,581827,144636904,242.0,253.0,242.0,250.0,8.0,1276,187
2023-02-20,6691,975553,256167981,257.0,267.5,254.0,263.0,13.0,1052,144
2023-02-21,6691,1132452,304660078,263.0,278.5,258.0,276.0,13.0,1358,125
2023-02-22,6691,1362813,379961699,275.0,285.0,272.0,277.0,1.0,2902,107
2023-02-23,6691,1667497,480152187,281.5,293.5,281.0,292.0,15.0,1468,101
2023-02-24,6691,1284410,365882350,295.5,296.0,275.0,284.0,-8.0,2003,141
2023-03-01,6691,371243,105220566,284.0,286.0,278.5,283.0,-1.0,409,253
2023-03-02,6691,661413,191604830,285.0,293.0,285.0,288.5,5.5,925,176
2023-03-03,6691,485490,139300578,291.0,291.0,282.5,288.5,0.0,661,222
2023-03-06,6691,402648,116718508,290.0,292.0,287.0,290.0,1.5,395,276
2023-03-07,6691,347293,99337855,290.0,290.0,284.0,286.5,-3.5,492,277
2023-03-08,6691,377284,108765646,287.0,290.5,284.0,289.0,2.5,314,279
2023-03-09,6691,340176,98213693,289.0,292.0,284.5,292.0,3.0,928,297
2023-03-10,6691,726871,210680476,292.0,296.0,284.0,288.5,-3.5,1433,223
2023-03-13,6691,707050,201517121,287.0,291.0,274.5,288.5,0.0,1810,202
2023-03-14,6691,311953,90013654,288.0,290.5,285.5,288.5,0.0,1029,283
2023-03-15,6691,443180,127720221,288.5,292.0,285.0,286.0,-2.5,612,245
2023-03-16,6691,1549660,443483848,293.0,294.5,278.0,279.0,-7.0,2156,109
2023-03-17,6691,1245266,355204225,285.0,290.0,278.5,290.0,11.0,1006,154
2023-03-20,6691,1722985,516526300,292.0,310.0,288.0,302.5,12.5,2847,81
2023-03-21,6691,618217,186296078,303.0,305.0,296.5,299.0,-3.5,2178,181
2023-03-22,6691,792140,232569257,301.5,301.5,290.5,290.5,-8.5,1076,170
2023-03-23,6691,517251,149915224,292.0,293.0,287.0,288.5,-2.0,661,216
2023-03-24,6691,1302659,364728660,289.0,289.0,275.5,279.0,-9.5,1637,129
2023-03-27,6691,378903,106602423,281.0,283.5,279.0,282.0,3.0,473,260
2023-03-28,6691,401266,111810257,282.0,282.0,277.0,278.5,-3.5,560,252
2023-03-29,6691,483777,133278084,278.5,280.5,272.5,275.0,-3.5,701,223
2023-03-30,6691,211295,58239174,279.0,279.0,274.0,275.0,0.0,771,317
2023-03-31,6691,187918,51766328,276.0,276.5,274.0,275.0,0.0,278,338
2023-04-06,6691,391059,107237528,273.5,278.0,272.5,273.5,-1.5,478,255
2023-04-07,6691,298881,82758810,275.0,281.0,273.5,276.5,3.0,365,264
2023-04-10,6691,259594,72235403,276.5,281.0,276.0,279.0,2.5,335,295
2023-04-11,6691,326050,90267631,278.0,279.5,275.0,279.0,0.0,481,281
2023-04-12,6691,353559,98563416,278.5,281.0,275.0,280.0,1.0,389,295
2023-04-13,6691,508535,144154199,284.0,287.0,280.5,281.5,1.5,717,260
2023-04-14,6691,792673,227325265,283.5,291.0,283.0,288.5,7.0,799,191
2023-04-17,6691,1672688,498792929,293.5,306.5,291.5,297.0,8.5,1657,103
2023-04-18,6691,1036361,308552651,300.0,303.5,292.5,293.5,-3.5,1785,175
2023-04-19,6691,949050,284955675,297.5,303.0,297.0,300.5,7.0,1026,175
2023-04-20,6691,1269973,362579588,301.5,301.5,279.0,280.0,-20.5,2030,136
2023-04-21,6691,691673,193887922,282.0,286.0,275.5,276.5,-3.5,875,231
2023-04-24,6691,266357,74917335,276.5,283.5,276.5,282.5,6.0,613,286
2023-04-25,6691,400072,110980495,282.0,283.0,275.5,277.0,-5.5,587,300
2023-04-26,6691,254394,70030077,275.5,278.5,271.0,278.0,1.0,439,308
2023-04-27,6691,122137,33918626,279.0,279.0,274.5,278.5,0.5,256,382
2023-04-28,6691,271479,77036549,282.0,286.0,282.0,285.0,6.5,384,298
2023-05-02,6691,338410,97528065,285.0,291.0,285.0,287.5,2.5,715,265
2023-05-03,6691,248617,71604612,287.5,290.5,284.0,288.5,1.0,412,288
2023-05-04,6691,243980,70671934,288.5,292.0,286.5,290.5,2.0,403,299
2023-05-05,6691,414136,121965532,292.0,297.0,292.0,294.5,4.0,527,234
2023-05-08,6691,277528,81807096,298.0,298.0,292.0,294.0,-0.5,521,305
2023-05-09,6691,337153,97409442,295.0,295.0,286.0,287.0,-7.0,584,279
2023-05-10,6691,304150,88679032,290.0,294.0,287.0,292.0,5.0,389,262
2023-05-11,6691,247110,71428264,292.5,294.0,286.0,288.0,-4.0,373,324
2023-05-12,6691,641612,189270149,291.0,298.0,287.5,297.5,9.5,898,178
2023-05-15,6691,935557,281670521,297.0,308.0,294.0,295.5,-2.0,1985,129
2023-05-16,6691,311382,93113425,297.5,302.0,296.5,299.0,3.5,598,256
2023-05-17,6691,224446,67010783,299.0,300.0,297.0,299.0,0.0,1450,327
2023-05-18,6691,313853,93731115,302.0,302.0,297.0,297.0,-2.0,1414,286
2023-05-19,6691,284953,84141946,299.5,299.5,292.0,294.5,-2.5,539,304
2023-05-22,6691,242169,70476961,294.0,294.0,288.5,291.0,-3.5,422,311
2023-05-23,6691,243287,71360118,290.5,295.5,289.5,294.0,3.0,316,304
2023-05-24,6691,199386,58893294,291.5,298.0,291.5,295.5,1.5,335,330
2023-05-25,6691,1278185,383926881,298.5,308.0,294.0,296.0,0.5,1292,140
2023-05-26,6691,673414,197396350,298.0,299.5,288.5,294.5,-1.5,1291,210
2023-05-29,6691,297601,88282957,296.0,299.0,294.5,297.0,2.5,395,293
2023-05-30,6691,295930,88473092,299.5,300.5,297.0,300.0,3.0,420,291
2023-05-31,6691,1017726,308396984,301.5,306.0,300.0,302.5,2.5,940,179
2023-06-01,6691,1598612,496451650,305.5,320.0,304.0,312.0,9.5,2053,116
2023-06-02,6691,962528,299117210,313.0,318.5,306.0,306.0,-6.0,1378,183
2023-06-05,6691,904120,270531317,307.0,307.0,296.0,296.5,-9.5,1489,185
2023-06-06,6691,328463,97390554,296.5,298.5,293.0,298.0,1.5,546,321
2023-06-07,6691,1801370,564211808,300.0,320.0,298.5,316.5,18.5,2044,110
2023-06-08,6691,1107806,342873097,319.5,320.0,303.0,307.0,-9.5,3054,165
2023-06-09,6691,303517,93692920,308.0,311.0,305.5,309.0,2.0,485,327
2023-06-12,6691,1677695,540350627,319.5,327.5,315.0,327.5,18.5,1907,114
2023-06-13,6691,1082611,358996846,337.5,338.0,325.0,331.0,3.5,1489,167
2023-06-14,6691,1047185,336676461,331.0,331.0,316.5,319.5,-11.5,1721,167
2023-06-15,6691,706348,228487060,321.0,328.0,318.5,327.5,8.0,802,214
2023-06-16,6691,499079,161226022,327.5,327.5,320.0,323.5,-4.0,725,289
2023-06-19,6691,304858,99408757,326.0,328.5,323.0,325.5,2.0,494,315
2023-06-20,6691,342528,110322901,326.5,326.5,320.0,320.5,-5.0,548,290
