date,stock_id,Trading_Volume,Trading_money,open,max,min,close,spread,Trading_turnover,Trading_money_rank
2022-11-04,6695,2320323,79554920,36.0,36.0,33.2,34.1,0.0,1524,234
2022-11-07,6695,830765,28771113,34.15,35.4,33.75,34.35,0.25,559,361
2022-11-08,6695,524891,18114643,34.9,34.9,34.15,34.3,-0.05,395,427
2022-11-09,6695,665804,23060912,34.6,35.25,34.3,34.55,0.25,399,411
2022-11-10,6695,684323,23297766,34.25,34.65,33.6,33.6,-0.95,473,378
2022-11-11,6695,940576,31085591,34.15,34.4,32.35,32.5,-1.1,660,408
2022-11-14,6695,502105,16632190,32.6,33.45,32.55,33.0,0.5,306,485
2022-11-15,6695,2060852,73280340,33.0,36.3,33.0,36.3,3.3,1255,280
2022-11-16,6695,2915609,110356125,36.8,39.7,35.65,39.25,2.95,1800,240
2022-11-17,6695,2282351,90547294,38.25,41.8,38.05,41.35,2.1,1546,247
2022-11-18,6695,1249696,50742892,41.35,42.0,39.7,40.5,-0.85,935,312
2022-11-21,6695,1050198,41941501,40.7,41.15,39.1,41.05,0.55,837,293
2022-11-22,6695,2362742,104886514,40.8,45.15,40.7,45.15,4.1,1252,208
2022-11-23,6695,3468829,167230135,46.2,49.65,44.9,49.65,4.5,1946,161
2022-11-24,6695,2350792,115899705,49.7,51.9,47.65,50.3,0.65,1687,206
2022-11-25,6695,1257423,61743769,50.8,51.0,47.8,47.8,-2.5,1148,272
2022-11-28,6695,1046293,50967856,47.65,50.2,47.05,48.5,0.7,762,277
2022-11-29,6695,1229680,57468419,47.95,48.0,45.65,46.05,-2.45,937,290
2022-11-30,6695,1134724,52487409,46.1,48.4,45.1,46.7,0.65,849,334
2022-12-01,6695,829406,39156704,46.7,48.4,46.1,46.75,0.05,654,395
2022-12-02,6695,690430,31975694,46.75,47.35,45.6,46.0,-0.75,563,395
2022-12-05,6695,1165035,58277217,47.7,50.6,47.65,50.6,4.6,539,327
2022-12-06,6695,2821338,150266556,51.5,55.0,51.5,54.0,3.4,1919,226
2022-12-07,6695,2128942,108322334,52.2,53.3,48.6,50.3,-3.7,1566,256
2022-12-08,6695,979370,47696716,48.95,50.3,47.0,49.4,-0.9,744,300
2022-12-09,6695,790823,38312406,48.8,49.95,47.4,47.7,-1.7,684,350
2022-12-12,6695,946600,43233839,46.3,46.75,45.05,45.05,-2.65,714,332
2022-12-13,6695,519391,23705127,45.65,46.35,45.05,45.05,0.0,446,431
2022-12-14,6695,339211,15406595,45.9,46.0,45.05,46.0,0.95,283,485
2022-12-15,6695,809298,38878804,46.05,49.0,46.05,47.85,1.85,668,344
2022-12-16,6695,620690,28456570,46.4,46.75,45.5,45.65,-2.2,595,425
2022-12-19,6695,254240,11697486,46.0,46.7,45.6,45.9,0.25,230,496
2022-12-20,6695,649814,28282137,45.9,45.9,42.0,42.75,-3.15,467,424
2022-12-21,6695,362616,15284190,43.15,43.2,41.7,41.75,-1.0,293,440
2022-12-22,6695,234680,9928588,42.2,43.3,41.8,42.05,0.3,181,479
2022-12-23,6695,103277,4318305,42.0,42.4,41.1,42.4,0.35,105,590
2022-12-26,6695,121200,5148315,43.45,43.45,42.1,42.15,-0.25,110,552
2022-12-27,6695,225017,9439488,42.15,42.5,41.35,41.4,-0.75,160,467
2022-12-28,6695,390410,15706569,41.75,41.85,39.45,39.75,-1.65,364,432
2022-12-29,6695,235925,9208830,39.5,39.75,38.7,39.4,-0.35,214,497
2022-12-30,6695,255572,10237725,40.1,40.65,39.65,40.0,0.6,217,454
2023-01-03,6695,170232,6754215,40.4,40.4,39.25,39.5,-0.5,204,506
2023-01-04,6695,187485,7563035,39.7,40.8,39.7,40.8,1.3,164,505
2023-01-05,6695,290858,12230336,41.2,42.8,41.2,41.45,0.65,293,461
2023-01-06,6695,257512,10858092,41.85,42.8,41.4,42.25,0.8,197,441
2023-01-09,6695,334410,14284136,42.4,43.8,41.6,42.3,0.05,263,462
2023-01-10,6695,308354,12802834,42.8,42.8,41.0,41.05,-1.25,282,482
2023-01-11,6695,183854,7513052,41.15,41.3,40.45,41.3,0.25,133,550
2023-01-12,6695,152276,6178326,41.5,41.5,40.2,40.2,-1.1,134,567
2023-01-13,6695,161292,6461014,40.5,40.5,39.7,39.9,-0.3,128,545
2023-01-16,6695,98761,3933234,39.85,40.3,39.65,39.95,0.05,96,627
2023-01-17,6695,281515,11439811,40.1,41.9,39.65,41.2,1.25,199,430
2023-01-30,6695,252458,10655754,42.45,43.0,41.5,42.4,1.2,243,546
2023-01-31,6695,211822,8930630,42.0,42.9,41.5,42.9,0.5,162,566
2023-02-01,6695,966828,43928385,43.1,47.15,43.1,47.0,4.1,671,373
2023-02-02,6695,727020,33672679,46.5,47.3,45.75,46.15,-0.85,643,411
2023-02-03,6695,470481,21240522,45.8,46.15,44.7,45.1,-1.05,473,472
2023-02-06,6695,228784,10319065,45.45,45.7,44.8,45.0,-0.1,167,545
2023-02-07,6695,307776,13999542,45.0,46.35,44.65,46.35,1.35,213,479
2023-02-08,6695,275760,12661711,46.95,46.95,45.55,45.8,-0.55,208,548
2023-02-09,6695,231308,10625605,45.75,46.5,45.2,46.1,0.3,188,531
2023-02-10,6695,322648,14643812,46.1,46.25,44.8,45.0,-1.1,254,512
2023-02-13,6695,775220,36929749,45.5,48.95,45.05,47.7,2.7,571,347
2023-02-14,6695,423738,19794191,47.6,47.6,45.7,46.35,-1.35,308,420
2023-02-15,6695,145227,6716478,46.1,46.9,45.8,46.15,-0.2,128,613
2023-02-16,6695,154301,7154886,46.45,46.7,46.15,46.55,0.4,137,601
2023-02-17,6695,206787,9511845,46.55,46.55,45.6,45.8,-0.75,172,563
2023-02-20,6695,498851,23707342,46.0,48.4,45.5,47.15,1.35,377,473
2023-02-21,6695,409859,19454128,47.1,48.5,46.65,47.35,0.2,319,496
2023-02-22,6695,890942,40412672,46.9,46.9,44.8,45.0,-2.35,640,393
2023-02-23,6695,266148,11983002,45.0,45.6,44.55,45.15,0.15,174,591
2023-02-24,6695,376780,16833090,45.5,45.9,44.0,44.15,-1.0,287,542
2023-03-01,6695,228501,10049036,44.05,44.5,43.6,44.3,0.15,154,602
2023-03-02,6695,113164,5055211,44.3,45.25,44.15,44.8,0.5,93,690
2023-03-03,6695,114471,5130458,45.2,45.2,44.35,44.7,-0.1,94,710
2023-03-06,6695,292071,13151464,44.7,45.3,44.6,45.0,0.3,185,625
2023-03-07,6695,253126,11301153,45.1,45.1,44.35,44.45,-0.55,205,623
2023-03-08,6695,159257,7083973,44.2,45.15,43.75,44.45,0.0,132,692
2023-03-09,6695,210540,9327019,44.45,44.8,44.05,44.1,-0.35,166,665
2023-03-10,6695,305369,13228700,44.1,44.1,42.9,42.9,-1.2,234,635
2023-03-13,6695,194159,8242723,43.0,43.0,42.0,42.75,-0.15,152,688
2023-03-14,6695,192301,8045855,42.5,42.5,41.5,41.7,-1.05,161,619
2023-03-15,6695,172778,7253969,41.7,42.3,41.7,41.8,0.1,104,652
2023-03-16,6695,155445,6366143,41.5,41.8,40.5,40.7,-1.1,127,729
2023-03-17,6695,107355,4418531,40.75,41.75,40.75,41.75,1.05,80,705
2023-03-20,6695,136195,5644529,41.2,42.0,41.05,41.7,-0.05,89,646
2023-03-21,6695,834823,37348545,43.55,45.85,43.15,45.85,4.15,486,400
2023-03-22,6695,862156,39690726,46.3,46.95,45.1,45.1,-0.75,537,399
2023-03-23,6695,206251,9246821,44.8,45.15,44.5,44.8,-0.3,168,606
2023-03-24,6695,238928,10807032,45.0,46.0,44.7,44.95,0.15,198,609
2023-03-27,6695,230912,10202831,44.65,44.7,43.9,44.5,-0.45,166,610
2023-03-28,6695,186329,8216512,45.5,45.5,43.5,43.75,-0.75,151,650
2023-03-29,6695,47010,2059340,43.8,44.05,43.6,43.7,-0.05,44,802
2023-03-30,6695,56103,2451549,43.85,43.85,43.55,43.55,-0.15,50,781
2023-03-31,6695,94125,4101202,43.6,43.9,43.4,43.55,0.0,63,709
2023-04-06,6695,97331,4281049,43.6,44.9,43.55,43.95,0.4,80,721
2023-04-07,6695,105525,4647222,44.5,44.6,43.8,43.8,-0.15,84,705
2023-04-10,6695,172155,7604533,44.2,44.6,43.85,44.1,0.3,127,648
2023-04-11,6695,2189401,104556829,45.15,48.5,45.15,48.5,4.4,1192,269
2023-04-12,6695,1773844,86449548,48.9,49.95,47.75,48.45,-0.05,1284,315
2023-04-13,6695,716229,33535186,47.8,47.8,46.25,46.25,-2.2,552,461
2023-04-14,6695,458973,21683278,46.35,48.0,46.35,47.7,1.45,371,508
2023-04-17,6695,377488,17709255,47.7,47.7,46.4,47.05,-0.65,355,564
2023-04-18,6695,343958,16252200,47.2,48.4,46.4,47.5,0.45,347,574
2023-04-19,6695,279854,13111329,47.5,47.5,46.55,46.7,-0.8,223,615
2023-04-20,6695,258448,11895030,46.7,46.7,45.5,45.8,-0.9,199,622
2023-04-21,6695,672226,29353248,45.8,45.8,42.25,42.6,-3.2,478,508
2023-04-24,6695,599397,25131504,42.6,42.6,41.1,42.1,-0.5,430,437
2023-04-25,6695,348870,14416189,42.5,42.5,40.75,41.8,-0.3,258,591
2023-04-26,6695,111295,4607281,41.8,41.9,40.95,41.9,0.1,83,698
2023-04-27,6695,97865,4129448,41.95,42.75,41.55,42.1,0.2,69,674
2023-04-28,6695,175988,7466547,42.7,43.4,42.1,42.6,0.5,150,613
2023-05-02,6695,295304,12593613,42.5,43.1,42.3,42.3,-0.3,141,559
2023-05-03,6695,334519,13932632,42.3,42.3,41.5,41.6,-0.7,174,517
2023-05-04,6695,121004,5015715,41.55,41.65,41.3,41.6,0.0,86,687
2023-05-05,6695,108515,4623203,41.75,43.2,41.75,42.7,1.1,99,686
2023-05-08,6695,142230,6025730,42.7,43.3,42.2,42.2,-0.5,77,665
2023-05-09,6695,198820,8255312,42.2,42.3,41.25,41.3,-0.9,121,627
2023-05-10,6695,32345,1346840,41.5,42.5,41.5,41.65,0.35,30,839
2023-05-11,6695,164180,6834337,42.15,42.85,41.05,41.35,-0.3,112,721
2023-05-12,6695,63114,2613652,41.35,41.7,41.15,41.65,0.3,45,770
2023-05-15,6695,95181,3975447,42.0,42.2,41.55,41.8,0.15,65,733
2023-05-16,6695,83278,3471391,41.8,42.1,41.5,41.55,-0.25,82,763
2023-05-17,6695,90879,3785012,41.6,42.0,41.5,41.6,0.05,64,809
2023-05-18,6695,101289,4236618,41.6,42.05,41.6,42.05,0.45,94,756
2023-05-19,6695,105261,4411739,42.0,42.0,41.8,41.8,-0.25,76,718
2023-05-22,6695,138546,5879406,42.0,43.0,42.0,42.85,1.05,99,668
2023-05-23,6695,86107,3681430,42.9,42.95,42.5,42.75,-0.1,73,760
2023-05-24,6695,159100,6733465,42.5,42.8,42.0,42.8,0.05,108,660
2023-05-25,6695,70299,2977360,42.35,42.5,42.25,42.45,-0.35,56,764
2023-05-26,6695,415024,18194474,42.5,45.95,42.45,44.25,1.8,275,542
2023-05-29,6695,680989,30917767,45.55,46.6,44.2,44.65,0.4,484,440
2023-05-30,6695,312205,14019837,44.9,45.5,44.5,44.85,0.2,206,536
2023-05-31,6695,506009,23232096,45.0,46.85,44.9,45.55,0.7,474,491
2023-06-01,6695,274235,12383400,45.5,45.75,44.6,44.85,-0.7,203,568
2023-06-02,6695,202351,9057667,45.0,45.1,44.3,44.3,-0.55,157,648
2023-06-05,6695,168932,7572566,44.3,45.3,44.3,44.9,0.6,137,690
2023-06-06,6695,796587,36565961,45.3,46.95,44.85,45.0,0.1,576,437
2023-06-07,6695,358550,16226920,45.0,46.3,44.7,45.8,0.8,319,567
2023-06-08,6695,207395,9385747,45.8,45.8,44.8,45.0,-0.8,144,637
2023-06-09,6695,355026,16260705,45.2,46.7,45.1,45.4,0.4,297,573
2023-06-12,6695,594405,26106052,44.4,44.9,43.3,43.55,-1.85,353,519
2023-06-13,6695,268051,11678068,43.9,43.95,43.3,43.45,-0.1,145,630
2023-06-14,6695,221288,9721609,43.5,44.7,43.5,43.65,0.2,143,656
2023-06-15,6695,193404,8560793,43.65,44.6,43.65,44.05,0.4,143,674
2023-06-16,6695,435516,19724039,44.1,45.9,44.1,45.85,1.8,336,564
2023-06-19,6695,1196806,55389642,46.9,47.85,44.3,45.05,-0.8,787,391
2023-06-20,6695,1766474,83842535,45.15,48.65,44.35,47.6,2.55,1207,328
2023-06-21,6695,5746839,291734311,48.5,52.3,48.25,50.7,3.1,3438,175
2023-06-26,6695,2132817,100809362,49.15,50.0,46.0,46.0,-4.7,1604,302
2023-06-27,6695,717951,33180813,46.0,47.7,45.25,45.3,-0.7,703,464
2023-06-28,6695,409838,18688438,45.5,46.3,45.05,45.05,-0.25,362,511
2023-06-29,6695,360061,16339549,45.25,46.35,45.05,45.15,0.1,239,536
2023-06-30,6695,455651,20916088,45.3,47.1,44.85,46.35,1.2,329,492
2023-07-03,6695,440530,20441405,46.0,47.0,45.9,46.2,-0.15,277,552
2023-07-04,6695,433380,20341483,46.35,47.5,46.35,46.8,0.6,298,549
2023-07-05,6695,457546,21023256,47.3,47.3,45.0,45.65,-1.15,382,536
2023-07-06,6695,355627,16042936,45.8,46.0,44.65,44.8,-0.85,286,597
2023-07-07,6695,373335,16549471,44.65,44.8,43.8,44.55,-0.25,291,588
