date,stock_id,Trading_Volume,Trading_money,open,max,min,close,spread,Trading_turnover,Trading_money_rank
2019-11-25,6698,2317984,169397732,72.0,75.1,70.2,73.0,0.0,1627,124
2019-11-26,6698,1767400,131994118,73.0,76.5,73.0,74.0,1.0,1233,170
2019-11-27,6698,705250,51604350,73.9,74.0,72.1,74.0,0.0,554,232
2019-11-28,6698,335507,24590718,74.0,74.0,72.8,73.1,-0.9,272,309
2019-11-29,6698,404000,29024900,72.9,72.9,71.2,71.3,-1.8,324,299
2019-12-02,6698,497050,35012350,73.0,73.0,69.6,69.7,-1.6,356,280
2019-12-03,6698,1141614,85722332,69.7,76.6,69.6,76.6,6.9,737,172
2019-12-04,6698,2179926,168313604,77.0,81.0,74.6,80.9,4.3,1494,112
2019-12-05,6698,2430360,197410280,79.0,83.5,78.8,82.5,1.6,1587,104
2019-12-06,6698,1851288,150894428,81.9,82.7,80.7,82.5,0.0,1045,124
2019-12-09,6698,1176267,96440752,83.0,83.0,81.0,81.0,-1.5,835,182
2019-12-10,6698,1531550,126860624,81.5,85.8,80.2,83.9,2.9,1169,129
2019-12-11,6698,1867033,165736559,84.5,90.4,84.5,89.7,5.8,1437,126
2019-12-12,6698,1530861,139543419,90.8,94.1,88.2,90.1,0.4,1197,153
2019-12-13,6698,1231410,111539528,91.2,92.8,89.1,89.1,-1.0,927,184
2019-12-16,6698,885844,80484648,89.9,92.0,89.2,92.0,2.9,687,206
2019-12-17,6698,852580,78705100,93.3,95.0,91.0,91.3,-0.7,658,219
2019-12-18,6698,475800,43247398,91.0,92.0,90.1,90.5,-0.8,389,291
2019-12-19,6698,642313,57821250,91.0,91.6,89.0,89.0,-1.5,444,237
2019-12-20,6698,1429490,131717670,90.4,93.5,89.0,93.0,4.0,1095,171
2019-12-23,6698,2407822,234397656,94.1,100.0,94.1,97.5,4.5,1759,86
2019-12-24,6698,1377105,135613195,97.5,100.0,96.7,99.0,1.5,971,128
2019-12-25,6698,1367633,136191735,100.0,101.0,98.2,98.8,-0.2,1085,122
2019-12-26,6698,1292096,128062817,99.7,101.5,97.4,97.7,-1.1,959,140
2019-12-27,6698,1767351,167877219,97.7,98.2,93.5,93.8,-3.9,1434,116
2019-12-30,6698,1338200,122324000,91.5,93.9,90.4,90.6,-3.2,1044,160
2019-12-31,6698,581550,53223434,90.5,92.4,90.5,91.3,0.7,460,246
2020-01-02,6698,1022216,92056101,91.5,91.9,87.9,91.9,0.6,831,194
2020-01-03,6698,757400,68912800,92.0,93.8,89.1,89.5,-2.4,629,250
2020-01-06,6698,936200,81105377,88.6,89.1,85.0,85.4,-4.1,727,202
2020-01-07,6698,730720,62923484,85.6,88.0,84.3,87.2,1.8,521,237
2020-01-08,6698,418100,35586820,85.6,86.5,84.2,84.6,-2.6,373,293
2020-01-09,6698,317200,27075400,85.9,86.5,84.6,84.7,0.1,254,298
2020-01-10,6698,885501,71051976,80.2,82.2,78.3,80.6,-4.1,695,200
2020-01-13,6698,323233,26132019,81.5,81.9,80.0,81.0,0.4,245,322
2020-01-14,6698,406190,32880275,81.0,82.0,80.1,81.8,0.8,344,303
2020-01-15,6698,342337,27759164,82.1,83.1,80.1,80.1,-1.7,271,309
2020-01-16,6698,430380,34074662,80.1,80.2,78.6,78.6,-1.5,381,290
2020-01-17,6698,855580,65547432,78.1,78.6,75.1,76.8,-1.8,655,226
2020-01-20,6698,661622,51053445,76.7,81.7,74.9,80.0,3.2,518,256
2020-01-30,6698,723784,52178548,72.0,73.2,72.0,72.0,-8.0,474,376
2020-01-31,6698,619551,43055919,71.9,73.0,67.5,68.5,-3.5,491,325
2020-02-03,6698,923660,57314750,61.7,63.5,61.7,61.8,-6.7,574,296
2020-02-04,6698,849210,52860238,61.8,63.9,61.3,62.3,0.5,666,266
2020-02-05,6698,776549,51206406,63.2,68.5,62.0,68.5,6.2,588,270
2020-02-06,6698,1367240,100126072,72.0,75.3,70.5,75.3,6.8,909,197
2020-02-07,6698,687382,50182852,73.7,75.5,71.0,72.4,-2.9,596,267
2020-02-10,6698,460999,31386731,66.1,70.1,66.1,68.1,-4.3,381,316
2020-02-11,6698,343302,24255302,68.6,71.8,68.6,71.0,2.9,278,318
2020-02-12,6698,245050,17715124,71.1,73.0,71.1,72.1,1.1,219,378
2020-02-13,6698,267565,19028961,71.7,72.8,70.0,70.0,-2.1,235,367
2020-02-14,6698,156700,11100440,70.1,71.7,69.9,70.6,0.6,127,412
2020-02-17,6698,509065,36993976,71.5,73.9,70.1,73.6,3.0,410,275
2020-02-18,6698,325150,23901110,73.4,75.4,72.8,73.0,-0.6,267,318
2020-02-19,6698,268100,19678470,74.0,74.4,72.7,72.9,-0.1,218,356
2020-02-20,6698,158100,11458890,73.0,73.0,72.1,72.1,-0.8,136,418
2020-02-21,6698,192150,13652775,71.6,71.6,70.6,71.0,-1.1,153,396
2020-02-24,6698,175650,12224080,70.4,70.5,68.5,69.1,-1.9,141,450
2020-02-25,6698,108000,7405300,66.2,69.8,66.2,69.1,0.0,84,520
2020-02-26,6698,167300,11557340,68.0,69.8,68.0,68.8,-0.3,111,409
2020-02-27,6698,381516,25350510,69.0,69.0,65.1,65.3,-3.5,286,377
2020-03-02,6698,258000,16762400,65.1,66.9,63.8,65.9,0.6,202,451
2020-03-03,6698,181000,12272800,67.4,68.8,66.6,66.8,0.9,151,426
2020-03-04,6698,320100,20883160,66.9,66.9,64.5,64.8,-2.0,237,342
2020-03-05,6698,198000,12893100,66.2,66.2,64.5,64.9,0.1,165,405
2020-03-06,6698,164450,10493190,65.0,65.0,63.2,63.9,-1.0,152,457
2020-03-09,6698,234250,14550950,63.8,63.8,61.4,61.4,-2.5,204,539
2020-03-10,6698,329150,20517730,60.2,65.1,59.5,64.9,3.5,262,447
2020-03-11,6698,154300,9866760,65.3,65.5,63.0,63.0,-1.9,138,502
2020-03-12,6698,371350,21882839,61.0,61.0,56.7,57.9,-5.1,278,501
2020-03-13,6698,674374,35253722,52.3,53.9,52.2,53.4,-4.5,434,446
2020-03-16,6698,311500,15872949,53.4,55.6,48.4,48.6,-4.8,233,487
2020-03-17,6698,405010,18026370,44.05,47.0,43.9,44.2,-4.4,285,471
2020-03-18,6698,567465,23692989,44.9,44.9,39.8,40.1,-4.1,435,390
2020-03-19,6698,344150,12537414,38.0,38.0,36.1,36.1,-4.0,284,599
2020-03-20,6698,621000,23403649,36.6,38.8,36.6,38.0,1.9,436,388
2020-03-23,6698,121125,4351618,34.3,37.05,34.3,36.95,-1.05,113,592
2020-03-24,6698,189300,7398970,36.65,40.0,36.65,39.4,2.45,156,544
2020-03-25,6698,236050,10060145,41.5,43.25,41.5,42.9,3.5,191,538
2020-03-26,6698,155100,6588120,43.5,43.6,41.5,42.3,-0.6,122,552
2020-03-27,6698,257030,10912758,42.3,43.25,41.0,41.55,-0.75,194,510
2020-03-30,6698,135300,5333276,38.0,39.9,38.0,39.9,-1.65,103,535
2020-03-31,6698,93000,3773200,40.0,41.65,40.0,40.3,0.4,79,605
2020-04-01,6698,66825,2709745,40.35,40.95,40.35,40.6,0.3,59,620
2020-04-06,6698,63000,2549150,40.8,40.9,40.0,40.55,-0.05,55,651
2020-04-07,6698,209000,9014450,41.55,44.6,41.3,44.6,4.05,142,531
2020-04-08,6698,407220,19452991,45.8,49.05,45.6,49.05,4.45,282,425
2020-04-09,6698,936429,49121922,51.5,53.9,50.5,52.5,3.45,714,292
2020-04-10,6698,487259,24258676,51.0,51.0,48.6,50.0,-2.5,378,340
2020-04-13,6698,311020,14964216,49.9,49.9,47.2,47.85,-2.15,236,413
2020-04-14,6698,259300,12795060,48.5,51.3,48.0,49.8,1.95,212,475
2020-04-15,6698,257279,12711050,49.8,50.0,48.7,49.4,-0.4,194,522
2020-04-16,6698,137000,6653150,49.4,49.4,48.0,48.9,-0.5,113,567
2020-04-17,6698,359235,18117200,50.0,51.7,49.4,49.5,0.6,296,462
2020-04-20,6698,183100,9023950,49.5,50.2,48.2,49.8,0.3,142,476
2020-04-21,6698,220000,10551350,49.2,49.2,47.0,47.3,-2.5,195,560
2020-04-22,6698,151000,7077200,46.5,48.45,45.85,48.0,0.7,128,516
2020-04-23,6698,144000,6832150,48.25,48.8,46.55,47.7,-0.3,109,506
2020-04-24,6698,119500,5604650,47.95,47.95,46.7,47.0,-0.7,104,512
2020-04-27,6698,229025,11068800,47.0,49.2,47.0,48.4,1.4,199,512
2020-04-28,6698,194000,9391800,48.4,49.2,48.0,48.7,0.3,165,515
2020-04-29,6698,404575,21166262,50.2,53.5,49.55,53.5,4.8,303,440
2020-04-30,6698,1291917,73717789,55.5,58.7,55.4,58.0,4.5,946,296
2020-05-04,6698,386066,21639033,55.1,58.5,54.3,57.5,-0.5,314,419
2020-05-05,6698,289000,16592100,59.9,59.9,56.1,57.0,-0.5,256,448
2020-05-06,6698,215006,12124176,57.0,57.2,56.0,56.2,-0.8,180,498
2020-05-07,6698,239284,13684214,55.9,57.9,55.9,57.2,1.0,185,500
2020-05-08,6698,281100,15806660,57.1,57.2,55.5,55.9,-1.3,212,488
2020-05-11,6698,341070,18697185,55.0,56.0,54.3,55.5,-0.4,254,461
2020-05-12,6698,307020,17446254,55.5,57.9,55.5,56.6,1.1,229,447
2020-05-13,6698,130000,7232000,55.0,56.5,55.0,56.0,-0.6,96,548
2020-05-14,6698,230033,12539455,55.6,55.6,53.5,53.5,-2.5,198,502
2020-05-15,6698,149501,7942904,54.3,54.5,52.4,52.8,-0.7,130,570
2020-05-18,6698,136001,7047152,52.8,52.8,51.1,51.4,-1.4,97,544
2020-05-19,6698,114055,5881787,52.5,53.0,51.1,51.9,0.5,89,584
2020-05-20,6698,71000,3689400,51.4,52.5,51.4,52.5,0.6,58,635
2020-05-21,6698,115065,6063677,53.5,53.5,52.0,52.8,0.3,100,574
2020-05-22,6698,221200,11347340,52.4,52.5,50.3,51.0,-1.8,159,495
2020-05-25,6698,96000,4954600,50.1,52.8,50.1,52.5,1.5,74,609
2020-05-26,6698,81025,4276827,52.5,53.2,52.5,52.8,0.3,68,653
2020-05-27,6698,42000,2201000,52.8,52.9,52.0,52.0,-0.8,41,738
2020-05-28,6698,66000,3419400,52.0,52.5,51.2,51.2,-0.8,54,688
2020-05-29,6698,152000,8086300,51.0,54.3,51.0,53.0,1.8,131,509
2020-06-01,6698,1321171,75014958,55.1,58.3,54.0,55.2,2.2,883,256
2020-06-02,6698,337000,18193000,55.0,55.2,53.1,53.4,-1.8,246,432
2020-06-03,6698,132050,7092325,53.9,54.2,53.5,53.7,0.3,107,622
2020-06-04,6698,103040,5506572,54.1,54.3,53.0,53.1,-0.6,93,634
2020-06-05,6698,121000,6422300,53.1,53.5,52.8,53.0,-0.1,91,631
2020-06-08,6698,237065,12911494,53.1,55.5,53.0,54.7,1.7,175,573
2020-06-09,6698,149018,8168295,55.2,56.0,54.1,54.1,-0.6,117,610
2020-06-10,6698,285100,15693240,54.1,56.0,54.0,54.8,0.7,218,508
2020-06-11,6698,528000,27537800,51.1,53.3,51.1,52.5,-2.3,379,462
2020-06-12,6698,221102,11183205,51.5,51.9,49.4,51.9,-0.6,176,556
2020-06-15,6698,208007,10559388,51.9,51.9,50.3,50.5,-1.4,155,530
2020-06-16,6698,153030,7752745,50.5,51.4,50.4,50.6,0.1,119,576
2020-06-17,6698,144000,7270100,50.6,50.7,50.2,50.2,-0.4,97,592
2020-06-18,6698,166060,8338610,50.2,50.9,49.8,50.6,0.4,121,584
2020-06-19,6698,111000,5645900,50.6,51.6,50.6,50.8,0.2,78,653
2020-06-22,6698,1004469,54081553,51.1,55.8,51.1,51.7,0.9,686,336
2020-06-23,6698,156198,8064616,52.2,52.3,51.1,51.4,-0.3,129,580
2020-06-24,6698,154000,7856400,52.0,52.4,50.6,50.7,-0.7,126,566
2020-06-29,6698,103000,5210800,50.7,51.8,50.2,50.6,-0.1,71,651
2020-06-30,6698,84000,4252600,50.9,51.4,50.4,50.6,0.0,63,647
2020-07-01,6698,433000,21808200,51.3,51.3,49.9,50.2,-0.4,357,432
2020-07-02,6698,370000,18047350,49.9,49.9,48.2,49.0,0.0,297,465
2020-07-03,6698,296100,14813045,49.05,50.7,49.0,50.3,1.3,211,526
2020-07-06,6698,184200,9291920,50.4,50.7,50.2,50.6,0.3,147,664
2020-07-07,6698,196065,9803540,51.0,51.0,49.25,49.75,-0.85,133,630
2020-07-08,6698,902100,47343400,49.7,54.7,49.5,51.5,1.75,622,394
2020-07-09,6698,279000,14558600,51.6,53.3,51.3,51.3,-0.2,201,594
2020-07-10,6698,256010,13052703,51.3,52.5,50.0,50.2,-1.1,196,612
2020-07-13,6698,102000,5125450,51.5,51.5,49.9,49.95,-0.25,90,695
2020-07-14,6698,87100,4363130,50.0,50.6,49.8,49.8,-0.15,65,700
2020-07-15,6698,98259,4874081,50.1,50.1,49.3,49.3,-0.5,88,695
2020-07-16,6698,1084120,57100844,51.7,54.1,50.6,51.3,2.0,730,312
2020-07-17,6698,408250,20449500,51.6,51.6,49.55,49.65,-1.65,337,470
2020-07-20,6698,774000,39366850,51.7,52.3,49.8,50.7,1.05,656,343
2020-07-21,6698,2280845,122800095,51.7,55.4,51.1,54.2,3.5,1407,219
2020-07-22,6698,1955359,110002591,53.6,59.0,52.6,58.2,4.0,1409,228
2020-07-23,6698,2441591,148455328,58.5,63.0,58.5,60.8,2.6,1854,189
2020-07-24,6698,2722612,155126019,60.0,60.1,54.8,54.8,-6.0,1956,206
2020-07-27,6698,894004,48194526,56.2,56.3,51.8,52.7,-2.1,679,346
2020-07-28,6698,1126550,56371328,52.3,52.7,48.9,49.5,-3.2,848,326
2020-07-29,6698,453234,22463333,49.5,50.6,49.05,49.4,-0.1,413,420
2020-07-30,6698,305050,15135320,50.0,50.3,49.05,49.4,0.0,238,454
2020-07-31,6698,370201,18217488,49.9,49.9,49.0,49.2,-0.2,309,413
2020-08-03,6698,228300,11173300,49.4,49.4,48.8,48.8,-0.4,192,516
2020-08-04,6698,140050,6907165,49.9,49.9,48.9,49.2,0.4,110,569
2020-08-05,6698,276239,13610930,49.5,50.3,48.8,48.9,-0.3,227,493
2020-08-06,6698,288900,14001100,49.0,49.2,48.2,48.3,-0.6,217,493
2020-08-07,6698,151100,7353050,48.35,49.1,48.15,48.7,0.4,116,560
2020-08-10,6698,134250,6552800,48.7,49.2,48.4,48.4,-0.3,105,616
2020-08-11,6698,348099,16315571,48.1,48.2,46.0,46.2,-2.2,275,490
2020-08-12,6698,243250,11097600,46.15,46.8,44.5,45.45,-0.75,166,512
2020-08-13,6698,112300,5131090,45.45,46.2,45.0,45.8,0.35,90,623
2020-08-14,6698,80000,3638150,45.4,45.8,45.0,45.6,-0.2,74,681
2020-08-17,6698,135010,6173302,45.65,46.55,45.4,45.7,0.1,116,654
2020-08-18,6698,150100,6826980,46.75,46.75,45.0,45.35,-0.35,99,621
2020-08-19,6698,146843,6596994,45.5,45.55,44.5,44.6,-0.75,120,655
2020-08-20,6698,299650,12551504,43.3,44.0,40.9,41.1,-3.5,241,624
2020-08-21,6698,136056,5782736,42.0,43.5,41.55,43.0,1.9,113,630
2020-08-24,6698,74000,3184000,43.05,43.7,42.5,42.7,-0.3,58,679
2020-08-25,6698,121200,5278290,42.85,44.6,42.8,43.05,0.35,104,650
2020-08-26,6698,182210,7842051,43.05,43.3,42.65,43.1,0.05,111,583
2020-08-27,6698,134244,5717070,43.4,43.4,42.25,42.35,-0.75,114,625
2020-08-28,6698,121346,5091529,42.05,42.1,41.8,41.85,-0.5,89,635
2020-08-31,6698,120000,5026950,41.9,42.5,41.5,41.55,-0.3,87,675
2020-09-01,6698,121036,5082784,41.35,42.8,41.1,42.7,1.15,100,656
2020-09-02,6698,153000,6767750,43.2,45.65,43.0,43.8,1.1,141,634
2020-09-03,6698,90000,3976200,43.8,44.8,43.8,43.85,0.05,80,717
2020-09-04,6698,73000,3145500,42.8,43.5,42.1,43.0,-0.85,59,734
2020-09-07,6698,62051,2690793,42.7,44.35,42.7,43.2,0.2,55,777
2020-09-08,6698,35050,1518000,43.2,43.85,43.0,43.15,-0.05,28,802
2020-09-09,6698,46000,1949800,42.35,43.0,41.85,42.55,-0.6,40,772
2020-09-10,6698,48000,2046500,43.1,43.1,42.0,42.1,-0.45,46,782
2020-09-11,6698,57136,2399462,41.75,42.6,41.75,41.8,-0.3,54,769
2020-09-14,6698,59029,2481930,41.4,42.8,41.4,41.9,0.1,47,747
2020-09-15,6698,135667,5720514,42.0,42.4,41.8,42.35,0.45,93,616
2020-09-16,6698,135295,5843140,42.35,43.8,42.35,43.15,0.8,110,631
2020-09-17,6698,57125,2447025,42.8,43.2,42.5,42.6,-0.55,48,729
2020-09-18,6698,76450,3229594,42.5,42.6,42.05,42.05,-0.55,64,734
2020-09-21,6698,66078,2764740,42.1,42.3,41.45,41.45,-0.6,61,761
2020-09-22,6698,65000,2681500,41.45,41.6,41.0,41.25,-0.2,61,742
2020-09-23,6698,73036,2991324,41.25,41.25,40.8,40.9,-0.35,62,745
2020-09-24,6698,93090,3738058,40.9,40.9,40.0,40.0,-0.9,77,766
2020-09-25,6698,74000,2954200,39.7,40.4,39.4,39.5,-0.5,53,758
2020-09-28,6698,35000,1386700,39.45,40.0,39.15,39.5,0.0,31,763
2020-09-29,6698,42040,1682162,39.55,40.3,39.55,40.2,0.7,32,725
2020-09-30,6698,77337,3239397,40.0,43.1,40.0,43.1,2.9,51,610
2020-10-05,6698,274090,12029729,43.7,44.85,43.3,43.3,0.2,210,452
2020-10-06,6698,60120,2602603,43.6,44.05,42.8,42.95,-0.35,48,720
2020-10-07,6698,80200,3483320,43.0,43.6,43.0,43.6,0.65,69,634
2020-10-08,6698,65100,2819934,43.6,43.75,42.9,43.65,0.05,56,698
2020-10-12,6698,36300,1556985,43.65,43.65,42.5,42.55,-1.1,33,769
2020-10-13,6698,44163,1864994,42.3,42.55,42.05,42.2,-0.35,39,735
2020-10-14,6698,54020,2271648,42.5,42.5,41.65,42.0,-0.2,40,723
2020-10-15,6698,57000,2375700,41.5,42.0,41.5,41.65,-0.35,41,711
2020-10-16,6698,53746,2250747,41.5,42.5,41.5,41.65,0.0,51,705
2020-10-19,6698,41205,1728217,42.5,42.7,41.5,41.65,0.0,36,775
2020-10-20,6698,38000,1577100,41.65,41.75,41.3,41.75,0.1,29,719
2020-10-21,6698,82000,3455000,42.05,42.5,41.7,42.2,0.45,59,652
2020-10-22,6698,31191,1308864,42.05,42.05,41.85,41.85,-0.35,24,757
2020-10-23,6698,44000,1829400,41.9,41.9,41.3,41.4,-0.45,37,708
2020-10-26,6698,13000,537550,41.3,41.55,41.3,41.3,-0.1,11,863
2020-10-27,6698,26000,1067350,41.0,41.25,41.0,41.0,-0.3,23,784
2020-10-28,6698,55200,2239840,40.6,40.7,40.5,40.65,-0.35,37,720
2020-10-29,6698,32000,1295450,40.0,41.2,40.0,41.15,0.5,30,771
2020-10-30,6698,68000,2761500,40.95,41.15,40.4,40.4,-0.75,60,687
2020-11-02,6698,110000,4421700,40.35,40.9,39.95,39.95,-0.45,83,613
2020-11-03,6698,128000,5141100,40.5,40.95,39.95,40.0,0.05,97,588
2020-11-04,6698,49279,1997639,40.0,41.25,40.0,40.5,0.5,46,691
2020-11-05,6698,14000,568650,41.0,41.0,40.3,40.5,0.0,14,828
2020-11-06,6698,58000,2346450,40.35,40.5,40.35,40.35,-0.15,50,702
2020-11-09,6698,83000,3346200,41.0,41.0,40.0,40.05,-0.3,69,702
2020-11-10,6698,107000,4332000,40.35,40.8,40.1,40.1,0.05,92,693
2020-11-11,6698,86335,3492862,40.2,40.7,40.15,40.35,0.25,84,748
2020-11-12,6698,118000,4770100,40.5,40.6,40.2,40.2,-0.15,92,670
2020-11-13,6698,35100,1410640,40.15,40.45,39.9,40.4,0.2,29,777
2020-11-16,6698,75075,3042037,40.5,40.7,40.4,40.45,0.05,71,745
2020-11-17,6698,46000,1852600,40.2,40.5,40.1,40.1,-0.35,36,801
2020-11-18,6698,108000,4373850,40.25,40.6,40.15,40.5,0.4,104,700
2020-11-19,6698,468051,19058062,40.6,41.2,40.45,40.45,-0.05,435,481
2020-11-20,6698,423154,17378663,41.4,41.45,40.5,40.5,0.05,373,490
2020-11-23,6698,264000,10685350,40.5,40.6,40.2,40.45,-0.05,197,604
2020-11-24,6698,199021,8084732,40.9,41.0,40.45,40.45,0.0,181,626
2020-11-25,6698,226762,9189265,40.7,40.8,40.2,40.4,-0.05,178,616
2020-11-26,6698,228111,9248024,40.5,40.7,40.3,40.5,0.1,194,605
2020-11-27,6698,222679,9022645,40.7,40.75,40.4,40.5,0.0,132,630
2020-11-30,6698,624285,25460599,40.6,41.4,40.55,40.65,0.15,354,541
2020-12-01,6698,919526,37445060,40.65,40.9,40.4,40.5,-0.15,457,451
2020-12-02,6698,682303,27496797,41.2,41.2,39.95,40.0,-0.5,460,504
2020-12-03,6698,254203,10147530,40.0,40.25,39.8,39.8,-0.2,182,630
2020-12-04,6698,128862,5132145,39.8,40.0,39.7,39.95,0.15,107,721
2020-12-07,6698,886047,35528327,40.15,40.85,39.85,39.9,-0.05,512,474
2020-12-08,6698,232000,9253600,39.9,40.0,39.8,39.85,-0.05,138,630
2020-12-09,6698,640200,25586789,39.9,40.55,39.75,39.9,0.05,410,505
2020-12-10,6698,311868,12258878,39.8,39.85,38.95,39.1,-0.8,201,605
2020-12-11,6698,382906,14539196,39.0,39.25,37.3,37.45,-1.65,280,594
2020-12-14,6698,210000,8100800,37.7,39.0,37.7,38.6,1.15,134,600
2020-12-15,6698,131000,4989350,39.0,39.0,37.7,37.7,-0.9,86,705
2020-12-16,6698,97001,3658737,38.0,38.0,37.5,37.8,0.1,74,763
2020-12-17,6698,59055,2238117,37.8,38.0,37.8,37.85,0.05,43,766
2020-12-18,6698,114552,4313465,37.6,37.85,37.55,37.8,-0.05,79,715
2020-12-21,6698,182000,6896200,37.8,38.05,37.7,37.95,0.15,109,674
2020-12-22,6698,603259,24376577,37.95,41.7,37.95,39.65,1.7,464,529
2020-12-23,6698,242050,9664692,40.0,40.05,39.65,39.75,0.1,129,591
2020-12-24,6698,55280,2205950,39.85,40.0,39.75,39.95,0.2,50,785
2020-12-25,6698,253204,10083707,40.7,40.7,39.3,39.5,-0.45,132,596
2020-12-28,6698,165000,6588150,39.95,40.0,39.65,39.85,0.35,102,701
2020-12-29,6698,101134,4021389,40.0,40.0,39.6,39.9,0.05,64,752
2020-12-30,6698,2959187,119095479,40.0,40.6,40.0,40.25,0.35,119,264
2020-12-31,6698,1279933,56010734,41.7,44.25,41.7,44.25,4.0,710,389
2021-01-04,6698,3628543,175998561,48.65,48.65,47.25,48.65,4.4,1918,255
2021-01-05,6698,5660014,285453332,49.0,52.9,47.2,49.8,1.15,3793,185
2021-01-06,6698,5588744,283249873,49.85,52.8,47.95,50.0,0.2,3469,213
2021-01-07,6698,4455607,226981160,52.0,52.4,49.5,49.5,-0.5,2805,209
2021-01-08,6698,3830147,196371173,50.4,52.5,50.0,51.0,1.5,2279,241
2021-01-11,6698,2818492,147176614,51.0,53.4,50.5,52.2,1.2,1852,263
2021-01-12,6698,2435528,121237306,52.4,52.8,47.5,48.95,-3.25,1621,318
2021-01-13,6698,1174252,56344524,49.0,49.45,46.6,47.05,-1.9,801,391
2021-01-14,6698,751101,34737985,47.15,47.3,45.6,46.0,-1.05,535,442
2021-01-15,6698,479897,22147112,47.3,47.55,45.2,45.25,-0.75,342,552
2021-01-18,6698,858084,39045463,45.55,47.85,43.05,47.5,2.25,594,434
2021-01-19,6698,934173,43902312,47.75,48.6,45.7,45.7,-1.8,614,383
2021-01-20,6698,732003,32359679,45.8,46.35,43.15,43.15,-2.55,464,512
2021-01-21,6698,422073,18319306,43.2,44.3,42.7,43.1,-0.05,297,524
2021-01-22,6698,543000,23720100,43.25,44.45,42.9,43.85,0.75,352,467
2021-01-25,6698,265150,11568359,44.15,44.5,43.0,43.4,-0.45,202,572
2021-01-26,6698,359100,15543725,44.2,44.4,42.8,42.9,-0.5,256,516
2021-01-27,6698,457046,19451823,43.1,43.35,42.1,42.35,-0.55,276,462
2021-01-28,6698,491110,20409936,42.15,42.3,41.0,41.1,-1.25,310,455
2021-01-29,6698,289000,12026700,41.7,42.15,41.05,41.05,-0.05,208,575
2021-02-01,6698,269424,10849435,40.2,40.6,40.0,40.25,-0.8,198,540
2021-02-02,6698,296006,12021056,40.3,41.35,40.05,40.6,0.35,190,517
2021-02-03,6698,122180,4943870,40.75,40.95,40.2,40.25,-0.35,108,612
2021-02-04,6698,264000,10818100,41.2,41.8,40.4,40.7,0.45,187,507
2021-02-05,6698,131000,5339250,41.4,41.4,40.5,40.8,0.1,93,645
2021-02-17,6698,229066,9485314,42.0,42.0,40.7,41.4,0.6,160,625
2021-02-18,6698,279001,11751143,41.55,42.8,41.5,42.6,1.2,175,608
2021-02-19,6698,265951,11427089,42.85,43.5,42.5,43.15,0.55,194,586
2021-02-22,6698,209191,9076265,43.6,43.85,42.9,43.7,0.55,150,679
2021-02-23,6698,1089202,49819257,44.9,47.35,44.15,45.5,1.8,754,436
2021-02-24,6698,417002,18471941,45.3,45.75,43.8,44.15,-1.35,316,584
2021-02-25,6698,216467,9713550,44.75,45.85,44.4,44.9,0.75,156,641
2021-02-26,6698,231110,10168612,44.05,44.75,43.7,44.0,-0.9,170,646
2021-03-02,6698,111000,4851000,44.45,44.45,43.0,43.2,-0.8,93,736
2021-03-03,6698,96150,4124875,43.2,43.3,42.6,43.05,-0.15,68,733
2021-03-04,6698,87000,3713650,42.95,43.2,42.5,42.5,-0.55,69,744
2021-03-05,6698,224000,9357150,41.5,42.3,41.5,41.6,-0.9,160,595
2021-03-08,6698,143051,5985568,41.7,42.5,41.5,41.7,0.1,99,704
2021-03-09,6698,135160,5630335,41.5,42.1,41.25,41.95,0.25,104,709
2021-03-10,6698,354049,14614858,41.85,41.9,40.9,41.05,-0.9,259,559
2021-03-11,6698,183000,7551100,41.1,41.85,40.9,41.25,0.2,134,701
2021-03-12,6698,118000,4853800,41.25,41.35,41.0,41.15,-0.1,90,731
2021-03-15,6698,310299,13298726,41.5,43.9,41.45,43.6,2.45,267,595
2021-03-16,6698,225012,9727290,43.7,43.75,42.65,43.45,-0.15,182,645
2021-03-17,6698,311102,13572694,42.65,44.8,42.65,44.2,0.75,234,610
2021-03-18,6698,181272,7930099,44.2,44.45,43.3,43.4,-0.8,212,686
2021-03-19,6698,236154,10310580,43.4,44.2,43.0,43.4,0.0,235,668
2021-03-22,6698,275310,12095697,43.4,44.6,43.4,43.7,0.3,217,669
2021-03-23,6698,836236,37753550,44.4,46.0,43.9,44.8,1.1,582,488
2021-03-24,6698,1793228,84170104,45.2,48.4,45.1,47.25,2.45,1297,337
2021-03-25,6698,1266036,60770058,47.7,48.8,47.0,48.2,0.95,890,399
2021-03-26,6698,623237,29993746,48.45,49.1,47.5,48.0,-0.2,1478,500
2021-03-29,6698,893260,43730356,48.5,49.9,48.25,48.55,0.55,1636,478
2021-03-30,6698,2400174,121581771,48.7,51.8,48.7,50.8,2.25,2426,305
2021-03-31,6698,1135382,57972073,51.0,52.0,50.3,51.8,1.0,1211,428
2021-04-01,6698,1046669,53591594,52.3,52.5,50.6,50.8,-1.0,1039,428
2021-04-06,6698,856217,43798884,51.0,51.7,50.7,51.0,0.2,963,504
2021-04-07,6698,1181718,58752019,51.2,51.3,49.1,49.6,-1.4,1060,466
2021-04-08,6698,3953733,211946079,50.4,54.5,49.65,54.5,4.9,2322,280
2021-04-09,6698,2083341,111107858,55.4,55.7,51.5,53.5,-1.0,1678,399
2021-04-12,6698,1358539,70421419,53.5,54.0,50.8,50.9,-2.6,1287,491
2021-04-13,6698,905683,45382620,51.3,51.3,49.0,49.9,-1.0,975,561
2021-04-14,6698,926490,44523401,50.4,50.4,46.35,47.8,-2.1,1127,560
2021-04-15,6698,770131,38267295,48.05,51.1,47.15,50.1,2.3,576,492
2021-04-16,6698,522178,25780367,50.1,50.6,48.8,49.65,-0.45,379,596
2021-04-19,6698,295648,14604075,50.5,50.5,49.0,49.3,-0.35,269,753
2021-04-20,6698,277014,13793016,49.45,50.5,49.05,49.9,0.6,220,720
2021-04-21,6698,320486,15833335,50.6,50.6,49.05,49.1,-0.8,261,703
2021-04-22,6698,728731,34791417,49.25,49.35,46.45,47.25,-1.85,482,669
2021-04-23,6698,281435,13510808,48.0,48.8,46.8,47.8,0.55,242,708
2021-04-26,6698,234433,11219157,46.85,48.5,46.85,48.25,0.45,201,741
2021-04-27,6698,246042,11940741,49.35,49.35,48.1,48.5,0.25,146,732
2021-04-28,6698,170016,8209057,49.35,49.35,47.85,48.1,-0.4,130,784
2021-04-29,6698,246258,11713818,49.0,49.0,47.0,47.25,-0.85,201,734
2021-05-03,6698,644510,29035361,47.0,47.0,43.75,43.95,-3.3,436,641
2021-05-04,6698,1078473,44598038,44.0,44.0,39.6,41.1,-2.85,653,611
2021-05-05,6698,380586,15795106,41.4,42.55,41.0,41.5,0.4,296,646
2021-05-06,6698,282187,11752514,41.8,42.45,40.75,41.7,0.2,170,683
2021-05-07,6698,386010,16722176,41.8,44.35,41.8,44.0,2.3,253,618
2021-05-10,6698,331068,13941282,44.0,44.0,41.0,42.0,-2.0,275,660
2021-05-11,6698,494362,20046677,41.0,41.9,40.1,40.65,-1.35,314,696
2021-05-12,6698,680244,26142070,40.6,41.6,36.8,38.2,-2.45,423,713
2021-05-13,6698,423590,15954004,38.0,38.9,35.3,38.0,-0.2,238,700
2021-05-14,6698,228002,8996277,39.9,40.85,38.2,38.55,0.55,156,743
2021-05-17,6698,713312,25439086,37.0,38.0,34.7,34.95,-3.6,415,635
2021-05-18,6698,312911,11641920,34.7,38.25,34.7,37.75,2.8,190,688
2021-05-19,6698,170662,6555460,38.0,39.15,37.35,38.5,0.75,125,715
2021-05-20,6698,116057,4488977,38.5,39.1,38.0,38.9,0.4,94,745
2021-05-21,6698,137239,5362836,38.9,40.3,38.5,39.8,0.9,101,710
2021-05-24,6698,88281,3509623,39.5,40.2,39.0,40.0,0.2,83,755
2021-05-25,6698,170461,6855280,40.2,40.55,39.95,39.95,-0.05,122,697
2021-05-26,6698,73005,2912192,40.05,40.1,39.5,40.0,0.05,54,755
2021-05-27,6698,310633,12687416,40.0,41.6,39.1,40.9,0.9,155,547
2021-05-28,6698,94005,3869356,41.5,41.5,40.5,41.3,0.4,67,758
2021-05-31,6698,236099,9985429,41.0,42.9,41.0,41.7,0.4,158,643
2021-06-01,6698,63214,2674141,41.8,42.8,41.75,42.5,0.8,58,774
2021-06-02,6698,104176,4325908,42.5,42.5,40.8,41.4,-1.1,91,756
2021-06-03,6698,72008,2981780,41.5,41.8,41.05,41.5,0.1,55,790
2021-06-04,6698,89029,3636793,41.05,41.25,40.6,41.0,-0.5,68,751
2021-06-07,6698,86527,3494020,41.0,41.0,39.8,40.2,-0.8,85,769
2021-06-08,6698,24001,969040,40.8,40.85,40.15,40.25,0.05,22,847
2021-06-09,6698,40380,1637032,40.3,41.0,40.3,40.45,0.2,45,820
2021-06-10,6698,90007,3637684,41.6,41.6,39.8,40.5,0.05,69,732
2021-06-11,6698,56000,2272100,40.5,40.8,40.5,40.5,0.0,34,784
2021-06-15,6698,54221,2175280,40.6,40.6,39.95,40.2,-0.3,69,805
2021-06-16,6698,153034,6081160,40.1,40.25,39.4,39.6,-0.6,105,698
2021-06-17,6698,211007,8548224,39.65,41.05,39.65,40.7,1.1,171,623
2021-06-18,6698,66003,2675520,41.1,41.1,40.3,40.6,-0.1,50,800
2021-06-21,6698,99126,3927188,40.2,40.2,39.45,39.55,-1.05,96,784
2021-06-22,6698,81172,3214806,39.55,40.2,39.3,39.55,0.0,68,782
2021-06-23,6698,88050,3511390,39.25,40.15,39.25,40.0,0.45,79,774
2021-06-24,6698,135327,5518004,39.95,41.35,39.95,40.95,0.95,112,722
2021-06-25,6698,83102,3402320,41.1,41.5,40.65,40.65,-0.3,68,789
2021-06-28,6698,185076,7653729,41.5,42.0,40.8,41.0,0.35,137,705
2021-06-29,6698,330450,13857220,41.35,42.7,41.05,41.9,0.9,251,632
2021-06-30,6698,424271,17948185,42.65,42.75,42.0,42.2,0.3,229,569
2021-07-01,6698,232591,9695212,41.2,42.6,41.2,41.55,0.0,189,686
2021-07-02,6698,70680,2944659,42.0,42.0,41.4,41.55,0.0,75,811
2021-07-05,6698,143168,6005115,42.0,42.1,41.7,42.05,0.5,108,747
2021-07-06,6698,144299,5962264,42.05,42.05,40.8,41.0,-1.05,117,721
2021-07-07,6698,118155,4817941,40.5,41.35,40.4,40.5,-0.5,97,762
2021-07-08,6698,86652,3509827,40.05,40.85,40.05,40.15,-0.35,76,792
2021-07-09,6698,96018,3869975,40.2,41.0,40.05,40.5,0.35,73,780
2021-07-12,6698,250041,10465720,41.8,42.8,40.8,41.8,1.3,184,685
2021-07-13,6698,269010,11290017,42.1,42.45,41.3,41.35,-0.45,180,696
2021-07-14,6698,137020,5690598,41.65,41.75,41.3,41.55,0.2,105,735
2021-07-15,6698,153000,6405550,41.6,42.1,41.6,41.8,0.25,107,692
2021-07-16,6698,789101,34377918,41.9,45.1,41.5,44.15,2.35,528,465
2021-07-19,6698,2363235,112295630,44.9,48.55,44.9,48.55,4.4,1378,324
2021-07-20,6698,1548112,72567215,48.4,48.4,46.0,46.05,-2.5,1035,391
2021-07-21,6698,1752717,84221077,46.8,49.35,46.5,49.0,2.95,1273,369
2021-07-22,6698,1694156,83143638,49.05,50.2,47.5,48.8,-0.2,1191,348
2021-07-23,6698,430731,20889547,48.75,49.35,47.9,48.55,-0.25,352,550
2021-07-26,6698,681531,32812471,49.0,49.0,47.6,47.65,-0.9,452,490
2021-07-27,6698,644835,29903866,47.65,47.65,45.8,46.6,-1.05,456,495
2021-07-28,6698,565891,25064379,46.0,46.05,42.2,45.1,-1.5,378,534
2021-07-29,6698,148830,6678978,45.75,45.75,44.35,45.1,0.0,127,650
2021-07-30,6698,203854,9328530,45.8,46.5,44.8,44.95,-0.15,152,612
2021-08-02,6698,131004,5937579,45.0,46.3,45.0,45.45,0.5,98,674
2021-08-03,6698,93004,4224727,46.0,46.0,45.05,45.45,0.0,67,702
2021-08-04,6698,776741,36967688,45.9,49.0,45.55,48.25,2.8,524,418
2021-08-05,6698,635014,29900412,47.0,48.0,46.5,47.0,-1.25,412,451
2021-08-06,6698,371859,16958955,46.9,46.9,45.0,45.2,-1.8,289,518
2021-08-09,6698,244318,10656124,43.7,44.35,42.8,43.2,-2.0,215,618
2021-08-10,6698,240494,10174591,43.2,43.8,41.2,42.1,-1.1,184,621
2021-08-11,6698,271001,11218392,42.0,43.4,40.5,41.05,-1.05,220,637
2021-08-12,6698,118009,4833681,41.1,41.2,40.55,41.1,0.05,108,673
2021-08-13,6698,134265,5510514,41.2,41.65,40.8,40.95,-0.15,106,705
2021-08-16,6698,144010,5793268,40.95,40.95,39.8,40.25,-0.7,120,725
2021-08-17,6698,187666,7452349,40.25,40.25,39.3,39.5,-0.75,136,643
2021-08-18,6698,184201,7280858,39.4,40.55,38.7,40.4,0.9,118,654
2021-08-19,6698,70057,2773452,39.5,40.65,39.35,39.6,-0.8,51,780
2021-08-20,6698,49003,1933618,39.6,40.0,39.0,39.3,-0.3,43,798
2021-08-23,6698,42169,1692083,41.0,41.0,39.6,39.6,0.3,42,807
2021-08-24,6698,36303,1447819,39.65,40.75,39.65,39.65,0.05,40,796
2021-08-25,6698,85022,3445754,39.8,40.75,39.75,40.4,0.75,63,705
2021-08-26,6698,32001,1301740,40.6,41.5,40.2,40.3,-0.1,27,817
2021-08-27,6698,41001,1650040,40.3,40.6,40.1,40.1,-0.2,32,802
2021-08-30,6698,27004,1081858,40.5,40.5,39.9,40.1,0.0,26,818
2021-08-31,6698,30104,1205062,40.05,40.25,39.85,40.1,0.0,32,813
2021-09-01,6698,76112,3037018,40.05,40.3,39.65,40.3,0.2,66,735
2021-09-02,6698,114286,4543179,40.0,40.05,39.55,39.6,-0.7,95,676
2021-09-03,6698,114140,4502513,39.75,39.75,39.3,39.65,0.05,99,672
2021-09-06,6698,61064,2401992,39.85,39.9,39.2,39.6,-0.05,58,756
2021-09-07,6698,83001,3238889,39.5,39.5,38.85,39.1,-0.5,56,706
2021-09-08,6698,100002,3865776,39.1,39.1,38.5,38.5,-0.6,65,703
2021-09-09,6698,40516,1574295,38.5,39.4,38.3,39.4,0.9,41,774
2021-09-10,6698,108595,4198638,38.85,38.9,38.5,38.8,-0.6,103,648
2021-09-13,6698,67012,2575106,38.6,38.6,38.3,38.3,-0.5,64,736
2021-09-14,6698,25136,967999,38.55,38.55,38.35,38.45,0.15,31,823
2021-09-15,6698,67005,2560892,38.8,38.8,38.1,38.15,-0.3,48,717
2021-09-16,6698,60400,2302089,38.2,38.3,38.0,38.05,-0.1,41,736
2021-09-17,6698,34033,1309470,38.05,38.85,38.05,38.6,0.55,29,805
2021-09-22,6698,65296,2451613,38.15,38.15,37.15,37.8,-0.8,66,791
2021-09-23,6698,32171,1218911,37.8,38.6,37.7,38.6,0.8,28,809
2021-09-24,6698,35000,1351000,38.55,38.75,38.5,38.65,0.05,26,815
2021-09-27,6698,115005,4412544,38.55,38.8,38.0,38.25,-0.4,68,688
2021-09-28,6698,30006,1142628,38.05,38.3,37.9,38.3,0.05,32,829
2021-09-29,6698,54000,2035800,38.3,38.3,37.5,37.65,-0.65,41,810
2021-09-30,6698,64000,2400650,37.6,37.8,37.4,37.5,-0.15,39,763
2021-10-01,6698,158006,5804790,37.4,37.5,36.0,36.6,-0.9,118,715
2021-10-04,6698,85409,3034436,36.1,36.1,35.15,35.2,-1.4,81,770
2021-10-05,6698,116618,4048845,34.7,35.7,34.0,35.55,0.35,95,699
2021-10-06,6698,86067,3108572,35.55,36.8,35.55,35.75,0.2,68,701
2021-10-07,6698,163003,5803605,36.05,36.6,35.2,35.3,-0.45,131,644
2021-10-08,6698,87016,3075528,35.3,35.7,34.7,35.5,0.2,83,691
2021-10-12,6698,204003,7006604,34.5,34.8,34.0,34.2,-1.3,132,614
2021-10-13,6698,103008,3478027,34.25,34.25,33.3,34.1,-0.1,77,700
2021-10-14,6698,49001,1667234,34.1,34.4,33.7,34.35,0.25,33,769
2021-10-15,6698,157108,5530146,34.35,36.8,34.0,35.95,1.6,118,613
2021-10-18,6698,33007,1186916,36.0,36.6,35.7,35.85,-0.1,33,827
2021-10-19,6698,62006,2267528,36.7,36.8,36.25,36.65,0.8,45,764
2021-10-20,6698,36006,1302279,36.3,36.6,35.7,36.45,-0.2,35,802
2021-10-21,6698,74003,2735112,36.95,37.3,36.6,37.3,0.85,55,734
2021-10-22,6698,55006,2065979,37.8,37.8,37.0,37.8,0.5,47,742
2021-10-25,6698,56137,2079989,37.0,37.8,36.0,37.8,0.0,51,743
2021-10-26,6698,154102,5760540,37.1,37.85,36.9,37.85,0.05,103,661
2021-10-27,6698,96132,3653926,37.5,38.3,37.35,38.15,0.3,75,694
2021-10-28,6698,39592,1512081,37.85,38.35,37.85,38.2,0.05,44,791
2021-10-29,6698,49039,1863811,38.0,38.2,37.6,38.2,0.0,47,790
2021-11-01,6698,255003,10017666,38.7,40.0,38.7,39.75,1.55,124,591
2021-11-02,6698,81008,3197610,39.9,39.9,39.1,39.1,-0.65,82,749
2021-11-03,6698,48016,1863416,38.8,39.1,38.6,38.8,-0.3,53,790
2021-11-04,6698,35000,1366000,39.0,39.45,38.6,39.05,0.25,29,821
2021-11-05,6698,53002,2072678,39.2,39.6,39.0,39.6,0.55,34,788
2021-11-08,6698,288228,11664181,40.0,41.1,39.6,40.45,0.85,162,583
2021-11-09,6698,122330,4935817,40.8,40.8,40.0,40.6,0.15,81,689
2021-11-10,6698,106004,4311612,40.7,41.0,40.15,40.8,0.2,62,727
2021-11-11,6698,84791,3437539,41.0,41.0,40.2,40.5,-0.3,47,750
2021-11-12,6698,116003,4744325,40.4,41.0,40.4,41.0,0.5,83,714
2021-11-15,6698,96008,3990042,41.0,42.55,41.0,41.4,0.4,78,757
2021-11-16,6698,82094,3362242,41.3,41.35,40.8,40.9,-0.5,56,774
2021-11-17,6698,140002,5716382,41.25,41.25,40.0,40.9,0.0,60,706
2021-11-18,6698,142227,5698310,40.3,40.85,39.8,40.0,-0.9,72,711
2021-11-19,6698,75100,2962784,39.4,39.7,39.35,39.5,-0.5,37,780
2021-11-22,6698,74701,2996644,39.3,40.7,39.3,40.6,1.1,50,764
2021-11-23,6698,62062,2475536,40.85,40.85,39.45,39.8,-0.8,32,791
2021-11-24,6698,44001,1749840,39.7,39.95,39.7,39.95,0.15,25,812
2021-11-25,6698,44009,1748710,40.0,40.0,39.6,39.75,-0.2,29,809
2021-11-26,6698,73003,2864779,39.6,39.6,38.9,39.35,-0.4,50,801
2021-11-29,6698,59003,2283879,39.0,39.05,38.35,39.05,-0.3,44,808
2021-11-30,6698,57002,2246430,39.95,40.0,39.2,39.35,0.3,33,777
2021-12-01,6698,41152,1607965,38.9,39.8,38.8,39.05,-0.3,30,813
2021-12-02,6698,45044,1745642,39.05,39.05,38.7,38.85,-0.2,32,806
2021-12-03,6698,32009,1247345,39.0,39.0,38.85,38.95,0.1,34,827
2021-12-06,6698,18026,698675,38.35,38.95,38.25,38.8,-0.15,20,875
2021-12-07,6698,40027,1563303,38.95,39.2,38.95,39.05,0.25,32,831
2021-12-08,6698,273012,10994359,39.2,41.2,39.2,40.05,1.0,198,590
2021-12-09,6698,101001,4040540,40.05,40.1,39.9,40.05,0.0,58,712
2021-12-10,6698,1554497,68036587,42.75,44.05,41.25,44.05,4.0,708,309
2021-12-13,6698,1675597,81123018,48.45,48.45,47.3,48.45,4.4,834,319
2021-12-14,6698,6191425,313922410,53.0,53.1,46.05,46.9,-1.55,4111,155
2021-12-15,6698,3165506,161207857,49.5,51.5,49.35,51.5,4.6,1314,212
2021-12-16,6698,3672997,205779320,55.3,56.6,55.0,56.6,5.1,1676,196
2021-12-17,6698,9236735,507762417,54.9,56.6,53.1,56.6,0.0,4747,117
2021-12-20,6698,5131757,283564245,57.3,58.5,52.8,52.8,-3.8,3551,154
2021-12-21,6698,4604995,240541964,52.8,54.5,50.1,54.0,1.2,2912,170
2021-12-22,6698,4154592,228247862,54.0,56.5,53.1,53.4,-0.6,3124,174
2021-12-23,6698,2375148,124192031,53.4,54.5,50.8,51.0,-2.4,1702,249
2021-12-24,6698,1553845,78504249,51.7,52.2,49.2,49.3,-1.7,1205,311
2021-12-27,6698,6032503,321172101,50.1,54.2,49.65,54.2,4.9,3221,136
2021-12-28,6698,5857712,319355944,53.9,56.5,52.7,53.6,-0.6,4127,155
2021-12-29,6698,13216845,758113218,56.7,58.9,55.3,58.9,5.3,7391,62
2021-12-30,6698,9911436,574800970,58.6,60.0,56.0,58.8,-0.1,5787,94
2022-01-03,6698,8803587,532625091,61.1,63.0,58.3,58.4,-0.4,6014,101
2022-01-04,6698,7404985,439521531,58.0,61.5,57.2,59.4,1.0,4296,122
2022-01-05,6698,4364547,244584309,57.7,58.7,54.0,54.0,-5.4,3050,202
2022-01-06,6698,2228408,122988782,52.6,56.8,52.6,54.3,0.3,1577,269
2022-01-07,6698,2374301,123847988,53.5,55.0,50.3,51.3,-3.0,1715,305
2022-01-10,6698,2616999,138193765,50.0,54.3,50.0,53.5,2.2,1556,236
2022-01-11,6698,2224455,114878715,52.6,53.3,50.5,50.6,-2.9,1483,286
2022-01-12,6698,1955953,95533241,50.7,51.6,47.1,47.3,-3.3,1507,289
2022-01-13,6698,1400578,66338850,47.3,48.7,46.4,47.4,0.1,1094,320
2022-01-14,6698,1429683,66292245,47.7,47.9,45.25,46.4,-1.0,1002,346
2022-01-17,6698,720775,34207762,46.4,48.3,46.4,47.6,1.2,598,380
2022-01-18,6698,685038,32548437,48.2,48.65,46.5,47.0,-0.6,592,387
2022-01-19,6698,1009836,47619417,46.85,48.3,45.75,47.3,0.3,808,335
2022-01-20,6698,600606,28506697,48.05,48.5,47.0,47.3,0.0,549,387
2022-01-21,6698,795288,36479470,46.5,46.9,45.0,45.15,-2.15,609,407
2022-01-24,6698,646129,28409451,43.9,45.0,42.5,44.65,-0.5,481,430
2022-01-25,6698,1182377,54032140,45.5,47.0,44.9,45.1,0.45,942,337
2022-01-26,6698,520001,23440525,44.7,45.85,44.2,45.1,0.0,360,414
2022-02-07,6698,339873,15549821,47.5,47.5,44.85,45.5,0.4,302,506
2022-02-08,6698,394873,18242169,45.55,47.0,45.55,46.35,0.85,304,470
2022-02-09,6698,2097919,101527402,47.0,49.7,46.8,49.5,3.15,1293,268
2022-02-10,6698,1260771,60386057,48.35,48.55,47.3,47.65,-1.85,920,318
2022-02-11,6698,1503349,72652128,47.0,49.2,46.7,48.0,0.35,754,291
2022-02-14,6698,1278503,61813513,47.55,49.3,47.1,48.9,0.9,832,310
2022-02-15,6698,1026701,49859505,49.4,49.85,47.6,47.8,-1.1,758,328
2022-02-16,6698,833561,40419191,48.0,49.2,47.8,48.2,0.4,508,353
2022-02-17,6698,426664,20381511,47.3,48.55,47.3,47.5,-0.7,357,465
2022-02-18,6698,373002,17914896,47.35,48.45,47.3,48.2,0.7,286,466
2022-02-21,6698,1790539,88626243,48.4,50.3,48.25,49.5,1.3,1154,266
2022-02-22,6698,906632,43347450,49.0,49.3,46.9,47.5,-2.0,825,384
2022-02-23,6698,884842,42965861,47.5,49.1,47.3,48.65,1.15,602,333
2022-02-24,6698,824228,38522482,48.6,48.6,45.25,45.85,-2.8,765,455
2022-02-25,6698,538359,24678780,47.0,47.0,44.85,45.6,-0.25,553,453
2022-03-01,6698,345800,16179594,46.0,47.3,45.95,47.3,1.7,404,488
2022-03-02,6698,321808,15183205,47.55,47.65,46.3,47.55,0.25,267,471
2022-03-03,6698,347924,16709899,48.1,48.5,47.5,47.8,0.25,278,483
2022-03-04,6698,224360,10653488,47.8,48.2,47.0,47.0,-0.8,220,551
2022-03-07,6698,619864,27613168,46.95,46.95,43.8,44.0,-3.0,550,496
2022-03-08,6698,432758,18875421,42.5,44.8,42.5,43.0,-1.0,323,539
2022-03-09,6698,217993,9488557,44.0,44.0,43.0,43.65,0.65,209,565
2022-03-10,6698,380509,17262372,46.0,46.65,44.35,45.0,1.35,323,484
2022-03-11,6698,179587,8034895,45.2,45.25,44.4,44.6,-0.4,157,548
2022-03-14,6698,107719,4817942,45.2,45.3,44.25,44.6,0.0,144,633
2022-03-15,6698,259700,11231949,45.25,45.25,42.6,43.05,-1.55,248,569
2022-03-16,6698,285680,12335510,43.8,43.8,42.6,43.1,0.05,190,540
2022-03-17,6698,413175,18427604,44.7,46.0,43.6,44.7,1.6,254,502
2022-03-18,6698,125403,5626676,45.2,45.25,44.3,45.15,0.45,139,619
2022-03-21,6698,285387,12862549,45.0,45.7,44.45,45.2,0.05,209,533
2022-03-22,6698,123156,5569400,45.3,45.55,44.9,45.45,0.25,150,627
2022-03-23,6698,187594,8579670,45.5,46.0,45.45,45.7,0.25,174,603
2022-03-24,6698,240614,10941565,45.7,46.3,44.5,45.15,-0.55,218,542
2022-03-25,6698,186239,8359752,45.6,45.6,44.5,44.6,-0.55,164,589
2022-03-28,6698,163356,7126714,44.3,44.5,43.0,44.5,-0.1,213,614
2022-03-29,6698,97423,4290104,44.5,44.5,43.9,44.0,-0.5,140,668
2022-03-30,6698,148082,6609693,44.6,45.1,44.05,45.1,1.1,134,648
2022-03-31,6698,126236,5639612,45.3,45.3,44.5,44.5,-0.6,148,642
2022-04-01,6698,118542,5176065,44.45,44.45,43.25,43.65,-0.85,276,654
2022-04-06,6698,176172,7619668,43.1,43.85,43.0,43.85,0.2,288,605
2022-04-07,6698,202249,8845869,43.75,44.3,43.15,43.55,-0.3,255,647
2022-04-08,6698,589240,26676134,43.8,46.15,43.25,45.8,2.25,345,417
2022-04-11,6698,442330,19636713,45.8,45.8,43.4,43.4,-2.4,359,520
2022-04-12,6698,744619,31034203,43.4,43.4,41.0,41.1,-2.3,544,427
2022-04-13,6698,148725,6155820,41.25,41.7,41.2,41.3,0.2,143,637
2022-04-14,6698,241501,9828143,41.3,41.35,40.3,40.9,-0.4,204,550
2022-04-15,6698,341610,13524033,40.5,40.5,39.3,39.3,-1.6,267,524
2022-04-18,6698,179302,7021288,39.3,40.0,38.8,39.1,-0.2,135,626
2022-04-19,6698,146560,5874797,40.05,41.0,39.5,39.6,0.5,124,621
2022-04-20,6698,146304,5845059,40.0,40.5,39.5,39.8,0.2,114,637
2022-04-21,6698,80102,3237008,40.8,40.8,40.15,40.5,0.7,62,704
2022-04-22,6698,83760,3354282,40.15,40.35,39.75,40.05,-0.45,77,718
2022-04-25,6698,326239,12430825,39.3,39.3,37.8,38.25,-1.8,205,604
2022-04-26,6698,114054,4362288,38.9,38.9,37.95,38.05,-0.2,95,672
2022-04-27,6698,351132,12750913,37.15,37.2,35.8,36.35,-1.7,242,587
2022-04-28,6698,98465,3622677,36.35,37.45,36.05,36.75,0.4,92,674
2022-04-29,6698,119028,4451439,37.2,37.8,36.8,37.05,0.3,87,647
2022-05-03,6698,51020,1900120,37.05,37.9,37.0,37.5,0.45,59,757
2022-05-04,6698,116232,4416479,38.0,38.5,37.65,38.15,0.65,89,614
2022-05-05,6698,119211,4633368,38.5,39.15,38.35,38.85,0.7,94,639
2022-05-06,6698,107059,4021936,37.95,38.0,36.65,37.75,-1.1,90,676
2022-05-09,6698,116180,4267630,37.3,37.3,36.5,36.5,-1.25,120,729
2022-05-10,6698,111356,4010780,35.8,36.9,35.2,36.85,0.35,96,702
2022-05-11,6698,63026,2304341,36.9,36.9,36.35,36.75,-0.1,51,762
2022-05-12,6698,159213,5729235,36.55,36.55,35.3,36.0,-0.75,143,696
2022-05-13,6698,63061,2279663,36.0,36.55,36.0,36.15,0.15,59,779
2022-05-16,6698,67000,2454200,36.8,37.35,36.05,36.05,-0.1,54,743
2022-05-17,6698,58595,2151975,36.0,37.0,36.0,36.8,0.75,81,761
2022-05-18,6698,83153,3105595,36.8,38.0,36.8,37.2,0.4,90,753
2022-05-19,6698,54101,2015187,37.1,37.45,36.6,37.4,0.2,46,746
2022-05-20,6698,47525,1779347,37.4,37.5,37.25,37.45,0.05,44,765
2022-05-23,6698,50260,1885592,37.5,37.8,37.35,37.35,-0.1,41,760
2022-05-24,6698,72193,2656351,37.8,37.8,36.25,36.25,-1.1,77,697
2022-05-25,6698,38005,1392180,36.4,37.0,36.35,37.0,0.75,33,783
2022-05-26,6698,65015,2392150,36.75,37.0,36.25,36.85,-0.15,64,719
2022-05-27,6698,63101,2325140,36.7,37.2,36.6,36.95,0.1,56,726
2022-05-30,6698,88118,3271457,37.45,37.5,36.95,37.15,0.2,77,727
2022-05-31,6698,59045,2189817,37.1,37.3,36.9,37.15,0.0,57,722
2022-06-01,6698,78541,2943305,37.15,37.85,37.15,37.25,0.1,69,738
2022-06-02,6698,163333,6024503,37.55,37.55,36.45,36.7,-0.55,135,594
2022-06-06,6698,160086,5811893,36.7,36.7,36.2,36.3,-0.4,110,605
2022-06-07,6698,153868,5543993,36.2,36.2,35.9,36.0,-0.3,111,591
2022-06-08,6698,168472,6049922,36.1,36.2,35.6,35.7,-0.3,127,609
2022-06-09,6698,155201,5533874,35.5,36.2,35.5,35.8,0.1,111,611
2022-06-10,6698,36131,1287139,35.05,35.75,35.05,35.65,-0.15,33,820
2022-06-13,6698,180266,6528869,35.6,37.3,35.15,37.0,1.35,148,656
2022-06-14,6698,121191,4406704,37.0,37.0,35.95,36.2,-0.8,114,710
2022-06-15,6698,83358,3030519,36.4,36.8,36.0,36.35,0.15,80,749
2022-06-16,6698,185325,6690091,36.85,37.05,35.0,35.25,-1.1,173,638
2022-06-17,6698,126042,4418534,35.05,35.25,34.9,35.1,-0.15,88,692
2022-06-20,6698,150652,5204309,35.9,35.9,33.5,33.5,-1.6,141,707
2022-06-21,6698,69230,2373798,33.9,34.6,33.5,34.6,1.1,65,789
2022-06-22,6698,109280,3668244,34.85,34.85,33.2,33.35,-1.25,112,720
2022-06-23,6698,136164,4479961,33.45,34.45,32.1,32.9,-0.45,123,697
2022-06-24,6698,89306,3019600,33.5,34.2,33.4,33.5,0.6,85,746
2022-06-27,6698,51182,1750604,34.2,34.35,34.05,34.2,0.7,46,832
2022-06-28,6698,64000,2188250,34.7,34.7,33.9,34.2,0.0,59,710
2022-06-29,6698,57045,1939484,34.7,34.7,33.9,34.1,-0.1,38,738
2022-06-30,6698,119013,3889382,34.1,34.1,32.35,32.5,-1.6,93,737
2022-07-01,6698,228101,7082453,32.5,32.8,30.0,30.0,-2.5,170,677
2022-07-04,6698,275279,8047840,29.2,30.0,28.6,28.65,-1.35,228,589
2022-07-05,6698,381158,10763876,28.95,29.4,27.2,28.55,-0.1,317,523
2022-07-06,6698,327464,8888121,28.85,28.85,26.0,26.0,-2.55,277,558
2022-07-07,6698,202205,5436399,26.2,27.95,26.0,27.3,1.3,189,627
2022-07-08,6698,519150,14824532,27.8,29.8,27.3,29.1,1.8,456,475
2022-07-11,6698,341851,9901365,30.0,30.0,28.25,29.4,0.3,263,505
2022-07-12,6698,254366,7071953,28.3,28.35,27.45,27.75,-1.65,195,616
2022-07-13,6698,182055,5174249,28.5,28.85,27.95,28.85,1.1,149,631
2022-07-14,6698,328594,9632999,28.9,30.3,28.1,29.75,0.9,291,502
2022-07-15,6698,148830,4404408,30.0,30.1,29.2,29.75,0.0,139,628
2022-07-18,6698,155731,4651512,30.35,30.7,29.55,29.9,0.15,134,637
2022-07-19,6698,215426,6485255,29.85,31.55,29.3,30.7,0.8,184,554
2022-07-20,6698,149217,4599427,31.6,31.6,30.45,30.55,-0.15,135,674
2022-07-21,6698,151197,4748827,30.6,31.85,30.6,31.8,1.25,127,623
2022-07-22,6698,148292,4679114,32.0,32.45,31.1,31.3,-0.5,108,636
2022-07-25,6698,59107,1845581,31.15,31.65,30.5,31.6,0.3,60,727
2022-07-26,6698,161639,4967323,31.6,31.6,30.2,30.5,-1.1,146,612
2022-07-27,6698,69137,2105010,30.3,30.8,30.0,30.65,0.15,56,713
2022-07-28,6698,75562,2324692,30.9,31.0,30.3,30.85,0.2,61,722
2022-07-29,6698,36484,1130053,30.65,31.15,30.65,30.85,0.0,43,807
2022-08-01,6698,21062,652486,30.85,31.4,30.8,31.0,0.15,19,868
2022-08-02,6698,63200,1933570,31.35,31.35,30.3,30.35,-0.65,61,775
2022-08-03,6698,79270,2363178,30.35,30.35,29.45,29.5,-0.85,77,726
2022-08-04,6698,150392,4292490,29.5,29.5,28.0,28.55,-0.95,130,675
2022-08-05,6698,33051,958178,28.55,29.2,28.55,29.2,0.65,32,859
2022-08-08,6698,64601,1912383,29.2,30.25,29.1,30.25,1.05,56,753
2022-08-09,6698,42113,1280466,30.25,30.75,30.25,30.4,0.15,42,804
2022-08-10,6698,52114,1564735,30.4,30.4,29.5,30.25,-0.15,53,808
2022-08-11,6698,75806,2287258,30.45,30.45,30.0,30.2,-0.05,76,804
2022-08-12,6698,77377,2324001,30.2,30.2,29.95,30.15,-0.05,92,775
2022-08-15,6698,69022,2097517,30.25,30.7,30.2,30.5,0.35,61,806
2022-08-16,6698,179117,5633400,30.6,32.25,30.6,31.45,0.95,155,654
2022-08-17,6698,46515,1459172,31.4,31.55,31.25,31.3,-0.15,69,859
2022-08-18,6698,56167,1739944,31.0,31.15,30.95,30.95,-0.35,48,790
2022-08-19,6698,231386,7396306,31.7,32.5,31.5,32.5,1.55,152,629
2022-08-22,6698,169435,5593134,32.45,33.9,32.35,33.3,0.8,132,667
2022-08-23,6698,93386,3090033,33.5,33.5,32.75,33.2,-0.1,82,733
2022-08-24,6698,102115,3398835,33.6,33.75,32.75,32.75,-0.45,88,722
2022-08-25,6698,49003,1596302,32.75,32.8,32.5,32.7,-0.05,40,830
2022-08-26,6698,37101,1228293,33.45,33.45,32.95,33.15,0.45,32,872
2022-08-29,6698,69653,2245762,33.1,33.1,31.85,32.1,-1.05,69,812
2022-08-30,6698,77023,2484498,32.4,32.45,31.9,32.25,0.15,60,751
2022-08-31,6698,54034,1741149,32.1,32.4,32.1,32.2,-0.05,54,803
2022-09-01,6698,56114,1794017,32.2,32.2,31.75,32.2,0.0,53,848
2022-09-02,6698,63175,2020406,32.2,32.25,31.85,32.05,-0.15,44,778
2022-09-05,6698,66225,2095452,32.1,32.7,31.25,31.35,-0.7,64,785
2022-09-06,6698,71255,2190943,31.35,31.45,30.35,30.45,-0.9,63,780
2022-09-07,6698,16000,484450,30.05,30.45,30.05,30.3,-0.15,12,918
2022-09-08,6698,20101,614362,30.35,30.95,30.3,30.95,0.65,20,863
2022-09-12,6698,74211,2309671,30.95,31.25,30.85,31.15,0.2,49,765
2022-09-13,6698,33183,1028280,31.15,31.3,30.4,31.3,0.15,36,843
2022-09-14,6698,23054,713786,30.6,31.6,30.6,31.1,-0.2,27,884
2022-09-15,6698,230277,7375345,31.05,32.85,30.95,31.75,0.65,143,595
2022-09-16,6698,123162,3970161,31.85,32.65,31.85,32.25,0.5,112,685
2022-09-19,6698,103091,3401573,34.0,34.0,32.3,32.6,0.35,104,707
2022-09-20,6698,47001,1511384,32.85,32.85,31.8,31.85,-0.75,42,784
2022-09-21,6698,70811,2209694,31.85,31.85,30.95,31.3,-0.55,66,765
2022-09-22,6698,64070,2019299,30.7,32.3,30.35,32.1,0.8,69,788
2022-09-23,6698,53002,1663164,32.5,32.5,31.05,31.4,-0.7,50,808
2022-09-26,6698,99013,2982049,31.4,31.4,29.8,29.85,-1.55,83,814
2022-09-27,6698,56204,1690847,30.05,30.4,29.55,30.4,0.55,51,797
2022-09-28,6698,97714,2832415,30.4,30.4,28.65,28.65,-1.75,104,795
2022-09-29,6698,65011,1907084,28.7,30.1,28.7,29.05,0.4,59,779
2022-09-30,6698,17124,504189,29.05,29.8,29.05,29.7,0.65,22,891
2022-10-03,6698,48012,1431010,29.7,30.4,29.5,29.5,-0.2,45,779
2022-10-04,6698,41103,1223387,30.05,30.05,29.55,29.85,0.35,39,819
2022-10-05,6698,66010,1979150,30.35,30.35,29.8,29.9,0.05,52,782
2022-10-06,6698,13180,392642,30.1,30.1,29.65,29.85,-0.05,22,874
2022-10-07,6698,34443,1022591,29.3,29.9,29.3,29.8,-0.05,29,788
2022-10-11,6698,30111,876262,29.4,29.65,28.75,29.25,-0.55,38,876
2022-10-12,6698,36262,1047200,29.0,29.1,28.65,28.8,-0.45,38,825
2022-10-13,6698,174922,4784868,28.6,28.7,26.4,26.4,-2.4,123,731
2022-10-14,6698,45000,1226550,26.85,27.45,26.85,27.25,0.85,40,830
2022-10-17,6698,30003,799635,26.6,27.35,26.3,27.25,0.0,29,840
2022-10-18,6698,33001,904027,27.35,27.55,27.3,27.4,0.15,24,829
2022-10-19,6698,27069,744387,27.4,27.9,27.25,27.4,0.0,29,843
2022-10-20,6698,53034,1427956,26.9,27.35,26.7,27.05,-0.35,42,779
2022-10-21,6698,24006,644815,26.6,27.0,26.5,26.85,-0.2,25,837
2022-10-24,6698,62004,1663906,27.0,27.2,26.6,26.7,-0.15,46,757
2022-10-25,6698,56211,1491738,26.7,26.7,26.4,26.5,-0.2,46,785
2022-10-26,6698,42001,1116629,27.0,27.0,26.45,26.5,0.0,30,800
2022-10-27,6698,45010,1204412,26.7,26.85,26.7,26.85,0.35,46,787
2022-10-28,6698,47026,1252790,26.85,26.95,26.4,26.55,-0.3,36,741
2022-10-31,6698,49003,1302428,26.5,26.65,26.5,26.55,0.0,37,751
2022-11-01,6698,49002,1317102,26.6,27.1,26.6,27.1,0.55,48,773
2022-11-02,6698,114162,3233936,29.2,29.2,27.45,28.0,0.9,89,645
2022-11-03,6698,33155,915774,27.9,27.95,27.45,27.95,-0.05,33,791
2022-11-04,6698,71294,2048447,28.4,29.3,28.2,29.2,1.25,60,709
2022-11-07,6698,84176,2506083,29.45,30.65,29.45,29.65,0.45,67,733
2022-11-08,6698,66048,1922960,29.0,29.45,28.55,29.0,-0.65,57,774
2022-11-09,6698,98015,2909810,29.8,30.35,29.3,29.65,0.65,77,739
2022-11-10,6698,40101,1164029,28.6,29.6,28.6,29.0,-0.65,31,793
2022-11-11,6698,57146,1676457,29.35,29.6,29.15,29.15,0.15,36,824
2022-11-14,6698,33076,963120,29.1,29.4,29.0,29.15,0.0,36,867
2022-11-15,6698,89107,2606580,29.15,29.7,28.2,29.1,-0.05,78,765
2022-11-16,6698,48010,1408444,29.7,29.8,29.1,29.1,0.0,42,835
2022-11-17,6698,85033,2473930,28.9,29.55,28.85,29.55,0.45,46,724
2022-11-18,6698,61152,1789805,29.8,29.8,29.0,29.05,-0.5,50,778
2022-11-21,6698,73002,2101910,28.95,29.5,28.35,28.7,-0.35,49,720
2022-11-22,6698,23003,657993,28.8,28.8,28.45,28.6,-0.1,23,856
2022-11-23,6698,33020,946992,28.8,28.85,28.6,28.6,0.0,31,848
2022-11-24,6698,48005,1388541,28.8,29.15,28.75,29.0,0.4,40,833
2022-11-25,6698,160207,4801978,29.2,30.45,29.2,29.7,0.7,133,642
2022-11-28,6698,42201,1263264,29.9,30.2,29.45,29.8,0.1,47,812
2022-11-29,6698,67002,1988714,29.7,29.8,29.55,29.65,-0.15,52,755
2022-11-30,6698,65017,1944937,29.85,30.1,29.8,30.1,0.45,52,807
2022-12-01,6698,98003,2974593,30.5,30.85,30.0,30.45,0.35,80,773
2022-12-02,6698,149002,4593713,30.15,31.25,30.15,31.05,0.6,92,684
2022-12-05,6698,99113,3105811,31.3,31.75,31.05,31.25,0.2,85,757
2022-12-06,6698,126098,3890800,31.4,31.4,30.55,30.55,-0.7,90,724
2022-12-07,6698,36402,1116179,31.25,31.35,30.05,30.4,-0.15,34,848
2022-12-08,6698,62153,1866274,30.2,30.2,29.7,30.05,-0.35,55,743
2022-12-09,6698,25001,760930,31.05,31.1,30.2,30.25,0.2,25,867
2022-12-12,6698,38175,1147473,30.1,30.25,29.85,30.0,-0.25,39,818
2022-12-13,6698,25002,747060,30.0,30.0,29.7,29.85,-0.15,25,869
2022-12-14,6698,20003,598087,29.85,30.15,29.7,29.8,-0.05,23,901
2022-12-15,6698,33002,987211,29.9,30.15,29.75,29.95,0.15,24,847
2022-12-16,6698,34221,1015661,29.8,29.85,29.5,29.5,-0.45,37,871
2022-12-19,6698,26004,756312,29.3,29.3,28.95,28.95,-0.55,26,854
2022-12-20,6698,57001,1630178,28.9,29.0,28.25,28.3,-0.65,46,830
2022-12-21,6698,18201,518828,28.3,28.7,28.3,28.45,0.15,38,889
2022-12-22,6698,46001,1315978,28.6,29.0,28.5,28.6,0.15,31,777
2022-12-23,6698,8001,230128,28.65,28.85,28.65,28.85,0.25,9,926
2022-12-26,6698,13000,375700,28.95,29.2,28.85,28.85,0.0,12,886
2022-12-27,6698,17004,486665,28.4,28.8,28.4,28.6,-0.25,21,877
2022-12-28,6698,25119,714308,28.6,29.3,28.1,28.1,-0.5,35,861
2022-12-29,6698,29006,812719,28.0,28.35,27.8,28.15,0.05,24,836
2022-12-30,6698,66118,1857965,29.0,29.0,28.0,28.0,-0.15,56,715
2023-01-03,6698,15008,420516,28.0,28.1,28.0,28.1,0.1,22,883
2023-01-04,6698,9008,254625,28.2,28.35,28.2,28.35,0.25,16,910
2023-01-05,6698,41535,1177481,28.45,28.5,28.2,28.2,-0.15,45,808
2023-01-06,6698,42005,1179691,27.65,28.6,27.65,28.35,0.15,33,793
2023-01-09,6698,22033,625643,28.35,28.5,28.35,28.4,0.05,28,891
2023-01-10,6698,40363,1140390,28.45,28.45,27.9,28.35,-0.05,70,799
2023-01-11,6698,39054,1107801,28.3,28.6,28.2,28.35,0.0,36,823
2023-01-12,6698,35003,988687,28.35,28.35,28.15,28.15,-0.2,28,817
2023-01-13,6698,12003,338487,28.15,28.25,28.15,28.15,0.0,15,916
2023-01-16,6698,28154,790766,28.15,28.35,28.0,28.05,-0.1,38,846
2023-01-17,6698,24013,675663,28.0,28.5,27.95,27.95,-0.1,34,867
2023-01-30,6698,44218,1240005,28.1,28.15,27.95,28.1,0.15,70,855
2023-01-31,6698,100116,2850410,28.2,29.0,28.1,28.6,0.5,81,722
2023-02-01,6698,30111,871419,28.6,29.2,28.6,29.0,0.4,35,877
2023-02-02,6698,83387,2458711,29.0,29.85,29.0,29.8,0.8,61,786
2023-02-03,6698,228732,6916772,29.9,31.1,29.45,30.65,0.85,165,636
2023-02-06,6698,55103,1655823,30.65,30.65,29.75,29.75,-0.9,76,799
2023-02-07,6698,93105,2773825,29.7,30.15,29.35,30.1,0.35,58,728
2023-02-08,6698,42129,1276625,30.45,30.7,30.0,30.05,-0.05,52,839
2023-02-09,6698,66042,1981426,30.0,30.05,29.75,30.0,-0.05,42,777
2023-02-10,6698,114233,3448849,30.0,30.5,30.0,30.0,0.0,56,734
2023-02-13,6698,26064,791552,30.7,30.7,30.05,30.2,0.2,33,888
2023-02-14,6698,60124,1821222,30.25,30.7,30.2,30.2,0.0,62,793
2023-02-15,6698,139278,4186494,30.05,30.45,30.0,30.0,-0.2,78,697
2023-02-16,6698,24132,733690,30.4,30.5,30.2,30.35,0.35,39,897
2023-02-17,6698,13007,395116,30.3,30.4,30.3,30.35,0.0,19,921
2023-02-20,6698,100740,3115718,30.5,31.5,30.45,31.2,0.85,103,789
2023-02-21,6698,79404,2489557,31.35,31.7,31.2,31.35,0.15,81,810
2023-02-22,6698,71177,2233391,31.25,31.8,30.8,31.35,0.0,68,812
2023-02-23,6698,186299,6024113,32.0,32.8,31.75,32.65,1.3,161,693
2023-02-24,6698,106104,3448658,32.8,32.9,32.25,32.6,-0.05,121,778
2023-03-01,6698,57252,1836902,32.35,32.35,31.7,31.85,-0.75,103,844
2023-03-02,6698,97430,3062211,31.85,31.95,31.05,31.3,-0.55,140,769
2023-03-03,6698,53150,1689838,31.7,32.2,31.5,31.75,0.45,66,839
2023-03-06,6698,240327,7909226,32.35,33.25,32.35,33.0,1.25,173,704
2023-03-07,6698,187034,6165724,33.05,33.15,32.75,33.0,0.0,99,734
2023-03-08,6698,75321,2503161,33.5,33.5,33.0,33.2,0.2,82,825
2023-03-09,6698,67410,2212469,33.1,33.1,32.65,32.9,-0.3,117,848
2023-03-10,6698,138736,4471529,32.9,32.9,31.8,31.8,-1.1,118,803
2023-03-13,6698,65075,2018405,31.7,31.7,30.2,31.35,-0.45,82,861
2023-03-14,6698,17056,529109,30.7,31.1,30.7,31.05,-0.3,31,922
2023-03-15,6698,37208,1159460,31.5,31.5,31.05,31.25,0.2,41,878
2023-03-16,6698,77178,2367342,30.6,30.8,30.6,30.6,-0.65,86,834
2023-03-17,6698,51072,1586204,31.0,31.3,30.8,31.3,0.7,107,823
2023-03-20,6698,33293,1037660,31.3,31.35,30.95,31.1,-0.2,102,855
2023-03-21,6698,35158,1098630,31.3,31.5,31.1,31.1,0.0,69,879
2023-03-22,6698,105257,3313798,31.1,32.0,31.1,31.65,0.55,127,781
2023-03-23,6698,66248,2084851,31.55,31.8,31.2,31.5,-0.15,93,824
2023-03-24,6698,719119,24493347,31.6,34.65,31.6,34.65,3.15,360,480
2023-03-27,6698,2789772,102668113,36.7,38.1,35.05,38.1,3.45,1742,264
2023-03-28,6698,7490509,295209227,39.5,40.3,38.3,38.6,0.5,3446,145
2023-03-29,6698,6404802,260067188,39.9,41.9,39.7,40.4,1.8,4209,151
2023-03-30,6698,1599970,62752828,40.0,40.0,38.6,39.35,-1.05,1229,305
2023-03-31,6698,680973,26583999,39.1,39.7,38.5,38.7,-0.65,570,425
2023-04-06,6698,456212,17177075,38.5,38.5,37.25,37.25,-1.45,513,519
2023-04-07,6698,687224,25368763,37.25,37.45,36.55,37.45,0.2,572,431
2023-04-10,6698,1498015,60772349,38.95,41.15,38.4,41.15,3.7,865,320
2023-04-11,6698,3260909,138229284,41.7,44.25,40.05,40.05,-1.1,2343,241
2023-04-12,6698,625619,24922829,40.5,40.5,39.2,39.6,-0.45,639,506
2023-04-13,6698,717049,28931355,39.7,41.3,39.3,40.1,0.5,599,489
2023-04-14,6698,421747,16988966,41.0,41.0,39.6,39.7,-0.4,356,547
2023-04-17,6698,490606,19363767,39.7,40.55,38.85,38.85,-0.85,388,550
2023-04-18,6698,561060,21416602,39.3,39.3,37.55,37.75,-1.1,564,530
2023-04-19,6698,284101,10930125,38.35,38.95,38.2,38.5,0.75,244,636
2023-04-20,6698,317636,11956928,38.25,38.35,37.1,37.1,-1.4,332,620
2023-04-21,6698,501212,18162660,36.85,37.25,35.3,35.3,-1.8,391,577
2023-04-24,6698,218144,7948214,35.3,37.4,35.1,36.4,1.1,211,605
2023-04-25,6698,335261,11777373,36.45,36.75,34.5,34.5,-1.9,281,619
2023-04-26,6698,122016,4233784,34.6,35.15,34.3,34.65,0.15,107,710
2023-04-27,6698,86198,3051482,35.7,35.7,34.9,35.5,0.85,80,724
2023-04-28,6698,149012,5382285,35.55,36.5,35.55,36.15,0.65,129,662
2023-05-02,6698,269179,9938424,36.2,37.9,36.05,37.0,0.85,190,590
2023-05-03,6698,627559,23909885,37.5,38.7,36.95,38.3,1.3,459,436
2023-05-04,6698,377005,14216839,38.1,38.35,37.1,37.45,-0.85,309,522
2023-05-05,6698,257113,9504833,37.5,37.7,36.2,36.4,-1.05,202,582
2023-05-08,6698,243567,8679089,36.4,36.45,35.0,35.25,-1.15,198,608
2023-05-09,6698,140416,4886814,35.25,35.25,34.5,34.75,-0.5,122,722
2023-05-10,6698,93304,3272943,34.75,35.9,34.75,35.1,0.35,65,739
2023-05-11,6698,151017,5285804,35.35,35.95,34.6,34.6,-0.5,121,753
2023-05-12,6698,156014,5456752,34.65,35.55,34.25,35.1,0.5,120,657
2023-05-15,6698,699284,26181722,35.5,38.5,35.4,36.6,1.5,642,417
2023-05-16,6698,2615645,103162112,39.0,40.25,38.05,38.3,1.7,1700,244
2023-05-17,6698,535207,20287537,37.6,38.45,37.5,37.95,-0.35,375,520
2023-05-18,6698,285756,10815749,38.2,38.8,37.5,37.55,-0.4,224,605
2023-05-19,6698,417241,15793537,37.6,38.4,37.0,38.3,0.75,330,526
2023-05-22,6698,1021163,40737183,40.5,40.7,39.2,39.65,1.35,755,378
2023-05-23,6698,526241,20991760,39.8,40.6,38.7,39.65,0.0,377,486
2023-05-24,6698,364109,14386747,39.7,40.25,38.85,39.95,0.3,312,537
2023-05-25,6698,781284,31604230,40.45,40.95,40.0,40.55,0.6,537,422
2023-05-26,6698,2229050,93361676,42.0,43.0,40.65,41.5,0.95,1466,292
2023-05-29,6698,1266379,53400432,41.95,42.9,41.35,41.9,0.4,999,363
2023-05-30,6698,687061,27929457,42.05,42.1,39.75,40.45,-1.45,604,437
2023-05-31,6698,660549,27450228,40.55,42.0,40.45,41.65,1.2,583,463
2023-06-01,6698,274364,11407783,41.3,41.9,41.25,41.6,-0.05,245,588
2023-06-02,6698,521476,21259558,41.6,42.15,40.0,40.0,-1.6,442,526
2023-06-05,6698,377209,15056169,40.4,40.45,39.65,39.8,-0.2,277,587
2023-06-06,6698,256340,10037420,39.5,39.75,38.55,39.2,-0.6,227,622
2023-06-07,6698,230262,9133249,39.7,40.1,39.05,39.4,0.2,157,655
2023-06-08,6698,360297,13957834,40.15,40.15,38.4,38.5,-0.9,286,588
2023-06-09,6698,242060,9259944,38.6,38.75,38.0,38.1,-0.4,185,664
2023-06-12,6698,220108,8307124,38.2,38.3,37.5,37.55,-0.55,154,689
2023-06-13,6698,215517,8060928,37.65,37.75,37.1,37.2,-0.35,173,689
2023-06-14,6698,231331,8677843,37.65,38.0,37.25,37.3,0.1,190,673
2023-06-15,6698,221389,8165185,37.5,37.5,36.6,37.0,-0.3,187,679
2023-06-16,6698,257394,9482143,37.3,37.35,36.65,36.7,-0.3,189,675
2023-06-19,6698,336102,12502465,36.7,37.75,36.2,37.4,0.7,218,603
2023-06-20,6698,252163,9311830,37.7,37.7,36.65,36.7,-0.7,180,636
