date,stock_id,Trading_Volume,Trading_money,open,max,min,close,spread,Trading_turnover,Trading_money_rank
2023-03-10,6753,5367921,467848608,85.5,90.6,84.6,87.1,0.0,4202,120
2023-03-13,6753,3480444,277665883,85.1,85.1,76.6,78.4,-8.7,3005,163
2023-03-14,6753,1408610,111145202,77.7,80.9,77.4,78.4,0.0,1275,256
2023-03-15,6753,2160251,167056108,78.6,81.0,73.6,78.5,0.1,2008,214
2023-03-16,6753,1700262,135297449,80.0,80.3,78.5,79.8,1.3,1344,246
2023-03-17,6753,4221618,365621889,84.6,87.7,82.0,87.7,7.9,2861,150
2023-03-20,6753,4161275,376648107,90.1,93.1,88.0,90.5,2.8,2965,105
2023-03-21,6753,2446457,214822954,90.0,90.4,86.9,87.1,-3.4,2013,172
2023-03-22,6753,1010203,88554728,88.0,89.0,87.1,87.5,0.4,908,274
2023-03-23,6753,1197305,106171880,86.3,89.7,86.3,88.6,1.1,1070,254
2023-03-24,6753,1003598,88436164,88.7,89.5,87.4,87.8,-0.8,924,296
2023-03-27,6753,4328126,398820547,86.4,96.5,86.4,96.5,8.7,3258,112
2023-03-28,6753,8266869,852029518,97.8,106.0,97.5,106.0,9.5,6241,57
2023-03-29,6753,5798053,617959332,107.5,114.0,100.5,114.0,8.0,4927,72
2023-03-30,6753,3605201,407759213,110.5,117.0,109.0,113.0,-1.0,3442,103
2023-03-31,6753,2992530,339204968,113.0,117.0,109.0,116.0,3.0,2679,118
2023-04-06,6753,3557943,441512753,120.0,127.5,119.0,127.5,11.5,2474,111
2023-04-07,6753,6341187,860559093,132.5,139.5,131.0,136.5,9.0,5901,49
2023-04-10,6753,3794153,503850115,135.5,137.5,128.0,132.0,-4.5,3915,83
2023-04-11,6753,4743529,594954391,129.0,131.5,120.0,124.0,-8.0,5099,80
2023-04-12,6753,5120662,658800389,122.0,136.0,119.0,136.0,12.0,4600,72
2023-04-13,6753,6383634,905541684,137.5,146.5,137.5,140.0,4.0,6024,69
2023-04-14,6753,3682804,507893339,136.0,143.0,133.0,138.0,-2.0,3651,103
2023-04-17,6753,3314706,464623782,135.0,144.0,134.0,140.0,2.0,3208,115
2023-04-18,6753,3320879,451444023,138.5,141.5,133.0,133.5,-6.5,3294,117
2023-04-19,6753,3267062,426102695,134.0,135.5,127.0,128.5,-5.0,3101,131
2023-04-20,6753,2701722,334996364,128.5,130.0,121.0,121.0,-7.5,2806,148
2023-04-21,6753,5074694,617620814,121.0,132.0,110.0,129.0,8.0,4608,88
2023-04-24,6753,2202196,280198783,125.5,131.0,123.0,126.5,-2.5,2144,135
2023-04-25,6753,3969985,519491846,126.5,135.5,125.5,129.5,3.0,3770,111
2023-04-26,6753,2178708,273957185,125.5,129.0,122.5,126.0,-3.5,2143,154
2023-04-27,6753,2169994,280320339,125.5,131.5,125.0,129.0,3.0,2058,140
2023-04-28,6753,3642805,481180794,130.0,135.0,128.0,135.0,6.0,3332,101
2023-05-02,6753,3354672,443948392,136.0,138.0,129.0,130.0,-5.0,3160,101
2023-05-03,6753,1416412,183544935,129.0,133.0,128.0,128.0,-2.0,1513,177
2023-05-04,6753,1848342,230428048,129.0,129.5,123.0,124.0,-4.0,2088,166
2023-05-05,6753,1165306,146615209,122.5,129.0,122.5,125.5,1.5,1201,216
2023-05-08,6753,866242,107421692,126.0,126.5,123.0,123.0,-2.5,957,270
2023-05-09,6753,1214913,151223890,124.5,128.0,122.5,123.5,0.5,1208,214
2023-05-10,6753,683406,83788559,123.5,125.0,121.0,122.5,-1.0,784,270
2023-05-11,6753,1269801,151780728,120.5,124.5,117.0,119.0,-3.5,1422,231
2023-05-12,6753,1054350,123186238,119.5,120.5,113.0,118.0,-1.0,1152,221
2023-05-15,6753,1015632,119253199,120.5,121.5,114.0,115.0,-3.0,1032,223
2023-05-16,6753,1551744,176279587,115.0,116.5,111.0,115.0,0.0,1557,186
2023-05-17,6753,1684796,201769358,115.0,123.5,114.0,120.0,5.0,1653,202
2023-05-18,6753,1027324,122037155,120.0,122.0,117.5,117.5,-2.5,1104,256
2023-05-19,6753,876111,102657490,117.5,120.0,115.0,115.5,-2.0,983,275
2023-05-22,6753,859142,100146858,116.5,118.0,114.0,116.5,1.0,841,270
2023-05-23,6753,1251006,148875080,117.0,121.5,116.0,121.5,5.0,1218,228
2023-05-24,6753,2669269,334894887,121.5,127.0,121.5,127.0,5.5,2697,137
2023-05-25,6753,1370642,169138643,128.0,128.0,121.0,122.5,-4.5,1458,223
2023-05-26,6753,1449845,171967584,121.5,121.5,117.0,117.0,-5.5,1609,234
2023-05-29,6753,809114,95750188,117.5,121.0,116.0,119.0,2.0,898,283
2023-05-30,6753,626285,73360171,119.0,119.5,116.5,116.5,-2.5,681,309
2023-05-31,6753,511841,60216089,117.5,119.0,116.5,117.0,0.5,485,357
2023-06-01,6753,368209,43244872,116.0,118.5,116.0,117.5,0.5,455,388
2023-06-02,6753,666178,77940886,118.0,118.5,116.0,116.0,-1.5,809,341
2023-06-05,6753,1087813,128649505,116.0,120.0,115.5,118.5,2.5,1016,280
2023-06-06,6753,588333,68767522,118.5,119.0,116.0,116.5,-2.0,656,352
2023-06-07,6753,690733,81576461,117.5,119.5,116.5,118.0,1.5,692,352
2023-06-08,6753,1167094,138197581,118.0,121.0,116.0,118.0,0.0,1088,281
2023-06-09,6753,704596,83443341,118.5,119.5,117.0,119.5,1.5,726,340
2023-06-12,6753,644311,75308226,119.5,119.5,116.0,116.0,-3.5,761,360
2023-06-13,6753,2341393,257285235,112.0,112.0,108.5,109.0,-7.0,2612,211
2023-06-14,6753,2084077,217172231,111.0,111.0,101.0,104.0,-5.0,2476,234
2023-06-15,6753,1092623,112890888,104.0,106.5,101.0,106.0,2.0,1646,308
2023-06-16,6753,524216,55044049,108.0,108.0,104.0,104.0,-2.0,655,422
2023-06-19,6753,993154,105711264,104.0,108.0,104.0,106.5,2.5,1004,305
2023-06-20,6753,424633,44730140,107.0,107.5,104.0,104.5,-2.0,543,417
2023-06-21,6753,329563,34539113,105.0,105.5,104.0,104.0,-0.5,416,451
2023-06-26,6753,348015,36323073,104.5,105.5,104.0,104.0,0.0,509,440
2023-06-27,6753,1102074,111439586,104.0,104.0,100.0,100.5,-3.5,1128,291
2023-06-28,6753,392556,39684879,101.5,102.5,100.0,101.0,0.5,439,416
2023-06-29,6753,753880,78276052,102.0,105.5,102.0,104.0,3.0,725,325
2023-06-30,6753,630926,64163507,103.5,105.5,100.5,102.0,-2.0,706,341
2023-07-03,6753,674260,67794924,103.0,103.0,100.0,101.0,-1.0,768,372
2023-07-04,6753,596571,60051975,101.5,102.0,100.0,100.0,-1.0,627,391
2023-07-05,6753,1463817,145195521,100.0,101.0,97.1,100.0,0.0,1574,282
2023-07-06,6753,2911314,303732468,101.0,106.0,100.5,105.5,5.5,2326,188
2023-07-07,6753,1873121,198026002,105.0,107.0,103.0,107.0,1.5,1500,227
2023-07-10,6753,1197006,127275772,107.0,110.0,103.5,103.5,-3.5,1045,277
2023-07-11,6753,922436,94853625,105.5,105.5,101.5,101.5,-2.0,797,313
2023-07-12,6753,591673,60732400,102.0,104.0,101.0,104.0,2.5,567,382
2023-07-13,6753,625325,64016913,104.5,105.0,101.0,101.5,-2.5,606,382
2023-07-14,6753,591201,59879664,102.5,102.5,100.5,100.5,-1.0,597,-1
