date,stock_id,Trading_Volume,Trading_money,open,max,min,close,spread,Trading_turnover,Trading_money_rank
2020-08-25,6754,1262507,72637345,60.9,60.9,54.0,56.5,0.0,965,292
2020-08-26,6754,838960,44820083,56.6,56.8,51.2,51.7,-4.8,613,348
2020-08-27,6754,384500,19677399,51.7,52.5,50.1,51.4,-0.3,295,458
2020-08-28,6754,271500,13865850,51.1,51.5,50.4,51.5,0.1,177,500
2020-08-31,6754,205130,10588921,51.5,51.9,51.3,51.6,0.1,132,569
2020-09-01,6754,273156,14007348,51.4,51.8,51.0,51.5,-0.1,131,531
2020-09-02,6754,196567,9999646,51.5,51.5,50.6,51.0,-0.5,108,585
2020-09-03,6754,203402,10381242,51.2,51.3,50.9,51.0,0.0,106,586
2020-09-04,6754,191280,9548456,49.5,50.5,49.0,50.5,-0.5,104,590
2020-09-07,6754,201100,10104760,50.3,50.6,50.0,50.6,0.1,98,612
2020-09-08,6754,87070,4442798,50.5,51.4,50.5,51.4,0.8,58,681
2020-09-09,6754,192120,10110683,51.5,54.5,51.5,53.2,1.8,155,571
2020-09-10,6754,150030,7948090,53.7,53.7,52.7,53.0,-0.2,100,617
2020-09-11,6754,142010,7467424,52.8,52.9,52.0,52.4,-0.6,86,638
2020-09-14,6754,153200,7972460,52.0,52.5,51.7,52.5,0.1,66,590
2020-09-15,6754,59100,3128760,52.9,53.2,52.8,52.8,0.3,36,708
2020-09-16,6754,109100,5713200,53.4,53.4,52.0,52.0,-0.8,54,638
2020-09-17,6754,82000,4237900,52.0,52.4,51.4,51.5,-0.5,39,662
2020-09-18,6754,132030,6803645,51.4,51.7,51.3,51.3,-0.2,58,632
2020-09-21,6754,128700,6558530,51.3,51.5,49.6,49.75,-1.55,72,651
2020-09-22,6754,150387,7179782,49.1,49.1,47.3,47.3,-2.45,119,631
2020-09-23,6754,124151,5721946,47.3,47.3,45.65,45.95,-1.35,104,674
2020-09-24,6754,193000,8659300,45.9,45.9,44.3,44.65,-1.3,132,667
2020-09-25,6754,89110,4009692,44.65,45.75,44.0,44.55,-0.1,77,725
2020-09-28,6754,79000,3442500,44.6,44.65,43.05,43.95,-0.6,72,666
2020-09-29,6754,53000,2299550,43.9,44.1,42.85,42.85,-1.1,48,684
2020-09-30,6754,65000,2767000,42.85,43.0,42.35,42.55,-0.3,57,637
2020-10-05,6754,92000,3836800,42.8,42.8,41.5,41.65,-0.9,80,620
2020-10-06,6754,68170,2934696,41.85,43.8,41.85,43.8,2.15,68,693
2020-10-07,6754,73450,3177357,43.75,43.75,43.0,43.35,-0.45,64,649
2020-10-08,6754,37003,1593138,43.1,43.35,42.85,43.1,-0.25,37,765
2020-10-12,6754,97380,4029430,42.95,42.95,40.85,40.9,-2.2,81,669
2020-10-13,6754,44000,1797250,41.0,41.05,40.7,40.9,0.0,34,738
2020-10-14,6754,20000,828950,41.0,41.65,41.0,41.45,0.55,14,826
2020-10-15,6754,21000,867950,41.5,41.65,41.15,41.15,-0.3,20,815
2020-10-16,6754,35000,1432050,41.15,41.25,40.6,40.6,-0.55,25,767
2020-10-19,6754,66000,2686000,40.6,41.05,40.55,41.0,0.4,36,718
2020-10-20,6754,39000,1611850,41.0,41.75,41.0,41.25,0.25,29,717
2020-10-21,6754,24000,994700,41.35,41.75,41.3,41.5,0.25,20,809
2020-10-22,6754,46000,1909900,41.6,41.65,41.4,41.5,0.0,38,711
2020-10-23,6754,20000,831250,41.5,41.85,41.45,41.6,0.1,19,803
2020-10-26,6754,45200,1881470,41.65,41.7,41.5,41.5,-0.1,32,744
2020-10-27,6754,57415,2355917,40.3,41.5,40.3,41.25,-0.25,48,693
2020-10-28,6754,82000,3367150,41.1,41.4,40.65,40.8,-0.45,43,665
2020-10-29,6754,33000,1342000,40.4,40.8,40.4,40.8,0.0,27,766
2020-10-30,6754,40000,1629300,40.4,40.9,40.4,40.55,-0.25,29,746
2020-11-02,6754,30000,1214800,40.45,40.6,40.4,40.4,-0.15,25,768
2020-11-03,6754,18239,741455,40.8,41.0,40.5,40.5,0.1,16,825
2020-11-04,6754,33030,1337822,40.55,40.7,40.45,40.65,0.15,25,742
2020-11-05,6754,14111,576300,41.2,41.2,40.7,40.7,0.05,18,826
2020-11-06,6754,15235,621649,40.75,40.85,40.7,40.7,0.0,14,840
2020-11-09,6754,53000,2204300,41.0,42.15,41.0,41.3,0.6,45,759
2020-11-10,6754,40000,1656950,41.9,41.9,41.0,41.0,-0.3,31,784
2020-11-11,6754,25000,1020500,40.95,41.0,40.6,40.8,-0.2,20,850
2020-11-12,6754,117000,4776500,41.0,41.05,40.7,40.8,0.0,41,669
2020-11-13,6754,140000,5748800,40.9,41.8,40.8,41.4,0.6,57,609
2020-11-16,6754,85000,3510600,41.35,41.4,41.2,41.4,0.0,44,731
2020-11-17,6754,114000,4753050,42.65,42.65,41.6,41.65,0.25,59,685
2020-11-18,6754,260900,10947930,41.75,42.2,41.75,42.05,0.4,105,558
2020-11-19,6754,185325,7913812,42.3,43.0,42.3,42.7,0.65,105,600
2020-11-20,6754,174075,7699137,43.1,45.15,43.1,44.55,1.85,139,596
2020-11-23,6754,163507,7223705,44.95,44.95,43.5,43.6,-0.95,127,673
2020-11-24,6754,98100,4313550,43.55,44.15,43.55,43.9,0.3,89,710
2020-11-25,6754,74003,3248685,44.1,44.1,43.75,43.75,-0.15,57,761
2020-11-26,6754,74319,3262322,43.75,43.95,43.75,43.9,0.15,62,756
2020-11-27,6754,252000,11145450,43.85,44.8,43.85,44.5,0.6,135,596
2020-11-30,6754,131029,5854189,45.1,45.1,44.2,44.3,-0.2,127,731
2020-12-01,6754,136235,6043640,44.9,44.9,43.8,44.3,0.0,133,696
2020-12-02,6754,103002,4555087,44.5,44.5,43.85,43.85,-0.45,97,740
2020-12-03,6754,110101,4806123,44.0,44.0,43.4,43.6,-0.25,55,726
2020-12-04,6754,155423,6590406,43.7,43.7,41.95,43.0,-0.6,117,690
2020-12-07,6754,99202,4221883,43.0,43.0,42.1,42.15,-0.85,50,753
2020-12-08,6754,119390,5019430,42.45,42.45,41.8,42.3,0.15,49,718
2020-12-09,6754,70002,2967984,42.35,42.5,42.15,42.25,-0.05,27,785
2020-12-10,6754,135000,5683600,42.9,42.9,41.8,42.3,0.05,47,706
2020-12-11,6754,44200,1846744,42.25,42.25,41.55,42.05,-0.25,35,825
2020-12-14,6754,253001,10597641,41.55,42.1,41.5,41.8,-0.25,64,578
2020-12-15,6754,38060,1579528,41.75,41.75,41.4,41.4,-0.4,30,826
2020-12-16,6754,328235,13632195,41.5,42.0,41.45,41.95,0.55,64,570
2020-12-17,6754,21000,882250,42.45,42.45,41.8,42.0,0.05,18,878
2020-12-18,6754,20001,834741,42.25,42.25,41.6,41.6,-0.4,21,876
2020-12-21,6754,20201,833051,41.85,41.85,41.0,41.6,0.0,20,874
2020-12-22,6754,30341,1243760,41.6,41.6,40.8,40.8,-0.8,26,860
2020-12-23,6754,32030,1294187,41.2,41.25,40.1,41.25,0.45,29,834
2020-12-24,6754,43000,1773900,41.45,41.6,40.7,41.6,0.35,34,806
2020-12-25,6754,16001,659391,41.7,41.7,41.0,41.05,-0.55,12,880
2020-12-28,6754,41010,1679861,41.35,41.35,40.85,41.15,0.1,33,870
2020-12-29,6754,85068,3470283,41.1,41.1,40.7,40.95,-0.2,44,771
2020-12-30,6754,14110,575487,41.1,41.1,40.7,40.85,-0.1,15,901
2020-12-31,6754,24000,985850,41.35,41.35,40.85,41.25,0.4,19,880
2021-01-04,6754,74070,3033384,41.2,41.2,40.8,40.8,-0.45,36,808
2021-01-05,6754,27030,1101330,40.8,40.8,40.65,40.7,-0.1,24,865
2021-01-06,6754,41050,1673450,41.25,41.25,40.65,40.65,-0.05,27,851
2021-01-07,6754,22040,893879,40.65,40.7,40.4,40.7,0.05,19,875
2021-01-08,6754,39051,1585475,41.05,41.05,40.5,40.5,-0.2,27,837
2021-01-11,6754,90000,3583600,40.3,40.3,39.5,39.7,-0.8,60,773
2021-01-12,6754,80025,3161587,39.65,39.85,39.3,39.45,-0.25,45,785
2021-01-13,6754,45000,1788000,39.45,40.6,39.45,40.6,1.15,35,825
2021-01-14,6754,23000,917550,39.95,39.95,39.85,39.9,-0.7,14,865
2021-01-15,6754,23000,916600,39.9,40.0,39.6,40.0,0.1,17,880
2021-01-18,6754,6078,240610,39.6,39.6,39.6,39.6,-0.4,6,905
2021-01-19,6754,41325,1631408,39.5,39.55,39.4,39.4,-0.2,21,809
2021-01-20,6754,90236,3472464,39.35,39.35,38.2,38.5,-0.9,61,813
2021-01-21,6754,31030,1191852,38.5,38.5,38.35,38.45,-0.05,25,855
2021-01-22,6754,57000,2192150,38.4,38.5,38.25,38.5,0.05,33,787
2021-01-25,6754,41000,1587150,38.7,38.85,38.6,38.85,0.35,39,802
2021-01-26,6754,61000,2379750,38.85,39.5,38.7,38.85,0.0,58,765
2021-01-27,6754,51000,2004550,39.0,39.45,39.0,39.3,0.45,48,752
2021-01-28,6754,43000,1682100,39.3,39.3,38.8,39.0,-0.3,38,797
2021-01-29,6754,108000,4242200,38.95,39.65,38.95,39.0,0.0,84,734
2021-02-01,6754,36000,1408050,39.35,39.4,38.8,39.15,0.15,34,802
2021-02-02,6754,21000,826750,39.25,39.5,39.25,39.35,0.2,20,852
2021-02-03,6754,48000,1908650,39.25,39.9,39.25,39.8,0.45,37,750
2021-02-04,6754,52000,2077350,39.6,40.1,39.6,39.9,0.1,49,741
2021-02-05,6754,148000,5991300,40.55,40.8,40.0,40.7,0.8,115,629
2021-02-17,6754,71000,2907350,40.7,41.2,40.7,41.1,0.4,62,783
2021-02-18,6754,60001,2499492,41.0,42.2,41.0,42.1,1.0,56,790
2021-02-19,6754,83100,3477710,42.0,42.15,41.5,42.15,0.05,82,747
2021-02-22,6754,63510,2684871,42.15,42.45,42.15,42.4,0.25,54,817
2021-02-23,6754,135071,5736946,42.3,42.65,42.3,42.65,0.25,118,747
2021-02-24,6754,105000,4464950,42.5,42.65,42.4,42.65,0.0,103,764
2021-02-25,6754,90000,3862950,42.7,43.1,42.7,42.9,0.25,87,761
2021-02-26,6754,85000,3617850,42.85,42.85,42.3,42.35,-0.55,82,785
2021-03-02,6754,167380,7117465,42.35,42.65,42.35,42.6,0.25,140,674
2021-03-03,6754,88000,3744150,42.55,42.75,42.4,42.75,0.15,61,747
2021-03-04,6754,77000,3277050,42.55,42.65,42.45,42.55,-0.2,66,761
2021-03-05,6754,78000,3319200,42.65,42.65,42.4,42.6,0.05,67,743
2021-03-08,6754,632100,26997150,42.7,43.55,42.55,43.0,0.4,117,478
2021-03-09,6754,59000,2531400,42.8,43.0,42.7,42.9,-0.1,46,794
2021-03-10,6754,75164,3230537,42.7,43.05,42.7,43.0,0.1,57,762
2021-03-11,6754,167006,7257508,43.0,43.75,43.0,43.65,0.65,127,708
2021-03-12,6754,181773,8027375,43.7,44.6,43.7,44.4,0.75,127,660
2021-03-15,6754,106070,4738636,44.45,44.8,44.2,44.8,0.4,101,742
2021-03-16,6754,332047,14858146,44.8,44.9,44.5,44.6,-0.2,93,595
2021-03-17,6754,194531,8616464,44.5,44.65,43.8,44.0,-0.6,134,681
2021-03-18,6754,102035,4507224,44.0,44.3,44.0,44.2,0.2,57,766
2021-03-19,6754,139123,6126582,44.25,44.25,43.6,44.0,-0.2,87,747
2021-03-22,6754,81000,3569450,44.2,44.25,43.7,44.15,0.15,64,811
2021-03-23,6754,67000,2953550,44.3,44.3,43.7,44.15,0.0,56,815
2021-03-24,6754,118061,5167843,44.2,44.2,43.4,44.15,0.0,88,731
2021-03-25,6754,69000,3035000,44.15,44.2,43.75,43.9,-0.25,55,783
2021-03-26,6754,112000,4959550,44.2,44.4,44.1,44.35,0.45,63,759
2021-03-29,6754,118001,5242894,44.5,44.6,44.25,44.5,0.15,72,774
2021-03-30,6754,182636,8299385,45.0,45.9,44.9,45.85,1.35,163,699
2021-03-31,6754,95050,4364242,45.85,46.1,45.85,46.1,0.25,79,776
2021-04-01,6754,117001,5446795,46.2,47.0,46.2,47.0,0.9,97,763
2021-04-06,6754,130236,6145220,47.2,47.6,46.6,47.2,0.2,111,769
2021-04-07,6754,103004,4839493,47.2,47.3,46.65,47.2,0.0,82,783
2021-04-08,6754,106004,4982838,47.2,47.2,46.75,47.2,0.0,70,803
2021-04-09,6754,93002,4418444,47.5,47.85,47.15,47.25,0.05,79,814
2021-04-12,6754,114820,5474180,47.6,48.0,47.3,47.75,0.5,80,818
2021-04-13,6754,108000,5170300,47.8,48.0,47.6,47.8,0.05,72,827
2021-04-14,6754,145000,6835550,47.8,48.0,46.0,47.0,-0.8,97,793
2021-04-15,6754,118001,5567101,47.0,47.5,46.6,47.3,0.3,94,776
2021-04-16,6754,111102,5279546,47.5,47.7,47.15,47.7,0.4,87,794
2021-04-19,6754,119236,5683235,47.7,47.8,47.35,47.7,0.0,97,839
2021-04-20,6754,95134,4547161,47.7,47.9,47.65,47.8,0.1,64,848
2021-04-21,6754,113063,5393537,47.85,47.9,47.35,47.35,-0.45,89,828
2021-04-22,6754,161066,7673117,47.75,48.0,46.8,47.3,-0.05,133,827
2021-04-23,6754,81056,3830754,47.5,47.5,47.0,47.3,0.0,70,841
2021-04-26,6754,99001,4723597,47.75,47.9,47.45,47.5,0.2,72,831
2021-04-27,6754,128001,6101747,47.75,47.85,47.5,47.65,0.15,94,807
2021-04-28,6754,171001,8152947,47.75,47.8,47.45,47.55,-0.1,111,788
2021-04-29,6754,150100,7204704,47.75,48.35,47.55,48.35,0.8,105,792
2021-05-03,6754,125050,6022260,48.1,48.4,47.4,47.7,-0.65,90,834
2021-05-04,6754,149001,7052846,47.9,48.0,46.15,46.6,-1.1,114,836
2021-05-05,6754,181190,8426280,46.55,46.95,45.4,46.8,0.2,96,724
2021-05-06,6754,85322,4038875,47.2,47.45,46.6,47.2,0.4,73,801
2021-05-07,6754,104000,4945350,47.55,47.7,47.25,47.7,0.5,76,769
2021-05-10,6754,143523,7021286,48.0,49.95,48.0,49.0,1.3,105,760
2021-05-11,6754,107224,5189532,49.0,49.0,47.65,48.35,-0.65,129,842
2021-05-12,6754,215504,9945123,48.0,48.6,43.6,45.65,-2.7,161,816
2021-05-13,6754,101051,4508831,45.6,45.6,43.3,44.5,-1.15,88,842
2021-05-14,6754,89050,3959522,45.55,45.55,44.0,44.45,-0.05,76,822
2021-05-17,6754,114063,4996780,42.0,44.9,41.9,43.45,-1.0,75,826
2021-05-18,6754,66093,2958123,43.5,45.55,43.45,45.05,1.6,38,835
2021-05-19,6754,26000,1170700,45.4,45.45,44.15,45.0,-0.05,22,867
2021-05-20,6754,114001,5096344,44.95,44.95,43.75,43.75,-1.25,103,725
2021-05-21,6754,87001,3874344,44.5,44.7,44.3,44.55,0.8,66,753
2021-05-24,6754,120001,5323544,44.4,44.6,44.1,44.5,-0.05,108,720
2021-05-25,6754,51016,2273612,44.5,44.65,44.4,44.55,0.05,49,818
2021-05-26,6754,99000,4455600,44.6,45.2,44.6,45.0,0.45,66,715
2021-05-27,6754,85012,3802687,45.0,45.0,44.25,44.8,-0.2,70,728
2021-05-28,6754,90042,4035971,44.85,44.95,44.55,44.9,0.1,78,751
2021-05-31,6754,95011,4278349,44.95,45.2,44.75,45.0,0.1,76,751
2021-06-01,6754,95000,4323350,45.3,45.8,45.15,45.65,0.65,76,729
2021-06-02,6754,85000,3908450,45.65,46.3,45.35,45.85,0.2,62,765
2021-06-03,6754,92000,4241950,45.4,46.4,45.4,46.25,0.4,76,740
2021-06-04,6754,105109,4835190,46.15,46.25,45.5,45.6,-0.65,99,711
2021-06-07,6754,92001,4176395,45.65,45.65,45.0,45.3,-0.3,82,756
2021-06-08,6754,99000,4493700,45.3,45.6,44.95,44.95,-0.35,79,679
2021-06-09,6754,133209,6122534,45.3,46.5,45.3,46.1,1.15,82,661
2021-06-10,6754,76020,3554802,46.3,47.8,46.3,47.5,1.4,63,738
2021-06-11,6754,62000,2956950,47.8,47.95,47.25,47.5,0.0,47,759
2021-06-15,6754,98528,4691883,47.5,47.8,47.15,47.5,0.0,82,713
2021-06-16,6754,106000,5029750,47.45,47.8,47.05,47.05,-0.45,76,717
2021-06-17,6754,135000,6382550,47.05,47.5,46.8,47.35,0.3,115,655
2021-06-18,6754,97056,4594996,46.8,47.45,46.8,47.3,-0.05,88,741
2021-06-21,6754,91001,4310097,47.8,48.7,46.45,47.15,-0.15,77,769
2021-06-22,6754,89025,4224580,47.3,47.6,47.0,47.45,0.3,81,748
2021-06-23,6754,85620,4066623,47.5,47.6,47.1,47.5,0.05,89,759
2021-06-24,6754,103018,4889152,47.5,47.55,47.1,47.5,0.0,94,735
2021-06-25,6754,145000,6856600,47.55,47.85,46.85,46.85,-0.65,74,709
2021-06-28,6754,159190,7372750,46.85,46.85,45.8,46.3,-0.55,123,713
2021-06-29,6754,97290,4491370,46.3,46.4,45.65,46.2,-0.1,93,765
2021-06-30,6754,127004,5838586,46.45,46.55,45.65,46.0,-0.2,109,735
2021-07-01,6754,179000,8276350,46.3,46.9,46.0,46.25,0.25,63,711
2021-07-02,6754,157040,7260474,46.25,46.35,46.0,46.25,0.0,152,697
2021-07-05,6754,167026,7758961,46.35,46.75,46.25,46.7,0.45,152,714
2021-07-06,6754,172087,8091885,46.8,47.2,46.7,47.1,0.4,129,683
2021-07-07,6754,743238,35176062,47.2,47.5,47.2,47.5,0.4,211,480
2021-07-08,6754,348984,16328215,49.15,49.15,45.4,46.0,0.0,234,587
2021-07-09,6754,180420,8280660,45.8,46.0,45.5,46.0,0.0,143,680
2021-07-12,6754,157545,7326226,46.1,47.1,45.9,46.55,0.55,135,733
2021-07-13,6754,188981,8899033,46.95,47.4,46.4,47.05,0.5,146,729
2021-07-14,6754,151207,7157872,46.6,47.65,46.6,47.35,0.3,127,708
2021-07-15,6754,152022,7207440,47.5,47.6,46.95,47.35,0.0,136,679
2021-07-16,6754,136163,6444671,47.35,47.45,47.0,47.1,-0.25,124,697
2021-07-19,6754,194146,9158509,47.4,47.4,47.0,47.2,0.1,61,664
2021-07-20,6754,46018,2171946,47.2,47.25,47.05,47.05,-0.15,21,820
2021-07-21,6754,167539,7890570,47.15,47.25,46.4,46.75,-0.3,78,718
2021-07-22,6754,149102,6957661,46.85,47.2,45.95,46.7,-0.05,97,705
2021-07-23,6754,196250,9098550,46.7,46.8,46.0,46.15,-0.55,126,664
2021-07-26,6754,173395,7866219,46.15,46.2,44.6,44.8,-1.35,124,684
2021-07-27,6754,152060,6941356,45.35,46.0,45.25,45.3,0.5,107,699
2021-07-28,6754,90082,4100002,45.8,45.8,45.05,45.1,-0.2,83,776
2021-07-29,6754,94000,4359150,45.75,47.4,45.75,46.55,1.45,64,713
2021-07-30,6754,121030,5679810,47.1,47.2,46.7,46.9,0.35,57,686
2021-08-02,6754,100332,4721300,47.1,47.2,45.3,46.9,0.0,87,710
2021-08-03,6754,86076,4048096,47.1,47.15,46.95,46.95,0.05,76,707
2021-08-04,6754,93060,4370384,47.0,47.05,46.6,46.95,0.0,85,713
2021-08-05,6754,94074,4425473,47.25,47.3,46.7,46.95,0.0,60,716
2021-08-06,6754,98360,4614383,46.8,47.05,46.8,47.0,0.05,64,713
2021-08-09,6754,72751,3402772,46.9,46.95,46.3,46.5,-0.5,53,770
2021-08-10,6754,72000,3365350,47.0,47.1,46.1,46.65,0.15,59,770
2021-08-11,6754,54039,2524584,46.9,47.0,46.0,46.8,0.15,41,823
2021-08-12,6754,66174,3088545,46.9,46.95,46.15,46.15,-0.65,69,740
2021-08-13,6754,543114,23318063,44.15,44.55,41.7,43.1,-3.05,318,492
2021-08-16,6754,37000,1585400,42.7,43.1,42.65,42.65,-0.45,29,846
2021-08-17,6754,104101,4421382,42.9,42.95,41.8,42.2,-0.45,95,725
2021-08-18,6754,72030,3042673,42.0,42.5,42.0,42.05,-0.15,67,772
2021-08-19,6754,69150,2919990,42.0,42.65,41.2,41.2,-0.85,64,774
2021-08-20,6754,113204,4738006,42.5,42.5,41.15,41.3,0.1,74,682
2021-08-23,6754,197000,8139100,41.45,41.65,40.7,41.55,0.25,150,591
2021-08-24,6754,114000,4784050,42.25,42.25,41.9,42.0,0.45,70,649
2021-08-25,6754,63144,2670634,42.65,42.7,42.0,42.2,0.2,56,747
2021-08-26,6754,107000,4527150,42.2,42.4,42.0,42.35,0.15,68,655
2021-08-27,6754,130014,5522310,42.6,42.65,42.05,42.55,0.2,96,624
2021-08-30,6754,83001,3512942,42.75,42.8,42.05,42.25,-0.3,78,680
2021-08-31,6754,172050,7309695,42.5,42.6,42.25,42.5,0.25,41,600
2021-09-01,6754,194000,8273450,42.6,43.1,42.45,42.75,0.25,45,607
2021-09-02,6754,89000,3833650,43.3,43.5,42.7,43.45,0.7,61,697
2021-09-03,6754,91079,4077832,44.0,45.5,43.8,45.2,1.75,87,687
2021-09-06,6754,73000,3312800,45.5,45.6,45.0,45.5,0.3,60,714
2021-09-07,6754,77000,3516650,45.8,45.8,45.35,45.6,0.1,71,695
2021-09-08,6754,72000,3272850,45.6,45.6,44.05,45.5,-0.1,61,724
2021-09-09,6754,83000,3776250,45.5,45.6,45.4,45.4,-0.1,70,661
2021-09-10,6754,35000,1589200,45.55,45.55,45.1,45.1,-0.3,32,765
2021-09-13,6754,56000,2535900,45.3,45.5,45.0,45.1,0.0,44,741
2021-09-14,6754,41000,1856450,44.7,45.4,44.7,45.3,0.2,39,764
2021-09-15,6754,29000,1310750,45.4,45.45,44.15,45.3,0.0,27,799
2021-09-16,6754,30000,1362700,45.35,45.5,45.35,45.4,0.1,27,797
2021-09-17,6754,55010,2478056,45.4,45.5,44.0,44.6,-0.8,51,736
2021-09-22,6754,22000,974650,44.6,44.6,44.05,44.15,-0.45,18,866
2021-09-23,6754,32000,1403500,44.15,44.15,43.55,43.85,-0.3,21,796
2021-09-24,6754,26001,1143198,44.4,44.45,43.5,43.8,-0.05,15,828
2021-09-27,6754,157205,6711416,43.75,43.8,42.5,42.5,-1.3,55,636
2021-09-28,6754,104000,4327050,42.65,42.65,41.1,42.0,-0.5,77,663
2021-09-29,6754,31000,1288150,41.95,41.95,41.2,41.3,-0.7,30,841
2021-09-30,6754,92100,3781435,42.5,42.5,40.55,41.1,-0.2,78,692
2021-10-01,6754,89055,3605277,41.25,41.25,40.2,40.6,-0.5,84,778
2021-10-04,6754,141637,5694358,40.8,40.95,39.6,40.2,-0.4,135,696
2021-10-05,6754,568412,22895444,40.5,40.5,39.75,40.3,0.1,62,447
2021-10-06,6754,95000,3807650,40.55,40.85,39.8,40.25,-0.05,90,675
2021-10-07,6754,36100,1483765,40.5,42.0,40.5,41.15,0.9,37,810
2021-10-08,6754,25052,1038847,41.75,41.8,41.2,41.4,0.25,21,825
2021-10-12,6754,22080,914212,41.95,41.95,40.95,41.4,0.0,19,860
2021-10-13,6754,12300,507104,41.9,41.9,41.0,41.15,-0.25,14,889
2021-10-14,6754,50000,2049200,41.45,41.45,40.4,41.2,0.05,45,749
2021-10-15,6754,29000,1199750,41.35,41.6,41.0,41.25,0.05,26,834
2021-10-18,6754,14282,596935,42.2,42.2,41.6,41.8,0.55,19,885
2021-10-19,6754,62050,2564025,41.5,42.0,41.05,41.05,-0.75,62,750
2021-10-20,6754,78306,3181156,41.05,41.5,40.4,40.65,-0.4,47,686
2021-10-21,6754,17983,734297,40.95,41.0,40.7,40.8,0.15,19,859
2021-10-22,6754,30000,1226500,41.2,41.2,40.55,40.95,0.15,25,801
2021-10-25,6754,33000,1356350,41.2,41.25,40.85,41.15,0.2,17,804
2021-10-26,6754,87000,3573150,41.05,41.5,40.55,40.95,-0.2,65,723
2021-10-27,6754,19000,778750,41.15,41.2,40.8,40.95,0.0,14,863
2021-10-28,6754,27000,1103200,40.9,40.95,40.7,40.9,-0.05,26,821
2021-10-29,6754,101050,4154592,41.5,41.5,40.5,40.9,0.0,53,687
2021-11-01,6754,87050,3558310,41.25,41.3,40.55,40.9,0.0,51,729
2021-11-02,6754,81015,3303610,41.35,41.35,40.3,40.9,0.0,58,745
2021-11-03,6754,134000,5437150,41.05,41.1,40.3,40.65,-0.25,95,658
2021-11-04,6754,12060,490880,40.8,40.8,40.55,40.75,0.1,12,888
2021-11-05,6754,127001,5135290,40.75,40.75,40.15,40.75,0.0,111,675
2021-11-08,6754,18000,736650,40.9,40.95,40.9,40.95,0.2,14,874
2021-11-09,6754,43151,1756706,41.0,41.0,40.4,40.85,-0.1,43,828
2021-11-10,6754,127303,5280763,41.0,42.35,41.0,41.45,0.6,91,705
2021-11-11,6754,139020,5615470,40.9,41.2,40.0,40.5,-0.95,112,696
2021-11-12,6754,73000,2945450,40.2,40.5,40.15,40.5,0.0,55,768
2021-11-15,6754,69037,2780215,40.45,40.5,40.0,40.5,0.0,62,808
2021-11-16,6754,90199,3692530,40.5,42.0,40.5,41.5,1.0,72,758
2021-11-17,6754,51122,2117574,41.55,42.0,40.9,41.6,0.1,52,820
2021-11-18,6754,63542,2646864,41.65,41.7,41.45,41.7,0.1,60,804
2021-11-19,6754,86000,3583500,41.9,41.95,41.4,41.7,0.0,71,749
2021-11-22,6754,50000,2077800,41.85,41.9,41.2,41.5,-0.2,43,818
2021-11-23,6754,46108,1907131,41.75,41.75,41.1,41.2,-0.3,39,812
2021-11-24,6754,52000,2144900,41.4,41.4,41.1,41.2,0.0,41,791
2021-11-25,6754,59000,2440850,41.5,41.5,41.25,41.4,0.2,44,765
2021-11-26,6754,34017,1408505,41.45,41.5,41.15,41.4,0.0,29,850
2021-11-29,6754,40000,1651600,41.45,41.45,41.15,41.25,-0.15,24,833
2021-11-30,6754,41101,1700792,41.3,41.55,41.3,41.4,0.15,24,811
2021-12-01,6754,40101,1661813,41.45,41.6,41.2,41.5,0.1,38,807
2021-12-02,6754,44000,1826650,41.5,41.6,41.35,41.5,0.0,30,794
2021-12-03,6754,48000,1996400,41.65,41.75,41.4,41.65,0.15,43,771
2021-12-06,6754,56000,2324350,41.3,41.7,41.3,41.6,-0.05,48,760
2021-12-07,6754,49000,2035300,41.6,41.65,41.45,41.45,-0.15,36,803
2021-12-08,6754,62000,2567600,41.45,41.5,41.3,41.5,0.05,50,779
2021-12-09,6754,377296,15489745,41.5,41.55,40.9,41.2,-0.3,84,531
2021-12-10,6754,41000,1692500,41.35,41.4,41.2,41.2,0.0,33,806
2021-12-13,6754,65000,2678700,41.2,41.4,41.05,41.2,0.0,48,784
2021-12-14,6754,35059,1440280,41.4,41.4,41.0,41.0,-0.2,22,846
2021-12-15,6754,36000,1474100,41.15,41.2,40.8,40.9,-0.1,28,815
2021-12-16,6754,58000,2371700,40.95,41.0,40.8,40.9,0.0,42,772
2021-12-17,6754,51000,2081650,40.85,40.9,40.7,40.85,-0.05,40,794
2021-12-20,6754,52000,2118250,40.7,40.85,40.6,40.75,-0.1,30,786
2021-12-21,6754,62001,2521644,40.65,40.8,40.55,40.75,0.0,39,737
2021-12-22,6754,59000,2413550,41.25,41.25,40.7,40.75,0.0,45,762
2021-12-23,6754,66000,2701950,41.5,41.5,40.05,40.75,0.0,52,753
2021-12-24,6754,91001,3700491,41.1,41.25,40.15,40.65,-0.1,68,723
2021-12-27,6754,36000,1468050,40.9,41.0,40.65,40.65,0.0,28,856
2021-12-28,6754,46000,1877850,40.8,41.0,40.65,40.8,0.15,38,819
2021-12-29,6754,73000,2976100,40.85,40.85,40.7,40.85,0.05,43,778
2021-12-30,6754,44112,1803475,40.85,41.0,40.75,40.9,0.05,25,842
2022-01-03,6754,44170,1801091,40.9,41.0,40.7,40.75,-0.15,31,839
2022-01-04,6754,47317,1927691,40.75,40.8,40.7,40.8,0.05,45,824
2022-01-05,6754,46001,1876640,40.9,40.95,40.7,40.8,0.0,32,820
2022-01-06,6754,53000,2168500,41.0,41.2,40.7,40.75,-0.05,35,801
2022-01-07,6754,62006,2525243,40.95,40.95,40.45,40.55,-0.2,31,818
2022-01-10,6754,32000,1297950,40.5,40.75,40.4,40.5,-0.05,18,841
2022-01-11,6754,87070,3530885,40.6,40.6,40.4,40.6,0.1,61,767
2022-01-12,6754,41159,1683633,41.2,41.2,40.65,40.9,0.3,37,820
2022-01-13,6754,41000,1674950,40.85,40.9,40.75,40.9,0.0,32,805
2022-01-14,6754,32100,1311650,40.95,41.0,40.8,40.8,-0.1,20,852
2022-01-17,6754,33390,1362977,40.8,40.9,40.8,40.8,0.0,82,823
2022-01-18,6754,78000,3171250,40.8,40.8,40.5,40.75,-0.05,49,706
2022-01-19,6754,32033,1302944,40.45,40.75,40.45,40.7,-0.05,31,825
2022-01-20,6754,43050,1751328,40.65,40.75,40.65,40.75,0.05,29,773
2022-01-21,6754,111050,4465025,40.95,40.95,39.6,40.25,-0.5,60,723
2022-01-24,6754,144411,5758484,40.45,40.5,39.5,40.0,-0.25,166,657
2022-01-25,6754,87000,3438650,40.1,40.15,39.35,39.45,-0.55,65,763
2022-01-26,6754,67000,2666950,39.75,40.0,39.55,39.75,0.3,28,750
2022-02-07,6754,58000,2331700,40.0,40.5,40.0,40.25,0.5,43,769
2022-02-08,6754,86000,3468250,40.45,40.5,40.0,40.4,0.15,53,711
2022-02-09,6754,160001,6415090,40.7,40.75,40.0,40.15,-0.25,90,644
2022-02-10,6754,46195,1852700,40.3,40.35,40.0,40.15,0.0,38,781
2022-02-11,6754,46000,1841950,40.2,40.2,40.0,40.05,-0.1,35,789
2022-02-14,6754,47035,1882350,40.25,40.25,39.8,40.05,0.0,34,795
2022-02-15,6754,114000,4562750,40.1,40.2,39.95,40.05,0.0,57,675
2022-02-16,6754,65000,2605800,40.15,40.25,40.0,40.05,0.0,37,760
2022-02-17,6754,85088,3411922,40.1,40.4,39.85,40.25,0.2,61,719
2022-02-18,6754,132510,5290329,40.25,40.3,39.8,40.25,0.0,89,651
2022-02-21,6754,97000,3883400,40.3,40.3,39.8,40.2,-0.05,60,695
2022-02-22,6754,81000,3230600,40.2,40.2,39.7,40.0,-0.2,52,765
2022-02-23,6754,90014,3593465,40.2,40.25,39.8,40.15,0.15,47,672
2022-02-24,6754,77000,3076300,40.15,40.15,39.7,39.7,-0.45,62,813
2022-02-25,6754,37000,1494100,41.1,41.1,39.9,40.2,0.5,29,827
2022-03-01,6754,40000,1612150,40.45,40.5,40.0,40.3,0.1,23,826
2022-03-02,6754,58000,2330400,40.45,40.45,39.9,40.3,0.0,40,744
2022-03-03,6754,37007,1489632,40.4,40.45,40.05,40.3,0.0,26,793
2022-03-04,6754,37000,1488650,40.3,40.3,40.05,40.3,0.0,24,823
2022-03-07,6754,50168,2002431,40.3,40.3,39.6,39.95,-0.35,43,859
2022-03-08,6754,40386,1609643,40.0,40.0,39.65,39.9,-0.05,29,858
2022-03-09,6754,52000,2072300,39.65,40.0,39.65,40.0,0.1,41,786
2022-03-10,6754,42069,1686710,40.05,40.2,39.75,40.15,0.15,35,802
2022-03-11,6754,41000,1636700,40.15,40.15,39.7,40.0,-0.15,34,785
2022-03-14,6754,39000,1566100,40.0,40.3,40.0,40.2,0.2,19,788
2022-03-15,6754,40000,1604950,40.2,40.2,39.9,40.1,-0.1,26,816
2022-03-16,6754,37000,1486950,40.2,40.3,40.0,40.25,0.15,21,822
2022-03-17,6754,53200,2171689,40.3,41.3,40.3,40.9,0.65,46,803
2022-03-18,6754,27000,1102750,40.95,41.0,40.65,40.8,-0.1,16,823
2022-03-21,6754,74161,3032301,41.0,41.05,40.8,41.0,0.2,60,720
2022-03-22,6754,484351,21201885,42.35,44.85,42.35,44.8,3.8,391,436
2022-03-23,6754,537995,24627577,45.7,46.8,44.25,45.2,0.4,445,450
2022-03-24,6754,169236,7589512,44.6,45.5,43.8,44.4,-0.8,137,593
2022-03-25,6754,297390,13523395,44.8,46.25,44.75,44.9,0.5,186,528
2022-03-28,6754,126296,5749080,45.25,45.9,45.25,45.65,0.75,100,651
2022-03-29,6754,83199,3786593,45.65,45.7,44.85,45.65,0.0,74,687
2022-03-30,6754,73060,3343910,45.85,46.0,45.5,45.75,0.1,56,738
2022-03-31,6754,86225,3936167,45.95,46.0,45.25,45.65,-0.1,73,686
2022-04-01,6754,163013,7522148,45.95,46.55,45.7,46.05,0.4,136,590
2022-04-06,6754,60038,2759950,46.45,46.45,45.1,46.2,0.15,58,737
2022-04-07,6754,76108,3471888,46.55,46.55,44.7,44.85,-1.35,56,768
2022-04-08,6754,4144000,173788800,45.75,46.0,45.15,45.15,0.3,29,198
2022-04-11,6754,255090,11247441,44.4,45.25,43.15,43.65,-1.5,193,602
2022-04-12,6754,75211,3294050,43.65,43.9,43.6,43.85,0.2,76,728
2022-04-13,6754,103020,4572590,44.25,44.65,44.1,44.45,0.6,89,700
2022-04-14,6754,68067,3072457,45.6,45.6,44.9,45.1,0.65,62,724
2022-04-15,6754,56253,2522636,45.1,45.1,44.55,45.05,-0.05,48,751
2022-04-18,6754,42001,1888547,45.25,45.25,44.45,44.95,-0.1,37,802
2022-04-19,6754,56017,2544372,45.8,45.8,45.2,45.35,0.4,40,731
2022-04-20,6754,113020,5152960,45.45,46.15,45.25,45.9,0.55,93,651
2022-04-21,6754,72206,3328870,46.0,46.4,46.0,46.15,0.25,67,700
2022-04-22,6754,96000,4433650,46.2,46.3,46.0,46.3,0.15,86,677
2022-04-25,6754,58392,2686002,46.2,46.65,45.5,46.2,-0.1,59,787
2022-04-26,6754,42040,1942451,46.3,46.5,46.0,46.3,0.1,41,770
2022-04-27,6754,108163,4952099,45.75,46.2,45.25,46.05,-0.25,89,734
2022-04-28,6754,58070,2682031,46.4,46.45,45.85,46.2,0.15,53,729
2022-04-29,6754,61050,2824970,45.75,46.4,45.75,46.35,0.15,53,702
2022-05-03,6754,36000,1665050,46.35,46.45,46.0,46.15,-0.2,30,771
2022-05-04,6754,37000,1709800,46.05,46.4,45.85,46.15,0.0,34,747
2022-05-05,6754,38050,1757307,46.25,46.3,46.1,46.2,0.05,31,767
2022-05-06,6754,41150,1885229,45.25,46.2,45.25,45.75,-0.45,36,790
2022-05-09,6754,40000,1829400,46.1,46.15,45.25,45.65,-0.1,28,817
2022-05-10,6754,38000,1727700,45.7,45.75,45.15,45.5,-0.15,28,805
2022-05-11,6754,30000,1373600,46.0,46.05,45.5,45.65,0.15,20,806
2022-05-12,6754,59040,2672156,45.7,45.7,44.9,45.1,-0.55,50,799
2022-05-13,6754,63000,2855700,45.6,45.65,45.05,45.4,0.3,55,734
2022-05-16,6754,39009,1790514,46.0,46.15,45.15,45.85,0.45,23,793
2022-05-17,6754,86025,3888328,45.7,45.85,44.0,44.85,-1.0,71,679
2022-05-18,6754,84010,3730444,44.65,44.85,44.05,44.5,-0.35,64,713
2022-05-19,6754,35028,1551939,44.3,45.25,43.55,44.4,-0.1,31,782
2022-05-20,6754,45000,2007950,45.0,45.0,44.2,44.45,0.05,24,743
2022-05-23,6754,29000,1291200,44.8,44.85,44.15,44.55,0.1,16,803
2022-05-24,6754,32020,1433192,44.8,44.9,44.7,44.8,0.25,19,791
2022-05-25,6754,31050,1390755,44.75,44.85,44.75,44.8,0.0,20,784
2022-05-26,6754,50000,2237150,44.8,44.95,44.5,44.9,0.1,37,733
2022-05-27,6754,33085,1490666,45.0,45.1,45.0,45.1,0.2,25,794
2022-05-30,6754,38020,1725316,45.5,45.6,45.15,45.4,0.3,21,808
2022-05-31,6754,33019,1502312,45.3,45.55,45.3,45.55,0.15,22,773
2022-06-01,6754,55000,2515300,45.8,45.85,45.55,45.75,0.2,29,768
2022-06-02,6754,47001,2163896,46.8,46.8,45.0,45.7,-0.05,39,736
2022-06-06,6754,33003,1509688,45.85,45.9,45.55,45.65,-0.05,21,802
2022-06-07,6754,29030,1325030,45.55,45.7,45.55,45.6,-0.05,26,813
2022-06-08,6754,34015,1551740,45.6,45.7,45.55,45.65,0.05,23,794
2022-06-09,6754,41017,1873232,45.6,45.8,45.6,45.8,0.15,32,762
2022-06-10,6754,52037,2396355,45.25,46.3,45.25,46.05,0.25,40,743
2022-06-13,6754,34050,1551625,46.0,46.0,44.8,45.85,-0.2,30,862
2022-06-14,6754,41203,1886467,45.85,45.85,45.65,45.65,-0.2,31,817
2022-06-15,6754,38050,1739417,45.65,46.0,45.65,46.0,0.35,31,836
2022-06-16,6754,92112,4240792,46.0,46.45,45.8,45.8,-0.2,66,713
2022-06-17,6754,35020,1597614,45.8,45.8,45.35,45.55,-0.25,30,833
2022-06-20,6754,41000,1838950,45.55,45.55,44.25,44.25,-1.3,32,832
2022-06-21,6754,33000,1482650,45.0,45.0,44.85,44.9,0.65,24,848
2022-06-22,6754,51000,2290000,44.95,45.2,44.55,44.85,-0.05,33,781
2022-06-23,6754,31000,1391300,45.0,45.0,44.7,44.8,-0.05,19,856
2022-06-24,6754,34000,1530200,45.0,45.2,44.85,44.95,0.15,28,830
2022-06-27,6754,46099,2082179,45.05,45.5,44.45,45.5,0.55,40,807
2022-06-28,6754,40000,1822850,45.6,45.75,45.4,45.5,0.0,30,733
2022-06-29,6754,32015,1458090,45.55,45.6,45.5,45.5,0.0,23,766
2022-06-30,6754,27000,1223800,45.6,45.6,45.1,45.2,-0.3,20,858
2022-07-01,6754,65000,2956500,46.6,46.6,44.8,44.8,-0.4,51,802
2022-07-04,6754,27050,1209640,45.0,45.0,44.4,44.7,-0.1,23,848
2022-07-05,6754,80000,3596900,45.2,45.3,44.7,44.95,0.25,39,700
2022-07-06,6754,77002,3455592,44.95,44.95,44.75,44.9,-0.05,50,711
2022-07-07,6754,60156,2482365,41.0,41.8,40.7,41.75,0.0,55,725
2022-07-08,6754,30357,1276200,42.0,42.15,41.6,42.15,0.4,25,817
2022-07-11,6754,56215,2346621,42.5,42.55,40.9,41.85,-0.3,53,717
2022-07-12,6754,31100,1288649,41.75,41.85,41.0,41.2,-0.65,29,850
2022-07-13,6754,32000,1336850,41.8,42.0,41.4,41.7,0.5,23,814
2022-07-14,6754,34079,1423720,41.8,41.85,41.7,41.8,0.1,25,766
2022-07-15,6754,35100,1488608,42.8,42.8,42.0,42.4,0.6,28,781
2022-07-18,6754,28001,1186942,42.45,42.5,42.2,42.45,0.05,24,825
2022-07-19,6754,41130,1744975,42.5,42.5,42.25,42.45,0.0,29,751
2022-07-20,6754,61030,2591334,42.55,42.55,42.2,42.5,0.05,37,769
2022-07-21,6754,33024,1402982,42.6,42.6,42.25,42.5,0.0,23,780
2022-07-22,6754,46074,1954057,42.6,42.6,42.25,42.4,-0.1,34,748
2022-07-25,6754,46000,1951350,42.4,42.5,42.3,42.5,0.1,37,715
2022-07-26,6754,45011,1913323,42.5,42.55,42.4,42.55,0.05,30,745
2022-07-27,6754,43000,1836550,43.55,43.55,42.5,42.6,0.05,31,734
2022-07-28,6754,70100,2989535,42.6,42.8,42.4,42.65,0.05,50,685
2022-07-29,6754,42042,1807756,43.4,43.4,42.7,42.8,0.15,29,748
2022-08-01,6754,86048,3687649,42.85,43.0,42.7,42.85,0.05,71,664
2022-08-02,6754,75060,3198562,42.0,42.7,42.0,42.6,-0.25,50,707
2022-08-03,6754,50000,2138250,42.95,42.95,42.6,42.8,0.2,38,745
2022-08-04,6754,59000,2504350,42.7,42.85,42.2,42.2,-0.6,39,752
2022-08-05,6754,53053,2266039,43.3,43.3,42.5,42.7,0.5,34,745
2022-08-08,6754,32111,1362342,42.75,42.75,42.2,42.55,-0.15,33,791
2022-08-09,6754,46051,1978998,43.8,43.8,42.55,42.8,0.25,34,754
2022-08-10,6754,155054,6819507,44.1,45.2,43.45,45.2,2.4,97,611
2022-08-11,6754,141150,6058055,43.6,43.6,42.3,43.05,-2.15,124,667
2022-08-12,6754,50066,2175761,43.2,43.65,43.15,43.45,0.4,45,784
2022-08-15,6754,29031,1272095,43.45,44.4,43.45,43.75,0.3,22,867
2022-08-16,6754,38000,1658450,43.75,43.8,43.4,43.7,-0.05,25,820
2022-08-17,6754,48000,2095700,43.9,43.95,43.5,43.5,-0.2,32,814
2022-08-18,6754,40000,1739000,43.75,43.8,43.1,43.45,-0.05,22,791
2022-08-19,6754,30010,1301736,43.85,43.85,43.0,43.45,0.0,25,844
2022-08-22,6754,40022,1735661,42.8,43.5,42.8,43.45,0.0,34,813
2022-08-23,6754,42075,1822065,43.45,43.55,43.0,43.45,0.0,28,794
2022-08-24,6754,33000,1430850,43.45,43.55,43.2,43.4,-0.05,23,830
2022-08-25,6754,42214,1832047,43.45,43.5,43.15,43.5,0.1,30,812
2022-08-26,6754,69024,2992032,43.5,43.55,43.1,43.55,0.05,53,780
2022-08-29,6754,79000,3409550,43.0,43.5,43.0,43.15,-0.4,70,755
2022-08-30,6754,90000,3883400,43.15,43.3,43.0,43.25,0.1,60,682
2022-08-31,6754,69156,2986254,43.25,43.3,43.05,43.25,0.0,55,745
2022-09-01,6754,58000,2490950,42.9,43.25,42.75,43.0,-0.25,51,809
2022-09-02,6754,67020,2879266,43.1,43.3,42.75,43.0,0.0,53,726
2022-09-05,6754,118032,5062982,43.0,43.15,42.65,42.95,-0.05,85,672
2022-09-06,6754,63050,2714065,43.05,43.2,43.0,43.05,0.1,47,758
2022-09-07,6754,34020,1463816,43.0,43.2,42.8,42.95,-0.1,23,835
2022-09-08,6754,73320,3172250,43.25,43.4,43.1,43.4,0.45,58,695
2022-09-12,6754,62426,2744612,43.65,44.5,43.65,44.0,0.6,56,745
2022-09-13,6754,47068,2078039,44.0,44.35,43.9,44.0,0.0,45,768
2022-09-14,6754,51010,2229890,43.0,44.0,43.0,43.9,-0.1,35,773
2022-09-15,6754,70000,3071900,43.8,44.0,43.65,44.0,0.1,46,716
2022-09-16,6754,24092,1056243,43.8,44.5,43.6,43.8,-0.2,24,840
2022-09-19,6754,41100,1804494,43.55,44.3,43.55,43.9,0.1,30,792
2022-09-20,6754,70029,3085378,44.05,44.2,43.9,44.15,0.25,51,683
2022-09-21,6754,76104,3341775,44.35,44.4,43.1,43.9,-0.25,73,713
2022-09-22,6754,56172,2467495,44.1,44.15,43.5,43.9,0.0,54,763
2022-09-23,6754,46130,2024506,43.9,44.05,43.6,43.85,-0.05,29,783
2022-09-26,6754,38483,1687360,43.85,43.9,43.8,43.8,-0.05,27,867
2022-09-27,6754,35000,1536900,44.0,44.05,43.5,43.9,0.1,24,810
2022-09-28,6754,35045,1536634,44.0,44.05,43.45,43.8,-0.1,27,868
2022-09-29,6754,140012,6256329,43.8,45.3,43.8,44.5,0.7,90,601
2022-09-30,6754,54173,2397159,44.5,44.6,44.0,44.15,-0.35,48,748
2022-10-03,6754,36123,1591922,44.35,44.35,43.75,44.0,-0.15,29,759
2022-10-04,6754,68000,3039650,45.0,45.1,44.3,44.6,0.6,57,691
2022-10-05,6754,56000,2501500,44.6,44.8,44.55,44.75,0.15,48,751
2022-10-06,6754,99076,4418757,44.95,45.0,44.0,44.6,-0.15,96,603
2022-10-07,6754,68203,3051703,44.8,45.0,44.35,44.85,0.25,63,660
2022-10-11,6754,101045,4532037,44.9,45.0,44.5,44.95,0.1,64,701
2022-10-12,6754,79110,3569210,45.0,45.3,44.65,45.15,0.2,67,684
2022-10-13,6754,88100,3942974,45.3,45.35,43.55,44.5,-0.65,88,758
2022-10-14,6754,54231,2429356,45.1,45.2,44.55,44.9,0.4,58,747
2022-10-17,6754,30067,1347649,44.9,44.9,44.6,44.85,-0.05,27,783
2022-10-18,6754,45000,2023800,45.4,45.45,44.8,44.9,0.05,31,731
2022-10-19,6754,36218,1625382,44.95,44.95,44.65,44.85,-0.05,31,772
2022-10-20,6754,36063,1613417,44.85,44.85,44.4,44.7,-0.15,25,761
2022-10-21,6754,43030,1935600,45.0,45.15,44.7,44.95,0.25,30,710
2022-10-24,6754,41327,1854069,44.95,45.0,44.5,44.95,0.0,69,744
2022-10-25,6754,41000,1833400,44.9,44.9,44.35,44.75,-0.2,28,758
2022-10-26,6754,31112,1389870,45.0,45.0,44.35,44.55,-0.2,24,774
2022-10-27,6754,41222,1848667,44.55,45.05,44.4,44.9,0.35,31,740
2022-10-28,6754,35000,1566200,44.75,44.95,44.5,44.5,-0.4,27,716
2022-10-31,6754,52449,2346355,44.95,45.5,44.4,44.45,-0.05,39,662
2022-11-01,6754,42000,1878050,44.85,44.85,44.5,44.6,0.15,36,717
2022-11-02,6754,59489,2661255,44.75,44.9,44.6,44.75,0.15,50,684
2022-11-03,6754,39200,1748858,44.9,44.9,44.35,44.5,-0.25,28,713
2022-11-04,6754,45001,2016544,44.75,44.95,44.6,44.95,0.45,40,713
2022-11-07,6754,87111,3912181,44.6,45.3,44.45,44.7,-0.25,73,672
2022-11-08,6754,82077,3646244,44.9,45.0,44.0,44.2,-0.5,75,679
2022-11-09,6754,40000,1757500,44.2,44.2,43.5,44.0,-0.2,29,798
2022-11-10,6754,84016,3757820,44.4,45.15,44.35,44.95,0.95,70,648
2022-11-11,6754,119794,5408248,45.1,45.4,44.95,45.0,0.05,106,685
2022-11-14,6754,180399,8209256,45.2,45.75,45.2,45.75,0.75,119,611
2022-11-15,6754,42102,1928419,45.75,45.95,45.55,45.9,0.15,39,816
2022-11-16,6754,52669,2419003,46.3,46.5,45.6,45.6,-0.3,49,785
2022-11-17,6754,117000,5353200,45.5,45.9,45.5,45.85,0.25,65,615
2022-11-18,6754,74113,3404337,45.9,46.1,45.6,46.1,0.25,61,687
2022-11-21,6754,646300,32496896,46.5,50.7,46.5,50.7,4.6,362,328
2022-11-22,6754,518864,28900717,55.7,55.7,55.7,55.7,5.0,202,339
2022-11-23,6754,1606646,88699425,56.0,57.5,53.3,54.4,-1.3,1101,218
2022-11-24,6754,319747,17545686,54.8,55.9,54.1,55.4,1.0,277,426
2022-11-25,6754,466339,25528475,56.2,57.0,52.7,53.4,-2.0,420,382
2022-11-28,6754,253332,13459423,53.4,54.5,52.0,52.5,-0.9,209,456
2022-11-29,6754,122462,6456923,52.0,53.4,52.0,52.9,0.4,116,591
2022-11-30,6754,118201,6247542,53.0,53.4,52.3,53.1,0.2,97,648
2022-12-01,6754,220417,11572245,53.2,53.7,51.5,52.4,-0.7,184,583
2022-12-02,6754,232109,12346981,52.7,54.7,51.8,54.5,2.1,194,519
2022-12-05,6754,206691,11033205,55.0,55.0,52.5,52.5,-2.0,228,562
2022-12-06,6754,144685,7668521,52.5,53.6,51.9,53.4,0.9,119,617
2022-12-07,6754,122092,6506558,52.3,53.8,52.3,53.4,0.0,104,631
2022-12-08,6754,991068,57207769,53.3,58.7,53.1,58.2,4.8,650,287
2022-12-09,6754,901473,47625648,54.1,54.1,52.4,52.4,-5.8,653,324
2022-12-12,6754,589844,28816664,51.5,51.5,47.8,47.8,-4.6,457,383
2022-12-13,6754,214080,10371332,48.45,48.8,48.0,48.4,0.6,221,544
2022-12-14,6754,84418,4069719,48.25,48.45,48.0,48.4,0.0,107,681
2022-12-15,6754,58501,2825235,48.5,48.5,48.15,48.2,-0.2,62,716
2022-12-16,6754,70147,3387817,48.6,48.6,48.05,48.05,-0.15,71,726
2022-12-19,6754,96115,4582043,48.05,48.1,47.2,48.05,0.0,86,629
2022-12-20,6754,101730,4831806,47.9,48.2,47.1,47.1,-0.95,102,686
2022-12-21,6754,78468,3675211,47.2,47.3,46.45,46.5,-0.6,83,639
2022-12-22,6754,66445,3115236,46.95,47.2,46.25,47.05,0.55,93,644
2022-12-23,6754,121407,5596900,46.55,47.05,45.0,46.45,-0.6,121,556
2022-12-26,6754,65108,3020142,46.45,46.55,45.95,46.55,0.1,56,624
2022-12-27,6754,42080,1958882,46.75,46.75,46.2,46.65,0.1,37,710
2022-12-28,6754,40372,1879548,46.8,46.85,46.25,46.55,-0.1,42,762
2022-12-29,6754,43100,1992174,46.8,46.8,45.95,46.1,-0.45,44,730
2022-12-30,6754,47242,2185114,46.4,46.45,46.15,46.25,0.15,30,693
2023-01-03,6754,110002,5039998,45.85,46.3,45.5,46.1,-0.15,38,562
2023-01-04,6754,69020,3173727,46.15,46.25,45.6,45.9,-0.2,67,640
2023-01-05,6754,64024,2949998,46.0,46.2,45.9,46.2,0.3,58,678
2023-01-06,6754,169500,8008930,46.1,48.35,46.1,48.15,1.95,150,478
2023-01-09,6754,92113,4424257,48.8,48.8,47.55,48.15,0.0,89,665
2023-01-10,6754,47142,2259999,48.15,48.2,47.7,48.0,-0.15,44,731
2023-01-11,6754,310679,14475594,47.8,48.0,45.8,45.95,-2.05,223,445
2023-01-12,6754,67047,3096481,45.95,46.4,45.8,46.2,0.25,64,682
2023-01-13,6754,49640,2306837,46.6,46.65,46.3,46.45,0.25,41,719
2023-01-16,6754,33505,1555392,46.4,46.5,46.4,46.45,0.0,39,775
2023-01-17,6754,38238,1774585,46.55,46.6,46.15,46.45,0.0,31,759
2023-01-30,6754,56158,2636861,47.1,47.1,46.65,47.1,0.65,67,766
2023-01-31,6754,101138,4834939,47.1,48.2,47.1,47.9,0.8,79,658
2023-02-01,6754,126195,6116737,47.9,48.7,47.9,48.7,0.8,92,644
2023-02-02,6754,76091,3712259,48.9,48.9,48.6,48.9,0.2,56,732
2023-02-03,6754,80000,3866650,48.15,48.65,48.15,48.65,-0.25,72,713
2023-02-06,6754,70010,3379089,48.3,48.6,48.1,48.15,-0.5,63,718
2023-02-07,6754,116199,5577061,48.3,48.4,47.65,48.05,-0.1,107,644
2023-02-08,6754,46004,2208792,48.55,48.6,47.5,48.05,0.0,42,782
2023-02-09,6754,59252,2848587,48.4,48.4,47.65,48.2,0.15,58,726
2023-02-10,6754,75010,3625186,48.5,48.6,48.2,48.25,0.05,58,730
2023-02-13,6754,206464,9644467,47.75,48.0,46.25,46.55,-1.7,166,552
2023-02-14,6754,33393,1569341,47.2,47.2,46.55,47.15,0.6,39,808
2023-02-15,6754,108750,5133479,47.15,47.45,47.0,47.15,0.0,86,664
2023-02-16,6754,46794,2215354,47.35,47.5,47.15,47.25,0.1,82,786
2023-02-17,6754,50156,2368924,47.5,47.5,47.05,47.25,0.0,43,766
2023-02-20,6754,70326,3385078,47.95,48.4,47.95,47.95,0.7,59,774
2023-02-21,6754,41400,1993120,48.4,48.4,47.95,48.05,0.1,41,829
2023-02-22,6754,49750,2375172,47.95,48.0,47.65,47.65,-0.4,52,806
2023-02-23,6754,45010,2156890,47.9,47.95,47.85,47.9,0.25,39,843
2023-02-24,6754,45300,2167525,48.0,48.1,47.65,47.65,-0.25,45,825
2023-03-01,6754,71222,3388042,47.85,47.85,47.35,47.65,0.0,77,757
2023-03-02,6754,68735,3275606,47.8,47.85,47.45,47.8,0.15,73,763
2023-03-03,6754,42122,2017179,48.1,48.1,47.75,47.9,0.1,54,824
2023-03-06,6754,78390,3797485,47.9,48.75,47.9,48.5,0.6,72,808
2023-03-07,6754,60253,2939045,48.7,49.1,48.55,48.6,0.1,53,820
2023-03-08,6754,69012,3367386,49.0,49.0,48.6,48.9,0.3,54,797
2023-03-09,6754,136826,6769534,49.0,50.0,49.0,49.9,1.0,94,722
2023-03-10,6754,95608,4744563,49.8,49.9,49.3,49.9,0.0,104,795
2023-03-13,6754,84587,4168196,49.35,49.85,47.5,49.5,-0.4,85,788
2023-03-14,6754,34130,1675583,49.5,49.5,48.8,49.05,-0.45,32,848
2023-03-15,6754,43580,2150225,49.45,49.55,48.9,49.1,0.05,63,813
2023-03-16,6754,67084,3272775,49.2,49.2,48.5,48.95,-0.15,52,806
2023-03-17,6754,64531,3168292,49.0,49.85,48.55,49.75,0.8,77,749
2023-03-20,6754,54080,2678698,49.9,49.9,49.1,49.6,-0.15,49,759
2023-03-21,6754,95387,4770239,49.8,50.6,49.55,50.5,0.9,93,699
2023-03-22,6754,60849,3066325,50.5,50.7,50.0,50.5,0.0,86,792
2023-03-23,6754,394666,20594370,50.8,53.9,50.8,51.6,1.1,387,488
2023-03-24,6754,87217,4470065,51.9,51.9,50.9,51.0,-0.6,105,732
2023-03-27,6754,108758,5532850,51.4,51.4,50.5,50.8,-0.2,84,703
2023-03-28,6754,75866,3889788,51.0,51.7,50.9,51.2,0.4,87,758
2023-03-29,6754,292551,15453252,52.0,53.8,51.5,53.3,2.1,332,501
2023-03-30,6754,94282,5005772,53.6,53.6,52.7,52.7,-0.6,115,679
2023-03-31,6754,122729,6504713,53.1,53.6,52.5,53.5,0.8,182,628
2023-04-06,6754,455849,25023858,53.8,56.7,53.6,53.9,0.4,437,452
2023-04-07,6754,147522,7872589,53.9,54.0,52.8,53.0,-0.9,192,613
2023-04-10,6754,179263,9717740,53.3,54.9,53.3,54.3,1.3,205,611
2023-04-11,6754,90230,4886633,54.2,54.6,53.8,54.0,-0.3,104,740
2023-04-12,6754,208010,11426892,54.1,55.8,54.1,55.4,1.4,171,617
2023-04-13,6754,182693,9997054,54.8,55.4,54.2,54.6,-0.8,156,649
2023-04-14,6754,72796,3978152,54.2,55.0,54.2,54.9,0.3,77,783
2023-04-17,6754,96788,5311327,54.2,55.2,54.1,55.0,0.1,115,762
2023-04-18,6754,74239,4065377,54.6,55.1,54.6,54.7,-0.3,74,784
2023-04-19,6754,95338,5224030,54.5,54.9,54.5,54.9,0.2,82,752
2023-04-20,6754,105548,5742845,54.6,54.8,53.6,54.2,-0.7,100,732
2023-04-21,6754,151964,8064328,54.1,54.5,52.3,52.3,-1.9,211,714
2023-04-24,6754,138153,7146746,52.0,52.9,51.0,51.8,-0.5,118,626
2023-04-25,6754,88283,4599616,52.8,52.8,51.6,52.1,0.3,72,750
2023-04-26,6754,117830,6257177,53.0,54.1,52.6,53.9,1.8,111,650
2023-04-27,6754,96263,5248462,54.0,55.2,53.7,54.3,0.4,161,639
2023-04-28,6754,89611,4877603,54.3,55.0,54.0,54.7,0.4,151,676
2023-05-02,6754,128287,7047618,54.8,55.4,54.5,55.0,0.3,103,638
2023-05-03,6754,262952,14943091,54.9,57.8,54.9,57.3,2.3,244,503
2023-05-04,6754,141186,8110580,57.4,58.3,56.7,57.2,-0.1,295,601
2023-05-05,6754,58531,3322096,57.3,57.5,56.3,56.4,-0.8,58,743
2023-05-08,6754,116145,6648781,56.4,58.0,56.2,57.7,1.3,115,649
2023-05-09,6754,74999,4240421,57.8,57.9,55.6,56.6,-1.1,166,744
2023-05-10,6754,48165,2706668,56.7,56.7,55.9,56.0,-0.6,48,762
2023-05-11,6754,132551,7404567,56.5,57.0,55.3,55.5,-0.5,118,701
2023-05-12,6754,166807,8987395,55.3,55.3,52.5,54.5,-1.0,118,585
2023-05-15,6754,62121,3346005,54.4,54.5,53.0,54.2,-0.3,46,759
2023-05-16,6754,100205,5406463,54.2,54.4,53.5,54.2,0.0,93,697
2023-05-17,6754,134000,7320300,54.2,55.4,53.5,55.0,0.8,89,702
2023-05-18,6754,272150,15451415,54.9,58.1,54.9,57.0,2.0,236,539
2023-05-19,6754,2097724,129851436,56.9,62.7,56.9,61.9,4.9,1259,249
2023-05-22,6754,1178635,78691664,62.3,68.0,62.3,68.0,6.1,574,295
2023-05-23,6754,2889587,188277753,68.5,68.7,61.3,62.1,-5.9,1843,210
2023-05-24,6754,1057402,65376983,63.0,63.1,60.2,60.6,-1.5,711,319
2023-05-25,6754,335122,19840919,61.2,61.2,58.5,58.5,-2.1,297,495
2023-05-26,6754,477381,27401145,58.9,59.0,55.6,56.5,-2.0,317,485
2023-05-29,6754,145607,8362550,57.1,58.1,56.7,57.7,1.2,133,636
2023-05-30,6754,150128,8601306,57.7,58.1,56.9,57.2,-0.5,136,602
2023-05-31,6754,78551,4524598,57.5,58.0,57.2,57.3,0.1,73,715
2023-06-01,6754,70169,4031431,56.8,57.8,56.8,57.5,0.2,60,754
2023-06-02,6754,113828,6589541,57.3,58.5,57.3,58.1,0.6,104,701
2023-06-05,6754,202183,11874627,57.8,60.7,57.6,58.6,0.5,220,618
2023-06-06,6754,127186,7388984,58.6,59.0,57.5,57.8,-0.8,149,666
2023-06-07,6754,72391,4189957,57.5,58.2,57.4,57.6,-0.2,77,780
2023-06-08,6754,44172,2544721,57.7,58.0,57.4,57.4,-0.2,50,816
2023-06-09,6754,50480,2906798,57.4,57.8,57.4,57.5,0.1,56,822
2023-06-12,6754,89415,5101378,57.5,58.1,56.5,56.7,-0.8,114,765
2023-06-13,6754,102170,5806350,56.3,57.5,56.3,57.5,0.8,96,728
2023-06-14,6754,100200,5722406,57.2,57.5,56.9,56.9,-0.6,82,732
2023-06-15,6754,51320,2911624,56.5,57.1,56.5,56.7,-0.2,65,818
2023-06-16,6754,63226,3576208,56.4,56.7,56.4,56.7,0.0,63,811
2023-06-19,6754,66515,3741074,56.4,56.7,56.0,56.7,0.0,77,785
2023-06-20,6754,74193,4156242,56.3,56.4,55.5,56.1,-0.6,74,751
2023-06-21,6754,94941,5303026,55.9,56.6,55.5,56.6,0.5,104,737
2023-06-26,6754,56333,3166664,56.0,56.5,55.9,56.3,-0.3,69,791
2023-06-27,6754,100356,5625613,56.1,56.5,55.8,55.8,-0.5,74,736
2023-06-28,6754,58073,3267951,55.9,56.7,55.9,56.3,0.5,56,766
2023-06-29,6754,69173,3927314,56.2,57.2,56.2,56.7,0.4,63,747
2023-06-30,6754,40068,2259145,56.5,56.6,56.2,56.2,-0.5,40,791
2023-07-03,6754,56069,3159029,56.1,56.5,56.1,56.2,0.0,53,815
2023-07-04,6754,69222,3894927,56.1,56.5,56.1,56.4,0.2,67,776
2023-07-05,6754,45705,2591430,56.3,57.0,56.3,56.5,0.1,76,826
2023-07-06,6754,55090,3108894,56.3,56.8,56.1,56.1,-0.4,51,816
2023-07-07,6754,149692,8300777,55.8,56.1,54.8,55.4,-0.7,113,691
