date,stock_id,Trading_Volume,Trading_money,open,max,min,close,spread,Trading_turnover,Trading_money_rank
2020-12-24,6756,4645479,1215624576,256.0,275.0,242.5,269.0,0.0,3627,36
2020-12-25,6756,1710264,458150944,270.0,275.5,257.0,262.0,-7.0,1752,77
2020-12-28,6756,1356646,342766035,263.0,264.0,247.5,250.0,-12.0,1272,131
2020-12-29,6756,1312925,313800564,248.0,248.0,232.0,236.0,-14.0,1340,143
2020-12-30,6756,1031153,252663138,237.5,250.0,237.5,246.0,10.0,1045,163
2020-12-31,6756,641630,153509465,243.5,243.5,235.5,238.0,-8.0,655,222
2021-01-04,6756,1565069,397655681,238.5,261.5,238.5,261.5,23.5,1274,149
2021-01-05,6756,2632217,723880134,257.5,287.5,257.0,286.5,25.0,2333,92
2021-01-06,6756,2051043,567529176,280.0,288.0,262.0,280.0,-6.5,2040,132
2021-01-07,6756,1606331,462196538,278.0,298.0,273.5,294.5,14.5,1505,125
2021-01-08,6756,1342156,396661179,296.5,303.5,288.5,294.5,0.0,1293,159
2021-01-11,6756,750361,221302406,294.5,302.0,290.0,292.0,-2.5,727,210
2021-01-12,6756,1270113,355719558,297.0,297.0,271.5,275.0,-17.0,1164,163
2021-01-13,6756,566489,159415591,278.5,287.0,272.5,284.5,9.5,566,249
2021-01-14,6756,442317,123624398,285.0,285.0,277.0,277.5,-7.0,490,277
2021-01-15,6756,797830,217212247,276.5,282.0,263.5,266.0,-11.5,797,234
2021-01-18,6756,618033,166891090,266.0,278.0,255.5,277.0,11.0,609,235
2021-01-19,6756,516216,144709893,273.0,283.5,273.0,279.0,2.0,516,244
2021-01-20,6756,606767,166284528,278.0,283.0,269.0,269.5,-9.5,554,283
2021-01-21,6756,359016,97505347,268.5,276.0,268.5,273.0,3.5,365,301
2021-01-22,6756,1793565,519592538,272.0,299.5,271.5,299.5,26.5,1712,105
2021-01-25,6756,970426,285562368,295.0,302.0,286.5,292.0,-7.5,1003,156
2021-01-26,6756,808714,234585303,291.0,298.0,283.0,283.0,-9.0,781,178
2021-01-27,6756,381011,108852430,283.5,292.0,281.5,285.0,2.0,366,251
2021-01-28,6756,453972,125870733,276.0,280.5,272.5,276.0,-9.0,468,237
2021-01-29,6756,807689,232193190,282.0,294.5,279.0,286.0,10.0,799,186
2021-02-01,6756,482705,136265655,286.0,288.0,277.5,282.5,-3.5,435,213
2021-02-02,6756,756189,218210183,285.5,293.0,283.5,286.5,4.0,718,147
2021-02-03,6756,765359,215357184,286.5,287.5,278.0,278.0,-8.5,826,144
2021-02-04,6756,332044,91050434,279.0,279.0,272.0,273.0,-5.0,341,222
2021-02-05,6756,330826,90480247,277.0,277.0,271.5,275.0,2.0,325,240
2021-02-17,6756,1430784,417814896,292.0,299.0,282.5,293.0,18.0,1346,133
2021-02-18,6756,699683,202993616,292.0,296.0,286.0,289.0,-4.0,677,217
2021-02-19,6756,475563,137595903,289.0,292.5,286.5,289.5,0.5,497,274
2021-02-22,6756,832204,244801037,297.5,298.0,290.0,294.0,4.5,841,216
2021-02-23,6756,735454,209915666,289.5,290.0,282.0,284.5,-9.5,782,241
2021-02-24,6756,590736,165265949,283.0,283.5,278.0,278.0,-6.5,699,271
2021-02-25,6756,346980,97003026,280.5,283.0,277.0,278.0,0.0,416,328
2021-02-26,6756,432683,118151166,271.5,275.5,271.5,273.0,-5.0,509,285
2021-03-02,6756,302980,82996747,277.0,279.5,270.0,270.0,-3.0,324,350
2021-03-03,6756,310150,82506162,270.5,271.0,260.5,268.0,-2.0,357,327
2021-03-04,6756,169565,45746525,265.0,274.0,265.0,268.0,0.0,211,405
2021-03-05,6756,146109,39503219,263.5,273.0,263.5,271.0,3.0,210,415
2021-03-08,6756,204767,56110108,276.0,278.0,269.0,269.0,-2.0,248,382
2021-03-09,6756,146557,39206470,265.0,272.0,265.0,267.5,-1.5,190,439
2021-03-10,6756,141045,37997630,271.5,272.0,268.5,268.5,1.0,158,415
2021-03-11,6756,183431,50099538,271.5,275.0,270.0,274.5,6.0,231,410
2021-03-12,6756,182535,49972409,275.0,277.5,271.0,272.0,-2.5,194,393
2021-03-15,6756,122502,33050993,272.0,272.0,269.0,269.5,-2.5,160,469
2021-03-16,6756,831583,235340318,270.5,286.5,269.5,284.5,15.0,848,204
2021-03-17,6756,334370,93577005,281.0,284.0,277.5,277.5,-7.0,397,335
2021-03-18,6756,216353,60138373,279.0,281.5,276.0,276.5,-1.0,211,407
2021-03-19,6756,284569,77428698,276.5,276.5,270.0,270.5,-6.0,332,388
2021-03-22,6756,186671,50613072,272.0,274.0,270.0,270.0,-0.5,203,456
2021-03-23,6756,138547,37535609,273.0,273.5,269.0,269.0,-1.0,155,490
2021-03-24,6756,170944,46272759,269.0,274.5,267.0,273.5,4.5,224,430
2021-03-25,6756,343215,95362922,276.0,280.5,274.5,279.5,6.0,374,326
2021-03-26,6756,1225042,355509261,282.0,296.0,281.0,288.5,9.0,1250,148
2021-03-29,6756,1824433,563286322,295.0,317.0,291.0,317.0,28.5,1593,117
2021-03-30,6756,1787853,575256035,323.5,330.0,312.0,324.5,7.5,1738,103
2021-03-31,6756,1531133,497188368,323.0,335.0,314.0,335.0,10.5,1614,138
2021-04-01,6756,1138921,381664249,343.0,345.0,326.0,331.5,-3.5,1350,150
2021-04-06,6756,896809,296089209,334.0,335.5,326.5,327.0,-4.5,984,200
2021-04-07,6756,1074611,343970683,330.0,331.5,314.0,316.5,-10.5,1248,187
2021-04-08,6756,583392,186806338,319.0,325.0,317.5,319.0,2.5,678,307
2021-04-09,6756,1171676,356498787,318.5,318.5,297.5,298.5,0.0,1390,212
2021-04-12,6756,744808,219871036,302.0,305.0,290.0,291.5,-7.0,867,298
2021-04-13,6756,894738,268738337,293.0,308.0,293.0,297.5,6.0,938,259
2021-04-14,6756,844371,245792289,300.5,303.0,278.5,295.0,-2.5,974,261
2021-04-15,6756,465094,137478616,299.0,302.0,291.0,292.5,-2.5,529,310
2021-04-16,6756,347113,100635596,292.5,294.5,286.5,288.0,-4.5,475,395
2021-04-19,6756,828325,232082102,288.0,288.0,276.0,277.5,-10.5,1001,293
2021-04-20,6756,684489,191035567,278.0,285.0,274.5,277.0,-0.5,731,299
2021-04-21,6756,318039,88066376,277.5,280.5,275.0,276.0,-1.0,391,417
2021-04-22,6756,460029,126992737,279.5,281.0,272.0,272.0,-4.0,539,441
2021-04-23,6756,318865,87871385,272.0,280.0,272.0,280.0,8.0,353,401
2021-04-26,6756,538345,150495600,281.0,285.0,273.0,285.0,5.0,527,320
2021-04-27,6756,266464,75453076,286.0,286.0,281.0,282.0,-3.0,319,443
2021-04-28,6756,262462,73125097,283.5,283.5,274.5,278.5,-3.5,316,456
2021-04-29,6756,691504,198091039,280.5,293.5,278.0,287.0,8.5,678,298
2021-05-03,6756,1092945,320435482,297.5,298.5,288.0,290.5,3.5,1115,235
2021-05-04,6756,1018082,279518189,293.0,293.0,261.5,270.5,-20.0,1256,277
2021-05-05,6756,1101271,313527445,277.5,293.5,275.0,279.5,9.0,1031,191
2021-05-06,6756,512492,144738856,284.0,289.0,277.0,278.0,-1.5,1151,301
2021-05-07,6756,438341,124506427,283.5,287.5,278.5,285.5,7.5,544,302
2021-05-10,6756,744197,207828109,289.5,291.0,273.0,274.5,-11.0,915,251
2021-05-11,6756,671578,177755826,270.0,274.0,257.5,258.5,-16.0,775,349
2021-05-12,6756,877657,219362231,260.0,268.0,233.0,244.0,-14.5,927,338
2021-05-13,6756,567350,135666298,239.5,248.0,230.0,236.0,-8.0,814,353
2021-05-14,6756,457408,109141626,243.0,246.5,231.0,235.0,-1.0,491,354
2021-05-17,6756,716640,154577242,213.0,229.0,211.5,214.0,-21.0,769,318
2021-05-18,6756,526429,119026012,219.5,234.0,218.0,228.0,14.0,507,312
2021-05-19,6756,387449,87162154,227.0,234.0,220.5,224.5,-3.5,420,331
2021-05-20,6756,249439,55543035,226.5,228.5,219.0,221.0,-3.5,283,369
2021-05-21,6756,262469,59723848,224.5,230.0,224.5,228.0,7.0,289,360
2021-05-24,6756,221717,51128593,225.0,234.0,224.0,234.0,6.0,251,373
2021-05-25,6756,559675,136658989,238.5,252.0,238.5,242.0,8.0,552,284
2021-05-26,6756,223976,54285116,244.5,245.0,237.5,241.5,-0.5,240,367
2021-05-27,6756,597420,147206775,239.0,251.5,239.0,245.5,4.0,423,256
2021-05-28,6756,284374,71286484,251.5,253.5,248.5,249.5,4.0,325,356
2021-05-31,6756,310672,78150724,250.5,255.0,249.5,251.5,2.0,325,365
2021-06-01,6756,297323,75211987,252.5,256.5,251.0,252.0,0.5,288,341
2021-06-02,6756,288722,71779998,254.5,255.0,243.0,246.5,-5.5,326,372
2021-06-03,6756,200023,49847353,249.5,252.0,245.5,250.0,3.5,227,385
2021-06-04,6756,181224,45085665,250.0,251.0,246.5,248.5,-1.5,199,405
2021-06-07,6756,200985,48895685,252.0,252.0,236.0,243.0,-5.5,230,406
2021-06-08,6756,173574,42933570,245.5,250.5,244.0,248.0,5.0,174,369
2021-06-09,6756,114145,28012875,248.0,248.0,244.0,245.5,-2.5,138,443
2021-06-10,6756,634650,162379268,248.0,261.0,246.0,256.0,10.5,665,245
2021-06-11,6756,267562,67708010,256.5,257.5,249.0,250.0,-6.0,282,328
2021-06-15,6756,933670,250860295,257.5,275.0,252.5,275.0,25.0,781,186
2021-06-16,6756,2632451,792784772,302.0,302.5,291.5,302.5,27.5,1778,92
2021-06-17,6756,4576873,1453184261,302.5,329.0,302.0,324.0,21.5,4129,45
2021-06-18,6756,5118626,1761591120,324.5,356.0,322.5,356.0,32.0,4309,45
2021-06-21,6756,7293544,2726715108,360.0,391.5,351.0,358.0,2.0,6555,32
2021-06-22,6756,1002833,375171123,370.0,383.0,368.0,371.0,13.0,1108,173
2021-06-23,6756,1155085,441238038,379.0,391.0,365.0,390.0,19.0,1247,173
2021-06-24,6756,853748,333340070,396.0,396.0,382.5,392.0,2.0,938,180
2021-06-25,6756,314913,122234885,382.0,394.5,382.0,385.0,-7.0,327,315
2021-06-28,6756,378499,143602822,388.0,388.0,375.0,382.5,-2.5,354,284
2021-06-29,6756,704396,286000696,390.0,420.5,388.5,420.5,38.0,666,206
2021-06-30,6756,542923,224356930,406.5,435.0,398.0,402.0,-18.5,601,239
2021-07-01,6756,305466,121704407,408.0,408.0,390.5,397.0,-5.0,325,332
2021-07-02,6756,392553,162463807,408.0,420.0,400.0,420.0,23.0,398,269
2021-07-05,6756,476464,214319566,449.5,459.0,441.5,450.0,30.0,533,262
2021-07-06,6756,238077,103080266,446.5,446.5,428.0,438.0,-12.0,302,318
2021-07-07,6756,364300,156859060,438.0,450.0,411.5,417.0,-21.0,393,281
2021-07-08,6756,372403,162690278,429.0,446.0,424.5,446.0,29.0,396,277
2021-07-09,6756,3687137,1750052923,432.0,490.5,432.0,480.0,34.0,3483,46
2021-07-12,6756,2794141,1434456412,498.0,528.0,488.0,528.0,48.0,2693,75
2021-07-13,6756,3593572,1953626428,548.0,562.0,500.0,517.0,-11.0,3947,65
2021-07-14,6756,2827973,1481437653,543.0,555.0,496.5,502.0,-15.0,3242,62
2021-07-15,6756,1775541,888168238,502.0,517.0,489.5,501.0,-1.0,2069,88
2021-07-16,6756,2169705,1103992428,493.0,535.0,492.5,492.5,-8.5,2292,74
2021-07-19,6756,2337933,1116938157,492.5,502.0,455.0,468.0,-24.5,2777,71
2021-07-20,6756,2705962,1312439534,465.0,499.5,456.0,483.5,15.5,2843,67
2021-07-21,6756,1896484,938499437,499.5,509.0,483.5,483.5,0.0,1914,93
2021-07-22,6756,1083351,524777122,491.0,500.0,470.5,475.0,-8.5,1311,145
2021-07-23,6756,821299,387606868,481.0,485.0,463.0,465.5,-9.5,996,177
2021-07-26,6756,1344274,649783585,470.0,498.0,470.0,479.5,14.0,1437,120
2021-07-27,6756,1426602,656454771,479.5,484.0,442.5,442.5,-37.0,1774,130
2021-07-28,6756,2425654,1049139050,441.0,460.0,400.0,439.0,-3.5,2419,80
2021-07-29,6756,2296974,1071402868,450.0,482.5,440.0,482.5,43.5,2417,70
2021-07-30,6756,2272781,1112134580,482.5,504.0,472.0,475.0,-7.5,2433,74
2021-08-02,6756,813179,388047482,482.0,487.0,470.0,472.0,-3.0,893,140
2021-08-03,6756,1974472,978703620,480.0,505.0,480.0,492.0,20.0,2181,64
2021-08-04,6756,1676321,835395045,497.0,512.0,486.0,488.5,-3.5,1773,79
2021-08-05,6756,780365,383676916,495.5,503.0,485.0,490.0,1.5,908,149
2021-08-06,6756,1497755,699097260,495.0,495.0,453.0,456.0,-34.0,1948,103
2021-08-09,6756,1406151,620488003,458.0,466.0,426.0,427.5,-28.5,1611,101
2021-08-10,6756,1526401,664561254,426.5,449.0,415.0,443.0,15.5,1674,88
2021-08-11,6756,1430428,601010267,436.0,442.0,406.0,412.0,-31.0,1740,100
2021-08-12,6756,1225752,502639185,418.5,424.0,399.0,402.5,-9.5,1332,98
2021-08-13,6756,1275436,506875071,408.0,413.0,386.0,390.5,-12.0,1498,113
2021-08-16,6756,1952579,756977034,387.5,402.5,368.5,402.0,11.5,1924,78
2021-08-17,6756,1202150,474820010,397.5,404.0,385.0,387.0,-15.0,1289,109
2021-08-18,6756,1650026,651850094,384.0,413.5,373.5,411.0,24.0,1659,101
2021-08-19,6756,1236960,498266527,409.0,417.5,390.0,390.0,-21.0,1314,118
2021-08-20,6756,1114426,441579215,396.0,405.0,387.0,395.0,5.0,1138,122
2021-08-23,6756,1539343,647129478,403.0,434.0,400.5,429.0,34.0,1708,84
2021-08-24,6756,1295793,553758532,435.0,443.0,415.0,423.0,-6.0,1370,104
2021-08-25,6756,706484,300420313,424.0,432.0,419.0,425.0,2.0,725,144
2021-08-26,6756,1616683,706025395,428.0,449.5,426.0,430.5,5.5,1658,89
2021-08-27,6756,1407848,585254429,433.5,437.0,403.0,403.5,-27.0,1588,92
2021-08-30,6756,2236027,960625326,406.0,443.5,406.0,443.5,40.0,2203,55
2021-08-31,6756,2025445,888429898,442.0,448.0,430.0,436.5,-7.0,1944,70
2021-09-01,6756,3646993,1707563218,438.0,480.0,438.0,480.0,43.5,3602,44
2021-09-02,6756,7120511,3617797304,490.0,528.0,483.5,517.0,37.0,6947,17
2021-09-03,6756,5620099,2896626369,523.0,540.0,493.5,495.5,-21.5,5453,19
2021-09-06,6756,3172424,1601734304,508.0,518.0,489.0,490.0,-5.5,3108,37
2021-09-07,6756,3798665,1802403089,500.0,508.0,452.0,453.0,-37.0,3966,32
2021-09-08,6756,4381740,2050295612,460.0,483.5,447.0,471.0,18.0,4339,26
2021-09-09,6756,2498460,1158233490,461.0,480.0,451.0,480.0,9.0,2485,44
2021-09-10,6756,3569838,1763013221,483.0,505.0,480.5,494.5,14.5,3522,31
2021-09-13,6756,1972582,957354654,490.0,499.0,475.0,475.0,-19.5,2098,55
2021-09-14,6756,1495190,719824976,483.0,489.5,468.0,472.0,-3.0,1549,74
2021-09-15,6756,1054422,499139746,471.0,480.0,470.5,471.0,-1.0,1131,91
2021-09-16,6756,2016610,970775617,477.0,491.0,471.5,471.5,0.5,2014,55
2021-09-17,6756,4891353,2450252735,481.0,518.0,474.0,518.0,46.5,4962,25
2021-09-22,6756,8428858,4429117026,510.0,554.0,503.0,506.0,-12.0,8615,10
2021-09-23,6756,3825738,1973989744,518.0,528.0,501.0,509.0,3.0,5378,30
2021-09-24,6756,2977009,1536665468,519.0,526.0,507.0,510.0,1.0,2955,38
2021-09-27,6756,3837069,1926075714,517.0,526.0,478.5,480.5,-29.5,4104,37
2021-09-28,6756,2842112,1357324989,481.5,488.0,468.5,473.0,-7.5,2988,49
2021-09-29,6756,3486181,1553300250,460.0,465.0,431.0,432.0,-41.0,4048,44
2021-09-30,6756,5256397,2209004391,436.0,442.5,403.0,411.0,-21.0,5332,27
2021-10-01,6756,4337662,1773819486,404.0,419.0,398.5,411.0,0.0,4222,39
2021-10-04,6756,3436784,1419275426,420.0,425.0,401.0,401.0,-10.0,3320,45
2021-10-05,6756,4438811,1778472056,399.0,418.0,385.5,413.0,12.0,4161,37
2021-10-06,6756,3274721,1366740080,418.0,430.0,402.5,408.5,-4.5,3156,47
2021-10-07,6756,3099120,1320223291,416.0,440.0,415.0,427.0,18.5,3320,44
2021-10-08,6756,2859000,1239348729,432.0,445.0,424.0,427.0,0.0,3107,50
2021-10-12,6756,1438889,599007816,420.0,429.0,408.0,411.0,-16.0,1496,87
2021-10-13,6756,1623969,656039453,415.5,417.0,396.0,398.5,-12.5,1762,75
2021-10-14,6756,1358748,546086578,409.0,412.0,398.0,398.0,-0.5,1376,75
2021-10-15,6756,1529988,625523449,410.0,416.0,403.5,406.5,8.5,1529,87
2021-10-18,6756,940895,380499864,409.0,411.5,398.5,402.5,-4.0,1025,118
2021-10-19,6756,1772599,736016140,406.0,421.5,404.5,421.5,19.0,1726,76
2021-10-20,6756,1597521,675573933,424.0,428.5,415.0,422.5,1.0,1624,77
2021-10-21,6756,2493974,1069223252,425.0,439.0,419.0,419.5,-3.0,2340,62
2021-10-22,6756,2745793,1187477757,429.0,443.0,425.0,434.0,14.5,2717,50
2021-10-25,6756,2262557,1002647794,438.0,449.0,436.0,448.0,14.0,2816,50
2021-10-26,6756,3544411,1705574925,462.0,492.5,457.5,492.5,44.5,3354,39
2021-10-27,6756,6967910,3472199669,508.0,516.0,482.0,488.5,-4.0,6834,17
2021-10-28,6756,3479664,1692590677,495.0,500.0,470.0,471.5,-17.0,3624,43
2021-10-29,6756,3697937,1758224898,477.0,486.0,462.0,469.0,-2.5,4087,43
2021-11-01,6756,2774684,1334426156,476.0,490.0,472.0,475.0,6.0,3050,58
2021-11-02,6756,2712018,1249902280,480.0,484.5,446.5,448.0,-27.0,3063,71
2021-11-03,6756,2152198,942590794,454.0,457.5,430.0,434.0,-14.0,2503,67
2021-11-04,6756,1776783,765141512,440.0,441.0,422.0,429.0,-5.0,2068,88
2021-11-05,6756,2875239,1276244649,436.5,448.5,436.0,448.0,19.0,2809,56
2021-11-08,6756,4348041,2071777891,456.5,492.5,451.0,492.5,44.5,4477,32
2021-11-09,6756,10110702,5247734168,496.0,539.0,490.0,521.0,28.5,10799,13
2021-11-10,6756,6915693,3604216671,527.0,536.0,506.0,510.0,-11.0,8464,19
2021-11-11,6756,4575023,2271362612,510.0,510.0,487.0,490.5,-19.5,5909,39
2021-11-12,6756,3671149,1815358933,499.5,506.0,483.0,483.5,-7.0,4281,42
2021-11-15,6756,3161705,1547924516,491.0,502.0,476.0,484.0,0.5,3420,52
2021-11-16,6756,6257738,3196026829,490.5,523.0,484.0,514.0,30.0,6110,24
2021-11-17,6756,9901503,5417462388,530.0,565.0,523.0,565.0,51.0,9197,15
2021-11-18,6756,8994130,5112806578,568.0,590.0,537.0,555.0,-10.0,8628,19
2021-11-19,6756,13028363,7743425994,565.0,610.0,560.0,610.0,55.0,11246,10
2021-11-22,6756,6304052,3822295048,616.0,625.0,590.0,592.0,-18.0,6137,18
2021-11-23,6756,5383874,3110271279,595.0,598.0,556.0,565.0,-27.0,5906,19
2021-11-24,6756,3334860,1872171045,569.0,573.0,549.0,560.0,-5.0,3869,34
2021-11-25,6756,4225252,2402756641,568.0,588.0,556.0,559.0,-1.0,4223,23
2021-11-26,6756,3204724,1747799065,557.0,566.0,530.0,530.0,-29.0,3796,40
2021-11-29,6756,3399246,1834898611,523.0,553.0,522.0,551.0,21.0,3423,37
2021-11-30,6756,2966175,1635720809,554.0,565.0,530.0,554.0,3.0,3513,68
2021-12-01,6756,2300915,1249997973,550.0,554.0,536.0,545.0,-9.0,2377,54
2021-12-02,6756,2141467,1168413951,540.0,557.0,536.0,544.0,-1.0,2162,57
2021-12-03,6756,6542690,3717331594,551.0,583.0,550.0,558.0,14.0,6278,19
2021-12-06,6756,3681661,2110614307,564.0,580.0,564.0,580.0,22.0,5304,29
2021-12-07,6756,3430624,1962491734,586.0,591.0,555.0,555.0,-25.0,4058,39
2021-12-08,6756,4700502,2586310754,568.0,576.0,528.0,529.0,-26.0,5270,22
2021-12-09,6756,3173441,1673975641,535.0,536.0,517.0,527.0,-2.0,3714,34
2021-12-10,6756,2014386,1038567842,528.0,528.0,509.0,510.0,-17.0,2592,46
2021-12-13,6756,1780627,919906778,517.0,526.0,510.0,513.0,3.0,1800,63
2021-12-14,6756,1315245,661014347,512.0,512.0,498.5,500.0,-13.0,1782,85
2021-12-15,6756,1744320,900528338,506.0,525.0,505.0,523.0,23.0,1800,49
2021-12-16,6756,2901879,1557710907,537.0,544.0,529.0,533.0,10.0,2984,44
2021-12-17,6756,1181800,618784464,526.0,530.0,517.0,524.0,-9.0,2077,101
2021-12-20,6756,972340,503543966,518.0,526.0,514.0,516.0,-8.0,1082,96
2021-12-21,6756,1432754,741595873,514.0,526.0,510.0,510.0,-6.0,1520,74
2021-12-22,6756,1847623,969798225,520.0,532.0,516.0,516.0,6.0,2074,54
2021-12-23,6756,1034713,541261096,526.0,530.0,518.0,520.0,4.0,1512,101
2021-12-24,6756,697656,362527482,529.0,529.0,515.0,515.0,-5.0,845,126
2021-12-27,6756,580067,297614144,518.0,520.0,509.0,512.0,-3.0,814,144
2021-12-28,6756,731747,375421706,516.0,521.0,508.0,511.0,-1.0,958,134
2021-12-29,6756,521004,264875237,512.0,512.0,506.0,507.0,-4.0,747,169
2021-12-30,6756,1253310,626568725,507.0,507.0,495.0,501.0,-6.0,1615,87
2022-01-03,6756,884649,450153530,508.0,517.0,503.0,504.0,3.0,1042,123
2022-01-04,6756,435818,220269703,508.0,511.0,502.0,503.0,-1.0,1082,191
2022-01-05,6756,621042,314190836,505.0,512.0,501.0,503.0,0.0,682,171
2022-01-06,6756,2906487,1363439500,485.0,489.5,453.0,456.5,-46.5,3808,46
2022-01-07,6756,1791435,820667591,463.5,465.5,447.5,458.0,1.5,1973,89
2022-01-10,6756,1055870,482427005,452.0,467.0,441.5,463.5,5.5,1215,96
2022-01-11,6756,1384785,616244967,463.5,465.5,433.0,436.5,-27.0,1847,103
2022-01-12,6756,873985,384736296,439.5,445.5,433.0,442.5,6.0,1019,131
2022-01-13,6756,855535,370997704,442.5,444.0,428.5,431.0,-11.5,1195,133
2022-01-14,6756,848562,364670533,427.0,442.5,421.0,440.0,9.0,1043,139
2022-01-17,6756,504912,222744994,440.0,446.0,433.5,444.0,4.0,602,165
2022-01-18,6756,1668743,764304161,442.0,468.0,441.0,452.5,8.5,1768,66
2022-01-19,6756,657949,295685812,445.5,456.5,442.5,446.0,-6.5,918,134
2022-01-20,6756,1000615,456623637,458.5,462.0,449.0,460.0,14.0,1064,99
2022-01-21,6756,1010712,461858240,454.0,466.5,445.5,445.5,-14.5,1157,124
2022-01-24,6756,1497225,668362677,444.5,460.0,425.0,459.5,14.0,1641,73
2022-01-25,6756,1296425,587856022,450.5,466.0,440.0,442.0,-17.5,1456,87
2022-01-26,6756,1588302,725459510,449.0,463.0,443.0,459.0,17.0,1697,65
2022-02-07,6756,1048745,478976446,467.0,468.5,445.0,458.0,-1.0,1244,110
2022-02-08,6756,1998977,951937520,467.5,485.5,463.0,476.0,18.0,2131,55
2022-02-09,6756,1796342,864487421,470.0,492.0,470.0,489.5,13.5,2103,68
2022-02-10,6756,2013284,993376726,495.0,512.0,477.5,481.5,-8.0,2270,58
2022-02-11,6756,1007362,481949426,481.5,485.0,472.0,483.0,1.5,1103,88
2022-02-14,6756,930677,433565657,472.0,475.0,459.0,460.0,-23.0,1243,103
2022-02-15,6756,720644,336133709,466.0,472.0,459.0,462.0,2.0,781,103
2022-02-16,6756,1306806,625530170,478.0,488.0,472.0,479.5,17.5,1558,75
2022-02-17,6756,1925855,930858899,495.0,498.0,467.0,467.5,-12.0,2255,62
2022-02-18,6756,934028,436947016,460.0,474.0,459.0,474.0,6.5,974,98
2022-02-21,6756,572311,271101843,470.5,479.5,468.0,478.5,4.5,614,150
2022-02-22,6756,863660,401678003,474.0,476.0,458.0,458.5,-20.0,1021,128
2022-02-23,6756,653072,303376896,465.0,469.0,458.5,468.0,9.5,670,125
2022-02-24,6756,1241998,551527907,460.0,460.0,432.5,434.0,-34.0,1640,123
2022-02-25,6756,813645,360435050,445.0,449.0,437.0,438.5,4.5,875,153
2022-03-01,6756,537538,241791567,442.0,454.0,442.0,454.0,15.5,593,177
2022-03-02,6756,681369,310299040,448.5,466.5,444.5,465.5,11.5,795,143
2022-03-03,6756,1019322,476388486,473.5,477.0,457.0,457.5,-8.0,1072,107
2022-03-04,6756,746071,334629067,451.0,456.0,444.0,445.5,-12.0,1029,135
2022-03-07,6756,1164008,489589753,435.0,439.5,410.0,416.0,-29.5,1630,139
2022-03-08,6756,1449178,589753352,405.5,419.0,400.0,401.5,-14.5,1654,111
2022-03-09,6756,690789,285153242,416.5,421.0,407.0,409.0,7.5,798,146
2022-03-10,6756,647661,273807403,421.0,429.0,419.0,425.0,16.0,776,169
2022-03-11,6756,346106,144802323,425.0,425.0,415.0,418.5,-6.5,407,199
2022-03-14,6756,392460,163983083,424.0,426.0,413.0,418.0,-0.5,465,195
2022-03-15,6756,1032074,412685822,416.5,416.5,394.0,395.5,-22.5,1392,115
2022-03-16,6756,885703,356832973,408.0,410.0,395.5,410.0,14.5,906,129
2022-03-17,6756,999406,423212990,424.5,428.5,418.5,426.0,16.0,1061,136
2022-03-18,6756,1372665,592864448,422.5,436.5,420.0,436.5,10.5,778,111
2022-03-21,6756,434886,190590658,442.0,443.0,434.0,436.0,-0.5,502,189
2022-03-22,6756,434794,190193313,431.5,442.0,428.5,442.0,6.0,472,180
2022-03-23,6756,824587,365677474,449.0,452.0,436.0,436.5,-5.5,903,138
2022-03-24,6756,448789,194430830,432.0,442.0,428.0,442.0,5.5,551,196
2022-03-25,6756,377609,164987538,445.0,446.0,432.5,432.5,-9.5,503,225
2022-03-28,6756,388650,165783378,430.0,434.0,420.0,432.0,-0.5,442,204
2022-03-29,6756,303732,130815758,438.0,438.0,425.5,428.0,-4.0,393,224
2022-03-30,6756,383491,166902017,434.5,441.5,431.0,433.0,5.0,421,220
2022-03-31,6756,187758,80505901,438.0,438.0,426.0,426.0,-7.0,261,276
2022-04-01,6756,305699,128169996,423.0,425.0,413.5,420.5,-5.5,384,215
2022-04-06,6756,299737,123824817,417.5,417.5,411.0,413.0,-7.5,467,239
2022-04-07,6756,551972,222143225,405.0,412.5,391.5,391.5,0.0,847,215
2022-04-08,6756,447023,174247101,397.0,399.5,385.0,386.0,-5.5,777,197
2022-04-11,6756,1263843,458612776,385.5,387.5,351.0,355.0,-31.0,1697,123
2022-04-12,6756,809520,282858333,350.0,358.0,343.0,345.0,-10.0,1041,156
2022-04-13,6756,637370,220920539,351.5,352.0,344.5,345.0,0.0,782,167
2022-04-14,6756,641737,222029175,348.5,352.5,338.5,345.0,0.0,728,166
2022-04-15,6756,798121,263802057,339.0,341.5,325.0,325.0,-20.0,1182,151
2022-04-18,6756,885452,295687355,320.0,343.5,317.0,333.5,8.5,960,134
2022-04-19,6756,471898,158350546,343.0,343.0,330.0,330.0,-3.5,637,197
2022-04-20,6756,381994,126837974,336.5,337.5,325.0,336.0,6.0,437,245
2022-04-21,6756,313095,105427790,339.5,340.0,333.0,340.0,4.0,403,260
2022-04-22,6756,541342,177306912,334.0,334.0,323.0,324.5,-15.5,725,210
2022-04-25,6756,930265,284922420,306.0,311.5,301.0,305.5,-19.0,1090,178
2022-04-26,6756,860558,262658033,314.0,314.5,300.0,300.0,-5.5,907,161
2022-04-27,6756,1168046,346633565,286.0,308.0,285.5,301.5,1.5,1206,147
2022-04-28,6756,829744,246770918,305.5,309.5,291.0,293.5,-8.0,1229,151
2022-04-29,6756,823901,250374235,302.0,309.0,299.0,301.0,7.5,1114,145
2022-05-03,6756,327053,98639932,299.0,304.5,297.5,302.5,1.5,430,200
2022-05-04,6756,285894,86992924,305.5,307.0,302.0,304.0,1.5,649,217
2022-05-05,6756,726973,226501523,310.0,317.5,307.5,308.5,4.5,776,150
2022-05-06,6756,698604,205430229,299.0,299.0,292.0,292.5,-16.0,866,162
2022-05-09,6756,959869,270252669,285.0,288.0,278.5,279.5,-13.0,1079,154
2022-05-10,6756,809859,228517821,271.5,289.0,271.5,287.0,7.5,868,162
2022-05-11,6756,635917,178704619,281.5,285.5,277.5,279.0,-8.0,887,174
2022-05-12,6756,687528,192781471,275.0,286.0,275.0,277.5,-1.5,741,172
2022-05-13,6756,989037,286273201,283.5,295.5,281.5,291.5,14.0,1071,132
2022-05-16,6756,632926,186271694,296.5,299.5,289.5,291.0,-0.5,1348,164
2022-05-17,6756,1986223,619608684,293.5,320.0,292.0,320.0,29.0,1937,64
2022-05-18,6756,4049718,1323641492,330.5,338.0,318.0,320.0,0.0,3904,41
2022-05-19,6756,1291260,401060797,306.5,315.0,306.5,313.5,-6.5,1329,105
2022-05-20,6756,1108525,344089950,318.0,318.0,305.5,306.5,-7.0,1233,120
2022-05-23,6756,832613,256799869,308.5,315.0,303.5,305.0,-1.5,885,142
2022-05-24,6756,857236,257470591,308.0,309.5,293.0,293.0,-12.0,964,142
2022-05-25,6756,583732,174466997,296.5,303.0,292.5,302.0,9.0,626,171
2022-05-26,6756,619434,186344272,305.0,306.0,296.0,296.0,-6.0,668,165
2022-05-27,6756,2365307,744498218,302.5,323.5,302.5,314.5,18.5,2241,59
2022-05-30,6756,2567525,849724376,324.0,337.5,324.0,331.5,17.0,2664,64
2022-05-31,6756,2051605,686704476,330.0,341.5,324.0,339.0,7.5,1901,108
2022-06-01,6756,1664611,564321206,339.0,347.5,331.5,333.0,-6.0,1758,93
2022-06-02,6756,801197,265113144,330.5,335.5,327.5,329.0,-4.0,796,129
2022-06-06,6756,1156315,368391787,328.5,331.0,314.0,314.5,-14.5,1475,107
2022-06-07,6756,584689,183301420,310.0,317.5,310.0,312.0,-2.5,607,159
2022-06-08,6756,1314413,420015984,321.0,327.0,312.0,313.5,1.5,1294,92
2022-06-09,6756,289759,90746638,313.5,315.5,311.0,313.0,-0.5,362,231
2022-06-10,6756,537902,164118369,306.5,308.0,302.0,305.0,-8.0,754,169
2022-06-13,6756,875776,255626690,294.5,298.5,288.0,288.0,-17.0,1236,153
2022-06-14,6756,843448,242852048,286.5,294.0,282.5,294.0,6.0,914,151
2022-06-15,6756,479202,139482830,293.5,296.0,288.0,288.0,-6.0,560,206
2022-06-16,6756,684511,196212539,296.0,297.0,276.5,276.5,-11.5,841,187
2022-06-17,6756,1054535,294523661,272.0,285.0,271.0,284.5,8.0,1133,165
2022-06-20,6756,1026731,278610187,280.5,283.5,263.0,263.0,-21.5,1256,156
2022-06-21,6756,824769,225092556,272.0,280.5,265.0,279.0,16.0,951,163
2022-06-22,6756,1114850,301023528,281.0,284.0,261.5,263.5,-15.5,1414,142
2022-06-23,6756,799828,211933556,266.5,270.5,260.0,264.0,0.5,797,174
2022-06-24,6756,2376364,668262851,268.0,289.5,267.0,277.5,13.5,2231,68
2022-06-27,6756,1876031,541381046,284.0,294.0,284.0,285.0,7.5,2172,82
2022-06-28,6756,1202981,328660846,285.0,285.0,268.0,269.5,-15.5,1461,98
2022-06-29,6756,782493,207195632,263.5,268.5,261.0,268.5,-1.0,864,157
2022-06-30,6756,782680,203086115,266.5,266.5,254.5,256.0,-12.5,878,187
2022-07-01,6756,1266791,318731365,258.5,263.0,241.0,241.5,-14.5,1285,152
2022-07-04,6756,750129,182487090,243.0,248.0,239.5,243.5,2.0,774,171
2022-07-05,6756,1108045,272330419,250.0,254.0,237.0,245.5,2.0,1156,139
2022-07-06,6756,1784174,407978836,239.0,240.5,222.0,222.5,-23.0,2123,110
2022-07-07,6756,1552713,362181737,229.0,242.5,222.0,242.5,20.0,1849,113
2022-07-08,6756,1206867,296514675,247.0,251.5,241.0,244.0,1.5,2986,142
2022-07-11,6756,488995,117379857,245.5,247.0,236.0,240.0,-4.0,1003,197
2022-07-12,6756,745095,171864184,233.0,237.5,226.0,232.0,-8.0,1040,179
2022-07-13,6756,688571,163812839,242.0,244.5,232.0,232.0,0.0,833,178
2022-07-14,6756,734300,174316582,228.0,244.0,225.0,243.5,11.5,692,173
2022-07-15,6756,503104,122483146,241.5,246.0,240.0,245.0,1.5,618,215
2022-07-18,6756,419884,104325776,247.5,251.5,245.0,248.0,3.0,530,232
2022-07-19,6756,189411,46655307,245.5,248.5,244.0,247.5,-0.5,534,302
2022-07-20,6756,909518,233309551,254.0,261.5,253.0,253.0,5.5,940,180
2022-07-21,6756,923496,241843023,254.0,266.0,254.0,262.0,9.0,1452,165
2022-07-22,6756,1059164,279948919,266.0,272.0,256.5,260.0,-2.0,1389,158
2022-07-25,6756,360802,91859966,258.0,258.0,253.0,254.5,-5.5,429,221
2022-07-26,6756,896552,217889915,255.0,255.0,237.5,238.0,-16.5,1055,151
2022-07-27,6756,759027,180852799,234.0,244.5,232.0,243.0,5.0,776,161
2022-07-28,6756,737166,177237417,247.5,248.0,235.5,236.5,-6.5,962,162
2022-07-29,6756,387680,93658842,241.5,244.0,239.0,239.5,3.0,425,243
2022-08-01,6756,334083,79018941,241.0,242.0,233.5,238.5,-1.0,484,245
2022-08-02,6756,513514,119212829,232.0,238.0,229.5,234.5,-4.0,553,225
2022-08-03,6756,723812,165939483,233.0,236.5,225.0,226.5,-8.0,1004,175
2022-08-04,6756,593099,133288601,224.0,229.0,221.0,228.0,1.5,790,199
2022-08-05,6756,516202,118706558,229.0,233.5,227.5,228.0,0.0,658,202
2022-08-08,6756,944265,209605143,223.0,228.0,217.0,227.5,-0.5,955,147
2022-08-09,6756,316541,71397919,225.5,229.0,222.0,225.5,-2.0,347,261
2022-08-10,6756,236229,52661240,222.5,225.5,221.0,221.0,-4.5,326,304
2022-08-11,6756,608654,139013980,227.0,232.0,225.5,226.5,5.5,607,212
2022-08-12,6756,688045,161107291,232.0,238.0,228.0,237.0,10.5,778,184
2022-08-15,6756,1202773,297188985,240.0,251.0,238.5,249.0,12.0,1526,131
2022-08-16,6756,1176776,297746734,250.0,257.0,248.0,253.0,4.0,1428,127
2022-08-17,6756,2499431,663594911,258.0,275.0,257.0,262.0,9.0,3043,68
2022-08-18,6756,1171243,304079843,258.0,265.0,255.0,264.0,2.0,1147,117
2022-08-19,6756,788092,207616811,262.0,268.0,258.5,258.5,-5.5,2126,163
2022-08-22,6756,588773,148817783,256.0,258.0,247.5,248.0,-10.5,922,198
2022-08-23,6756,420173,102780270,248.0,248.0,242.5,246.0,-2.0,569,219
2022-08-24,6756,308528,75762771,248.0,250.5,242.5,246.0,0.0,422,263
2022-08-25,6756,530559,134437264,250.0,256.0,249.0,255.5,9.5,593,201
2022-08-26,6756,676427,175080505,263.0,264.5,253.0,253.0,-2.5,778,181
2022-08-29,6756,357790,86523159,240.0,244.5,239.0,243.5,-9.5,541,249
2022-08-30,6756,184819,45380701,247.0,248.0,244.0,245.5,2.0,230,301
2022-08-31,6756,528745,132699458,247.0,255.5,242.5,254.0,8.5,654,217
2022-09-01,6756,639922,157303576,249.5,251.0,242.0,246.5,-7.5,741,188
2022-09-02,6756,615905,154176896,248.5,257.0,244.5,250.0,3.5,1190,188
2022-09-05,6756,1028645,245738158,256.0,256.0,230.5,230.5,-19.5,1653,138
2022-09-06,6756,2237533,479850907,230.5,233.5,207.5,207.5,-23.0,2626,82
2022-09-07,6756,1214107,247744778,205.0,208.0,199.0,207.5,0.0,1234,138
2022-09-08,6756,706083,146715372,211.0,212.0,204.0,210.5,3.0,1047,177
2022-09-12,6756,782951,170653126,215.0,223.0,214.0,215.5,5.0,776,179
2022-09-13,6756,410351,89767192,221.0,223.0,216.0,218.0,2.5,452,254
2022-09-14,6756,501135,106158679,207.5,217.5,207.0,217.5,-0.5,519,222
2022-09-15,6756,364181,79746088,217.5,223.0,214.0,217.5,0.0,499,262
2022-09-16,6756,211362,45295880,215.5,218.0,212.0,212.0,-5.5,293,338
2022-09-19,6756,180076,38120124,213.0,215.0,210.0,210.0,-2.0,215,335
2022-09-20,6756,239094,51248738,213.5,218.0,212.5,213.0,3.0,261,275
2022-09-21,6756,324968,67854194,213.0,213.0,207.0,210.5,-2.5,378,257
2022-09-22,6756,301515,62151433,206.5,210.0,203.5,207.0,-3.5,358,268
2022-09-23,6756,260129,52804858,207.0,207.5,201.0,201.5,-5.5,362,294
2022-09-26,6756,815022,154196289,199.5,200.0,183.0,185.0,-16.5,1030,206
2022-09-27,6756,520628,97256645,185.0,192.0,182.5,192.0,7.0,944,228
2022-09-28,6756,633612,115003650,189.5,190.0,177.0,178.0,-14.0,818,226
2022-09-29,6756,417146,74805537,184.0,184.0,175.0,175.0,-3.0,455,253
2022-09-30,6756,687539,118099133,166.5,179.5,165.5,178.0,3.0,644,209
2022-10-03,6756,398747,71700253,174.5,184.0,174.0,182.0,4.0,501,228
2022-10-04,6756,399219,74493238,188.0,189.0,183.5,188.0,6.0,422,240
2022-10-05,6756,876294,170414555,192.0,200.0,189.0,192.0,4.0,879,181
2022-10-06,6756,461536,88305664,192.0,195.0,188.0,191.0,-1.0,462,219
2022-10-07,6756,422879,78625474,192.5,192.5,183.0,183.0,-8.0,591,225
2022-10-11,6756,542813,92516241,170.0,173.5,168.0,168.5,-14.5,635,236
2022-10-12,6756,564567,94324454,170.5,170.5,163.5,169.0,0.5,594,216
2022-10-13,6756,447287,72730119,171.0,171.5,158.0,158.0,-11.0,570,276
2022-10-14,6756,507178,84693568,165.5,170.0,163.5,167.0,9.0,480,226
2022-10-17,6756,419561,68022407,163.0,169.0,157.0,169.0,2.0,446,252
2022-10-18,6756,409329,69593292,173.5,173.5,165.0,172.0,3.0,429,248
2022-10-19,6756,244126,41798802,171.5,174.0,169.0,170.0,-2.0,258,291
2022-10-20,6756,261913,44138554,167.0,171.0,165.0,169.5,-0.5,263,368
2022-10-21,6756,278010,46065802,170.5,170.5,163.0,163.0,-6.5,325,283
2022-10-24,6756,473154,79915702,169.5,172.5,165.5,165.5,2.5,411,219
2022-10-25,6756,530184,88055582,167.0,170.5,163.0,163.0,-2.5,530,204
2022-10-26,6756,357565,57564655,164.0,164.5,159.0,160.5,-2.5,402,235
2022-10-27,6756,1628928,279624879,163.5,176.0,163.5,173.5,13.0,1582,112
2022-10-28,6756,868109,145161147,172.5,173.5,163.0,165.0,-8.5,941,154
2022-10-31,6756,738776,126504539,167.5,174.5,167.5,170.0,5.0,709,166
2022-11-01,6756,538071,93643280,170.0,177.0,169.0,174.0,4.0,930,196
2022-11-02,6756,2041147,371920474,178.0,189.5,175.5,182.0,8.0,2002,85
2022-11-03,6756,1316251,230557609,176.5,179.0,170.0,176.5,-5.5,3133,115
2022-11-04,6756,918055,164815673,179.5,183.0,174.5,182.0,5.5,1427,169
2022-11-07,6756,806406,149378522,182.0,189.5,182.0,184.0,2.0,1660,186
2022-11-08,6756,835146,155484985,187.5,192.0,179.0,179.0,-5.0,1660,197
2022-11-09,6756,750383,140033181,181.5,189.5,181.5,187.5,8.5,1064,210
2022-11-10,6756,345331,64210410,185.0,188.5,183.5,185.0,-2.5,635,268
2022-11-11,6756,745517,141811579,197.0,197.0,186.5,186.5,1.5,1050,232
2022-11-14,6756,701167,134544345,188.5,194.5,188.5,192.5,6.0,1008,217
2022-11-15,6756,617221,120018702,196.0,198.0,191.0,195.0,2.5,1587,233
2022-11-16,6756,1344044,270553750,196.5,208.0,196.0,199.0,4.0,1885,166
2022-11-17,6756,1181283,244136773,199.0,218.0,197.5,215.0,16.0,1233,150
2022-11-18,6756,1597695,343481822,215.0,219.5,208.5,213.0,-2.0,2150,123
2022-11-21,6756,604488,128694049,217.0,217.0,209.0,209.0,-4.0,1197,181
2022-11-22,6756,726707,148408178,210.0,210.0,201.0,202.5,-6.5,946,179
2022-11-23,6756,1345035,281894497,207.5,217.0,203.5,206.5,4.0,1320,121
2022-11-24,6756,807634,169276412,208.5,213.0,207.0,210.5,4.0,997,174
2022-11-25,6756,899552,189954743,211.5,214.0,208.5,208.5,-2.0,1398,165
2022-11-28,6756,428285,89161760,209.0,210.0,205.0,208.5,0.0,1141,224
2022-11-29,6756,1028952,216879189,208.0,215.0,202.5,213.5,5.0,1249,165
2022-11-30,6756,1710791,369474863,213.5,219.5,212.0,216.0,2.5,2062,147
2022-12-01,6756,1771533,391030849,220.0,226.5,216.5,216.5,0.5,2913,131
2022-12-02,6756,2826048,647905207,219.5,236.5,219.0,227.0,10.5,2893,76
2022-12-05,6756,1235849,286547125,230.5,236.5,228.0,229.5,2.5,2394,155
2022-12-06,6756,1257072,276454359,222.0,224.0,215.0,215.0,-14.5,1690,156
2022-12-07,6756,727567,154710010,217.0,217.5,208.5,209.5,-5.5,805,212
2022-12-08,6756,523101,109623159,209.5,213.5,206.0,212.0,2.5,589,223
2022-12-09,6756,417349,90007564,215.5,217.5,213.5,214.0,2.0,471,263
2022-12-12,6756,275420,57707979,215.0,215.0,207.5,207.5,-6.5,1287,303
2022-12-13,6756,344835,71658035,211.0,211.5,205.5,205.5,-2.0,527,289
2022-12-14,6756,329049,68693133,207.0,210.5,206.0,210.0,4.5,361,295
2022-12-15,6756,285046,59291782,209.5,210.5,207.0,207.5,-2.5,1068,300
2022-12-16,6756,619586,124033104,201.0,202.5,196.5,201.0,-6.5,792,241
2022-12-19,6756,196981,39643728,200.5,204.0,198.0,200.5,-0.5,471,343
2022-12-20,6756,398012,78708146,201.0,203.0,192.5,193.0,-7.5,718,290
2022-12-21,6756,230129,44794107,198.0,198.5,192.0,193.0,0.0,317,312
2022-12-22,6756,230113,45118705,196.5,198.5,193.0,195.0,2.0,298,304
2022-12-23,6756,281924,53703265,190.0,193.5,187.5,191.0,-4.0,466,257
2022-12-26,6756,179600,34576227,193.0,196.0,190.0,192.0,1.0,272,298
2022-12-27,6756,155649,30080365,195.0,196.0,191.0,191.0,-1.0,233,314
2022-12-28,6756,392585,72558984,191.0,191.0,180.5,181.0,-10.0,591,239
2022-12-29,6756,228280,41151567,181.0,182.5,177.0,181.0,0.0,291,297
2022-12-30,6756,175371,31957933,185.5,185.5,180.5,181.0,0.0,258,309
2023-01-03,6756,335428,61980868,182.5,188.0,181.5,187.0,6.0,401,231
2023-01-04,6756,363702,68861686,187.5,192.0,187.5,189.5,2.5,1131,231
2023-01-05,6756,401661,77110923,193.0,196.0,187.5,187.5,-2.0,577,234
2023-01-06,6756,371318,69665823,186.0,190.5,184.0,190.0,2.5,606,224
2023-01-09,6756,571303,112082617,195.0,198.5,193.0,198.0,8.0,624,211
2023-01-10,6756,299261,59035445,198.5,200.0,195.5,197.0,-1.0,429,264
2023-01-11,6756,219835,43102803,197.0,199.5,194.5,195.0,-2.0,706,301
2023-01-12,6756,230332,44778212,198.0,198.0,192.0,192.0,-3.0,292,281
2023-01-13,6756,320621,60743208,192.5,194.5,186.5,186.5,-5.5,518,239
2023-01-16,6756,193606,36305245,187.0,189.5,186.0,188.0,1.5,246,285
2023-01-17,6756,168363,31594254,188.5,189.0,186.5,188.5,0.5,230,291
2023-01-30,6756,889588,178079325,194.0,203.5,193.0,203.5,15.0,980,202
2023-01-31,6756,605172,124197098,204.0,207.0,201.0,207.0,3.5,678,240
2023-02-01,6756,472003,98192185,211.0,211.0,205.0,208.0,1.0,566,263
2023-02-02,6756,1767862,388591166,212.0,224.0,212.0,220.5,12.5,1933,127
2023-02-03,6756,2258214,504540587,224.0,228.5,217.0,219.5,-1.0,2349,83
2023-02-06,6756,863575,187527291,220.5,222.5,213.0,214.5,-5.0,1754,171
2023-02-07,6756,478742,101800944,212.5,216.0,209.5,216.0,1.5,564,229
2023-02-08,6756,659306,144638788,219.0,222.0,214.5,221.0,5.0,804,194
2023-02-09,6756,637097,141766360,220.5,226.0,218.5,220.0,-1.0,853,193
2023-02-10,6756,669762,143321228,220.0,221.0,210.0,211.0,-9.0,868,200
2023-02-13,6756,249222,52385040,211.0,212.5,208.0,208.0,-3.0,645,303
2023-02-14,6756,280954,59198166,211.0,212.5,208.5,209.0,1.0,320,275
2023-02-15,6756,279990,58470646,211.0,212.5,206.0,209.5,0.5,368,284
2023-02-16,6756,333110,71093157,209.5,215.0,209.5,214.5,5.0,405,266
2023-02-17,6756,230546,49032011,211.5,215.0,210.0,213.0,-1.5,280,305
2023-02-20,6756,764163,168111373,213.5,222.5,213.5,220.5,7.5,895,193
2023-02-21,6756,889546,198766268,221.0,227.5,219.5,222.5,2.0,1133,165
2023-02-22,6756,554211,119627477,220.0,222.0,212.0,215.0,-7.5,690,237
2023-02-23,6756,889010,197877352,216.0,225.0,216.0,224.5,9.5,977,182
2023-02-24,6756,818398,181672678,226.5,230.0,216.5,217.0,-7.5,924,201
2023-03-01,6756,318817,69806360,217.5,221.5,217.5,218.5,1.5,458,308
2023-03-02,6756,508239,109165089,221.5,221.5,213.0,214.0,-4.5,644,250
2023-03-03,6756,336880,72436532,217.0,217.0,213.5,213.5,-0.5,386,310
2023-03-06,6756,216546,46790470,216.0,217.0,214.5,215.5,2.0,267,410
2023-03-07,6756,228833,49159670,217.0,217.0,213.5,213.5,-2.0,317,378
2023-03-08,6756,202544,43186379,211.5,216.0,210.5,216.0,2.5,340,414
2023-03-09,6756,2276948,518102696,216.0,235.0,216.0,225.0,9.0,2425,103
2023-03-10,6756,1297324,284621023,225.0,227.5,211.0,213.5,-11.5,2767,188
2023-03-13,6756,883461,182088691,210.5,210.5,201.5,208.0,-5.5,1114,217
2023-03-14,6756,307773,63726728,208.0,208.5,205.0,206.5,-1.5,371,318
2023-03-15,6756,948953,204721404,210.0,221.0,210.0,214.5,8.0,1031,191
2023-03-16,6756,1024976,222663839,212.5,221.5,212.5,216.0,1.5,3013,182
2023-03-17,6756,1146420,253879362,219.5,224.0,218.0,221.5,5.5,1239,182
2023-03-20,6756,1306110,293015518,230.0,232.0,220.5,220.5,-1.0,2851,131
2023-03-21,6756,3220474,752779750,223.5,242.5,222.0,239.5,19.0,3792,69
2023-03-22,6756,4960520,1234962575,242.0,256.5,240.0,251.5,12.0,7794,42
2023-03-23,6756,1991939,499237352,254.0,254.0,247.0,249.0,-2.5,5950,94
2023-03-24,6756,1239866,309589931,253.0,254.5,246.5,247.0,-2.0,5909,151
2023-03-27,6756,1060017,255271608,247.0,247.0,237.5,239.5,-7.5,2688,166
2023-03-28,6756,858366,201500118,240.0,241.5,231.5,234.5,-5.0,2643,185
2023-03-29,6756,908921,209202124,235.0,237.5,226.5,227.5,-7.0,1757,176
2023-03-30,6756,519517,119980165,230.5,233.5,228.0,230.0,2.5,2570,234
2023-03-31,6756,358013,82189370,230.5,231.5,228.5,229.5,-0.5,720,273
2023-04-06,6756,378746,86201343,229.5,231.5,225.5,227.0,-2.5,477,280
2023-04-07,6756,696166,162486778,231.5,237.0,230.0,236.0,9.0,870,181
2023-04-10,6756,495327,116328107,237.5,237.5,232.5,234.5,-1.5,638,221
2023-04-11,6756,505996,119864791,234.5,239.5,233.0,236.0,1.5,638,257
2023-04-12,6756,367024,86071782,239.0,239.0,233.0,234.5,-1.5,526,316
2023-04-13,6756,1332920,318536437,237.0,243.5,235.0,235.0,0.5,1393,154
2023-04-14,6756,652104,149424859,230.0,231.0,227.5,228.0,0.0,1700,246
2023-04-17,6756,399705,92681570,233.0,234.0,228.5,233.0,5.0,419,331
2023-04-18,6756,359941,82604352,233.0,233.0,226.5,226.5,-6.5,1098,349
2023-04-19,6756,469785,105185708,228.5,229.5,221.0,221.5,-5.0,822,316
2023-04-20,6756,378431,82414728,221.5,222.0,214.0,215.0,-6.5,590,346
2023-04-21,6756,465678,98967779,216.0,219.5,209.0,210.0,-5.0,648,328
2023-04-24,6756,283590,60100947,209.0,214.0,207.5,211.5,1.5,725,318
2023-04-25,6756,578072,118383957,214.0,214.0,201.0,202.5,-9.0,965,292
2023-04-26,6756,479818,95661052,201.0,203.0,196.5,201.0,-1.5,574,259
2023-04-27,6756,228958,46160880,204.0,204.5,198.5,201.5,0.5,281,334
2023-04-28,6756,375886,76743491,205.5,207.0,201.5,203.5,2.0,441,299
2023-05-02,6756,376347,78262483,203.5,210.0,203.5,208.0,4.5,415,293
2023-05-03,6756,262266,54015246,205.5,208.0,204.0,207.0,-1.0,264,321
2023-05-04,6756,200052,41156559,207.0,209.0,204.5,205.5,-1.5,292,363
2023-05-05,6756,149241,30975075,206.5,208.5,206.0,207.5,2.0,233,412
2023-05-08,6756,399720,83907753,212.0,213.5,205.5,209.0,1.5,426,300
2023-05-09,6756,212264,44014173,208.0,210.5,204.5,204.5,-4.5,355,380
2023-05-10,6756,259714,52557555,205.0,205.0,200.0,203.0,-1.5,437,333
2023-05-11,6756,359685,71742458,205.0,205.0,197.0,197.0,-6.0,624,323
2023-05-12,6756,396386,77618488,196.5,200.0,191.0,200.0,3.0,472,273
2023-05-15,6756,348159,68086977,197.0,199.5,193.0,194.5,-5.5,466,289
2023-05-16,6756,200783,39756495,198.5,199.0,196.5,198.5,4.0,324,378
2023-05-17,6756,239247,48334724,200.0,203.5,199.0,202.5,4.0,319,375
2023-05-18,6756,217191,44391994,205.5,205.5,202.5,204.0,1.5,275,379
2023-05-19,6756,193538,39916595,207.5,208.0,205.0,205.0,1.0,259,385
2023-05-22,6756,117675,24133681,205.0,206.5,204.0,205.5,0.5,171,449
2023-05-23,6756,177659,36648170,207.0,208.0,204.5,205.5,0.0,217,397
2023-05-24,6756,92429,18915562,205.5,206.5,203.0,204.5,-1.0,139,495
2023-05-25,6756,287294,59919946,208.0,211.5,206.0,207.5,3.0,382,339
2023-05-26,6756,207385,42591933,210.0,210.0,203.0,203.0,-4.5,368,402
2023-05-29,6756,1011191,219616578,206.0,223.0,204.5,223.0,20.0,1230,192
2023-05-30,6756,880863,194305319,223.0,225.0,217.5,221.0,-2.0,932,208
2023-05-31,6756,1008887,229651887,221.0,232.0,219.5,226.5,5.5,1267,212
2023-06-01,6756,277329,62187070,225.5,226.5,222.0,223.5,-3.0,1297,356
2023-06-02,6756,444186,99978110,227.5,229.5,220.5,220.5,-3.0,1183,314
2023-06-05,6756,708406,160663946,222.0,231.0,222.0,224.0,3.5,1502,250
2023-06-06,6756,394517,86403643,226.0,226.0,216.5,217.0,-7.0,1459,333
2023-06-07,6756,296923,65033069,219.0,221.5,215.5,220.0,3.0,343,375
2023-06-08,6756,275648,59370871,221.0,221.0,212.5,213.5,-6.5,447,393
2023-06-09,6756,237593,51462816,215.5,218.5,214.0,218.0,4.5,293,400
2023-06-12,6756,208596,45226408,219.0,219.0,215.5,216.5,-1.5,306,421
2023-06-13,6756,722519,161435774,218.5,227.5,218.5,222.5,6.0,723,267
2023-06-14,6756,325881,71871775,223.0,225.0,217.5,218.0,-4.5,2054,359
2023-06-15,6756,852906,191766125,220.5,229.0,220.0,226.0,8.0,979,241
2023-06-16,6756,472828,106258386,228.0,230.5,222.5,223.5,-2.5,1489,345
2023-06-19,6756,747026,169402811,225.0,232.0,223.5,223.5,0.0,858,239
2023-06-20,6756,315387,69524741,224.0,224.0,218.5,219.5,-4.0,845,358
