date,stock_id,Trading_Volume,Trading_money,open,max,min,close,spread,Trading_turnover,Trading_money_rank
2021-04-22,6768,8296624,720672812,92.1,95.0,79.2,79.9,0.0,5274,164
2021-04-23,6768,2135013,158881411,76.8,76.8,72.1,74.3,-5.6,1445,297
2021-04-26,6768,1162830,89274110,75.0,78.0,75.0,76.9,2.6,766,412
2021-04-27,6768,594058,45301901,77.1,77.5,75.8,75.8,-1.1,428,523
2021-04-28,6768,882254,65688174,75.3,75.3,73.7,74.6,-1.2,553,471
2021-04-29,6768,358634,26660333,74.6,75.2,73.5,74.4,-0.2,296,619
2021-05-03,6768,1010593,72091580,74.0,74.0,69.5,70.0,-4.4,653,484
2021-05-04,6768,650872,45388837,70.4,71.2,68.5,70.0,0.0,440,607
2021-05-05,6768,580033,42205994,70.0,75.1,69.6,74.1,4.1,452,493
2021-05-06,6768,343160,25340912,73.8,74.8,73.1,74.1,0.0,260,571
2021-05-07,6768,275562,20252988,74.0,74.0,73.0,73.3,-0.8,173,584
2021-05-10,6768,229083,16590605,73.3,73.3,71.3,73.0,-0.3,189,628
2021-05-11,6768,292294,20700455,72.9,72.9,69.5,69.7,-3.3,271,690
2021-05-12,6768,1054434,75536755,73.0,73.7,68.8,71.1,1.4,521,535
2021-05-13,6768,229330,16018890,70.3,71.0,68.5,69.8,-1.3,166,698
2021-05-14,6768,247254,17317115,69.9,70.7,69.5,70.0,0.2,166,649
2021-05-17,6768,1062773,68665158,67.1,68.0,63.0,63.0,-7.0,358,449
2021-05-18,6768,315506,20481567,63.0,65.5,63.0,65.3,2.3,172,600
2021-05-19,6768,284002,18165329,65.0,65.0,63.3,64.8,-0.5,148,563
2021-05-20,6768,335049,21365636,64.5,64.5,63.3,64.0,-0.8,183,502
2021-05-21,6768,314102,20386170,64.5,65.4,64.4,65.3,1.3,120,511
2021-05-24,6768,228055,15199105,64.7,67.7,64.5,67.0,1.7,116,559
2021-05-25,6768,1362173,98741856,67.0,73.7,67.0,73.7,6.7,572,326
2021-05-26,6768,364389,26511580,73.4,73.9,72.0,73.0,-0.7,255,449
2021-05-27,6768,391741,29030601,73.8,75.4,72.6,74.4,1.4,271,446
2021-05-28,6768,391677,29535673,74.4,76.8,73.7,74.6,0.2,273,483
2021-05-31,6768,478531,36168180,74.8,76.5,74.3,75.1,0.5,284,465
2021-06-01,6768,167152,12501346,75.1,75.7,74.3,74.9,-0.2,115,604
2021-06-02,6768,396525,29040262,74.9,74.9,72.1,72.5,-2.4,259,499
2021-06-03,6768,95030,6945569,72.4,73.6,72.4,72.5,0.0,67,681
2021-06-04,6768,105429,7653371,72.5,73.0,72.1,72.9,0.4,101,654
2021-06-07,6768,114295,8233110,72.9,72.9,71.5,72.1,-0.8,86,666
2021-06-08,6768,41394,2981731,72.4,72.4,71.7,72.3,0.2,38,728
2021-06-09,6768,99426,7136372,71.8,72.0,71.4,71.4,-0.9,61,634
2021-06-10,6768,50161,3590295,72.0,72.0,71.2,71.2,-0.2,42,736
2021-06-11,6768,65410,4639779,71.5,71.6,70.5,71.0,-0.2,57,708
2021-06-15,6768,87055,6122177,71.0,71.0,70.0,70.5,-0.5,66,685
2021-06-16,6768,45196,3176318,70.2,71.0,70.0,70.5,0.0,41,773
2021-06-17,6768,166200,11887200,70.1,73.5,70.0,73.0,2.5,62,570
2021-06-18,6768,172311,12399828,72.6,72.6,71.4,71.8,-1.2,73,598
2021-06-21,6768,460240,32914730,71.5,71.8,70.3,71.6,-0.2,60,477
2021-06-22,6768,31473,2253762,71.9,72.0,71.4,71.6,0.0,30,824
2021-06-23,6768,38400,2749940,71.6,71.8,71.4,71.7,0.1,35,790
2021-06-24,6768,103675,7404000,71.7,71.8,71.1,71.2,-0.5,76,684
2021-06-25,6768,210300,15192118,72.0,72.7,71.7,72.5,1.3,141,599
2021-06-28,6768,657806,48711455,73.1,74.9,73.1,74.9,2.4,466,434
2021-06-29,6768,276077,20556460,74.9,75.0,74.0,74.5,-0.4,186,564
2021-06-30,6768,684026,52141817,74.8,77.5,74.6,76.0,1.5,423,415
2021-07-01,6768,574757,43894888,76.1,77.5,73.1,75.5,-0.5,366,469
2021-07-02,6768,314625,23906242,76.0,76.6,75.1,75.5,0.0,209,525
2021-07-05,6768,273108,20518848,76.0,76.0,74.8,75.2,-0.3,171,564
2021-07-06,6768,155553,11612903,75.2,75.2,74.3,74.3,-0.9,103,626
2021-07-07,6768,184247,13673778,74.3,74.7,73.8,74.0,-0.3,101,621
2021-07-08,6768,262128,19186909,74.1,74.1,72.9,73.1,-0.9,145,567
2021-07-09,6768,397823,28662281,73.0,73.0,71.5,71.7,-1.4,229,510
2021-07-12,6768,339000,24380900,71.6,72.4,71.4,72.1,0.4,125,563
2021-07-13,6768,443200,32503240,72.2,74.6,72.2,73.8,1.7,184,547
2021-07-14,6768,251465,18595981,73.8,74.3,73.6,73.9,0.1,141,570
2021-07-15,6768,384725,28933504,74.2,76.0,74.2,75.2,1.3,232,470
2021-07-16,6768,247227,18446017,75.2,75.3,74.2,74.8,-0.4,127,546
2021-07-19,6768,191104,14098363,74.0,74.5,73.4,73.9,-0.9,118,601
2021-07-20,6768,222100,16468680,72.9,74.9,72.9,74.7,0.8,149,582
2021-07-21,6768,503140,38014711,74.3,76.4,74.3,75.5,0.8,276,488
2021-07-22,6768,178068,13268879,75.8,75.8,74.0,74.0,-1.5,121,597
2021-07-23,6768,207000,15163400,74.3,74.3,72.8,72.9,-1.1,143,593
2021-07-26,6768,103000,7530500,73.2,73.5,73.0,73.1,0.2,67,692
2021-07-27,6768,126432,9179589,72.9,73.1,72.0,72.6,-0.5,78,670
2021-07-28,6768,168204,12044714,72.5,72.5,71.0,71.8,-0.8,105,651
2021-07-29,6768,68020,4893440,71.6,72.1,71.6,72.1,0.3,50,695
2021-07-30,6768,75001,5395372,71.8,72.2,71.8,72.0,-0.1,53,691
2021-08-02,6768,60000,4334000,72.0,72.7,71.9,72.7,0.7,56,720
2021-08-03,6768,96067,6974681,72.3,73.0,72.3,72.6,-0.1,80,630
2021-08-04,6768,85000,6156200,72.6,72.8,71.8,71.8,-0.8,73,668
2021-08-05,6768,33050,2371475,72.1,72.1,71.6,71.7,-0.1,29,785
2021-08-06,6768,225000,16010800,71.7,71.7,70.5,71.6,-0.1,148,532
2021-08-09,6768,94002,6644345,71.2,71.2,70.4,70.4,-1.2,61,690
2021-08-10,6768,315001,22120270,71.0,71.0,69.5,69.7,-0.7,160,506
2021-08-11,6768,343115,23995931,69.7,70.9,69.5,69.8,0.1,187,517
2021-08-12,6768,39000,2733700,70.1,70.5,69.6,70.5,0.7,30,752
2021-08-13,6768,172332,12105838,69.8,70.8,69.8,70.0,-0.5,103,584
2021-08-16,6768,145383,9973829,69.8,69.8,67.7,68.0,-2.0,115,648
2021-08-17,6768,96204,6291874,66.1,66.1,64.2,64.2,0.0,80,677
2021-08-18,6768,67000,4299800,64.5,65.2,63.4,65.0,0.8,43,729
2021-08-19,6768,91001,5766463,64.7,64.7,62.7,63.2,-1.8,65,678
2021-08-20,6768,41000,2579800,63.2,63.2,62.6,63.1,-0.1,25,763
2021-08-23,6768,67000,4297900,63.1,65.0,63.0,64.0,0.9,29,687
2021-08-24,6768,21000,1363200,64.3,66.1,64.3,64.5,0.5,19,800
2021-08-25,6768,181176,11992693,65.5,66.9,65.5,66.6,2.1,105,534
2021-08-26,6768,33080,2185740,66.4,66.5,66.0,66.1,-0.5,29,758
2021-08-27,6768,33170,2187005,65.8,66.0,65.8,65.8,-0.3,23,755
2021-08-30,6768,133180,8945146,66.0,68.1,65.9,68.1,2.3,87,563
2021-08-31,6768,54000,3664300,67.7,68.1,67.2,68.0,-0.1,43,690
2021-09-01,6768,144111,9866246,68.0,69.1,67.8,69.1,1.1,70,580
2021-09-02,6768,77000,5247400,68.9,68.9,67.9,67.9,-1.2,50,655
2021-09-03,6768,65050,4461300,68.2,69.1,68.2,68.4,0.5,49,673
2021-09-06,6768,88020,5984776,68.4,68.5,67.3,68.2,-0.2,50,643
2021-09-07,6768,79046,5320446,68.4,68.4,66.1,66.8,-1.4,42,628
2021-09-08,6768,38154,2544164,66.8,67.0,66.4,66.4,-0.4,36,755
2021-09-09,6768,44050,2975975,66.4,68.0,66.4,67.4,1.0,33,701
2021-09-10,6768,34200,2305260,67.3,67.9,67.2,67.9,0.5,28,725
2021-09-13,6768,22000,1496800,67.7,68.3,67.7,68.2,0.3,14,812
2021-09-14,6768,84000,5772700,68.5,69.2,68.4,68.6,0.4,76,617
2021-09-15,6768,117207,8144035,69.0,69.9,68.7,69.7,1.1,82,583
2021-09-16,6768,59000,4072600,69.6,69.6,68.1,69.2,-0.5,53,657
2021-09-17,6768,42100,2902200,68.3,69.6,68.3,69.6,0.4,42,712
2021-09-22,6768,57021,3919988,68.5,69.0,68.3,68.8,-0.8,46,731
2021-09-23,6768,133000,9152100,68.7,69.0,68.5,68.9,0.1,85,539
2021-09-24,6768,88000,6102200,69.2,69.6,69.0,69.4,0.5,74,605
2021-09-27,6768,72100,5036200,69.7,70.0,69.3,70.0,0.6,64,670
2021-09-28,6768,136000,9600100,70.2,70.9,70.2,70.5,0.5,109,553
2021-09-29,6768,126015,8842927,70.5,70.7,69.6,69.6,-0.9,94,621
2021-09-30,6768,30100,2097820,69.3,70.0,69.3,70.0,0.4,29,777
2021-10-01,6768,78045,5420259,69.6,70.0,69.1,69.5,-0.5,55,723
2021-10-04,6768,164000,11391000,70.0,70.0,69.0,69.4,-0.1,81,592
2021-10-05,6768,66000,4583900,69.4,69.9,68.9,69.8,0.4,57,675
2021-10-06,6768,197560,13830600,70.3,70.4,69.9,70.0,0.2,90,488
2021-10-07,6768,104100,7327390,70.1,70.6,70.1,70.3,0.3,77,607
2021-10-08,6768,106000,7455100,70.5,70.6,70.0,70.0,-0.3,74,573
2021-10-12,6768,67000,4686800,70.0,70.4,69.5,70.2,0.2,47,666
2021-10-13,6768,30104,2100499,70.2,70.4,69.1,69.5,-0.7,30,773
2021-10-14,6768,52121,3640849,69.5,70.1,69.2,69.9,0.4,42,659
2021-10-15,6768,52079,3649774,70.5,70.5,69.8,70.2,0.3,39,674
2021-10-18,6768,29000,2029200,69.7,70.2,69.7,70.2,0.0,22,744
2021-10-19,6768,206209,14893176,70.5,73.5,70.4,72.9,2.7,169,496
2021-10-20,6768,158073,11711422,73.0,74.5,73.0,74.2,1.3,128,507
2021-10-21,6768,158109,11752490,74.2,74.6,73.8,74.0,-0.2,117,582
2021-10-22,6768,124141,9157797,73.8,74.0,73.3,73.9,-0.1,91,565
2021-10-25,6768,45070,3330330,73.9,74.0,73.6,73.9,0.0,43,667
2021-10-26,6768,204710,15106097,73.6,74.0,73.6,73.8,-0.1,125,530
2021-10-27,6768,89140,6490160,73.8,73.8,72.2,73.1,-0.7,80,612
2021-10-28,6768,49240,3596206,73.1,73.8,72.8,72.8,-0.3,32,699
2021-10-29,6768,169094,12406446,72.8,74.0,72.4,73.2,0.4,94,536
2021-11-01,6768,125120,9254080,74.0,74.2,73.5,73.9,0.7,95,599
2021-11-02,6768,281078,21050350,74.5,75.5,74.1,74.4,0.5,216,485
2021-11-03,6768,262150,19521808,74.4,74.8,73.5,74.5,0.1,102,469
2021-11-04,6768,253022,18879045,74.7,74.9,74.3,74.3,-0.2,141,484
2021-11-05,6768,71000,5242200,74.3,74.3,73.5,73.6,-0.7,52,671
2021-11-08,6768,43002,3152346,73.9,73.9,73.0,73.7,0.1,41,751
2021-11-09,6768,31007,2274779,73.6,73.6,73.1,73.6,-0.1,29,796
2021-11-10,6768,109000,8000500,73.6,73.6,73.1,73.4,-0.2,75,649
2021-11-11,6768,701066,51879236,73.3,74.8,72.9,74.0,0.6,231,383
2021-11-12,6768,125000,9185800,74.0,74.1,73.0,73.0,-1.0,103,615
2021-11-15,6768,289740,20721494,73.4,73.4,70.6,71.0,-2.0,211,516
2021-11-16,6768,166000,11716597,70.3,71.3,70.1,70.1,-0.9,121,606
2021-11-17,6768,92072,6522837,70.7,71.7,70.2,71.2,1.1,87,687
2021-11-18,6768,157164,11142154,71.1,71.6,70.3,70.5,-0.7,87,611
2021-11-19,6768,247021,17240170,70.5,70.7,68.6,69.5,-1.0,178,522
2021-11-22,6768,48006,3333714,69.3,69.7,69.1,69.2,-0.3,51,752
2021-11-23,6768,90022,6220022,68.9,69.5,68.8,69.0,-0.2,66,672
2021-11-24,6768,56028,3859512,69.0,69.0,68.5,68.9,-0.1,44,708
2021-11-25,6768,18000,1253700,69.5,69.9,69.5,69.8,0.9,15,836
2021-11-26,6768,93005,6439350,69.8,70.0,68.6,68.6,-1.2,59,709
2021-11-29,6768,45000,3075000,68.6,68.8,68.0,68.4,-0.2,38,772
2021-11-30,6768,294016,19771898,68.7,69.0,65.5,65.5,-2.9,195,505
2021-12-01,6768,155022,10257952,66.3,66.7,65.5,66.4,0.9,111,558
2021-12-02,6768,271398,17694970,66.3,66.4,64.3,65.5,-0.9,182,501
2021-12-03,6768,167700,10937249,65.4,65.9,65.0,65.3,-0.2,100,523
2021-12-06,6768,106000,6943800,66.2,66.2,65.0,65.6,0.3,89,607
2021-12-07,6768,259000,16903000,65.3,65.4,65.1,65.1,-0.5,139,501
2021-12-08,6768,466200,30738300,65.3,67.8,65.1,66.8,1.7,211,444
2021-12-09,6768,197563,13277334,67.2,68.1,66.7,66.7,-0.1,139,560
2021-12-10,6768,118000,7845300,66.6,66.7,66.0,66.5,-0.2,83,617
2021-12-13,6768,51262,3412154,66.6,66.9,66.4,66.4,-0.1,40,751
2021-12-14,6768,112000,7395600,66.4,66.4,65.4,65.6,-0.8,75,658
2021-12-15,6768,69200,4566398,65.7,66.5,65.7,65.8,0.2,55,683
2021-12-16,6768,29700,1971860,66.3,66.6,66.1,66.1,0.3,28,796
2021-12-17,6768,48010,3194565,66.5,66.8,66.2,66.5,0.4,38,746
2021-12-20,6768,67000,4454100,66.1,66.7,66.1,66.3,-0.2,52,667
2021-12-21,6768,41000,2745600,66.5,67.3,66.5,67.1,0.8,33,725
2021-12-22,6768,60206,4026450,67.1,67.1,66.6,66.9,-0.2,91,681
2021-12-23,6768,30000,1999100,66.5,66.7,66.5,66.7,-0.2,27,792
2021-12-24,6768,42000,2800500,66.6,67.0,66.5,66.5,-0.2,33,764
2021-12-27,6768,38005,2536040,66.5,67.1,66.4,66.9,0.4,36,795
2021-12-28,6768,35004,2342470,67.0,67.0,66.8,66.9,0.0,32,795
2021-12-29,6768,54247,3626475,67.0,67.1,66.6,66.7,-0.2,55,747
2021-12-30,6768,400000,26736400,67.2,68.8,66.3,67.6,0.9,120,451
2022-01-03,6768,159250,10832800,68.5,68.5,67.7,68.1,0.5,91,597
2022-01-04,6768,48000,3268800,68.1,68.5,67.7,68.2,0.1,35,762
2022-01-05,6768,232015,16100652,68.2,70.8,68.2,70.2,2.0,157,539
2022-01-06,6768,157125,11097912,70.6,71.0,70.2,70.8,0.6,108,563
2022-01-07,6768,101011,7043768,70.5,70.5,69.0,69.8,-1.0,65,682
2022-01-10,6768,102043,7126365,70.0,70.3,69.1,69.9,0.1,80,622
2022-01-11,6768,154512,10752446,69.9,70.5,68.9,68.9,-1.0,122,617
2022-01-12,6768,71301,4914318,68.8,69.8,68.5,69.3,0.4,56,701
2022-01-13,6768,50377,3510700,69.5,70.3,69.4,70.0,0.7,119,719
2022-01-14,6768,83010,5753490,69.6,70.0,68.8,69.5,-0.5,56,691
2022-01-17,6768,64000,4416700,69.6,69.8,68.9,68.9,-0.6,33,673
2022-01-18,6768,97010,6731195,69.0,70.0,69.0,69.5,0.6,44,612
2022-01-19,6768,58000,4011200,69.5,69.7,68.6,69.3,-0.2,44,677
2022-01-20,6768,56000,3898500,69.3,69.8,69.2,69.8,0.5,28,665
2022-01-21,6768,97000,6774000,69.7,71.2,69.1,69.2,-0.6,69,651
2022-01-24,6768,74000,5088600,68.5,69.2,68.3,68.9,-0.3,49,685
2022-01-25,6768,60000,4103100,68.1,68.7,68.1,68.5,-0.4,51,734
2022-01-26,6768,53000,3619300,68.8,68.8,68.0,68.1,-0.4,33,698
2022-02-07,6768,34056,2339441,68.1,69.3,68.0,69.3,1.2,32,768
2022-02-08,6768,114056,7927877,69.1,70.0,69.0,69.9,0.6,85,592
2022-02-09,6768,129541,9072398,69.9,70.3,69.6,70.3,0.4,91,589
2022-02-10,6768,40000,2810700,70.5,70.6,70.1,70.2,-0.1,28,742
2022-02-11,6768,97257,6826062,70.0,70.6,69.9,69.9,-0.3,56,618
2022-02-14,6768,80001,5562569,69.0,70.0,69.0,69.6,-0.3,49,671
2022-02-15,6768,46000,3191900,69.6,69.6,69.0,69.5,-0.1,35,722
2022-02-16,6768,56020,3930983,69.5,70.5,69.5,70.5,1.0,44,702
2022-02-17,6768,56000,3939000,70.5,71.0,69.8,70.3,-0.2,37,699
2022-02-18,6768,49200,3455420,70.3,70.8,69.9,70.5,0.2,33,706
2022-02-21,6768,99000,6977100,70.5,70.6,70.3,70.4,-0.1,54,613
2022-02-22,6768,109000,7592300,70.0,70.3,69.2,69.4,-1.0,61,645
2022-02-23,6768,47000,3303700,69.7,70.7,69.7,70.0,0.6,23,684
2022-02-24,6768,144000,9992700,70.0,70.0,68.8,68.8,-1.2,64,652
2022-02-25,6768,25000,1732200,68.6,69.7,68.6,69.7,0.9,19,811
2022-03-01,6768,82000,5777500,69.5,71.0,69.5,70.2,0.5,47,641
2022-03-02,6768,259000,18404200,70.6,71.7,70.3,71.7,1.5,121,448
2022-03-03,6768,490267,35956056,71.9,74.1,71.9,73.5,1.8,230,381
2022-03-04,6768,142000,10250500,73.0,73.0,71.8,72.1,-1.4,90,557
2022-03-07,6768,205050,14321387,71.5,71.5,69.1,69.5,-2.6,133,599
2022-03-08,6768,130117,8937148,66.6,69.8,66.6,68.8,-0.7,119,652
2022-03-09,6768,52000,3583300,68.8,69.3,68.7,69.2,0.4,35,713
2022-03-10,6768,31002,2159839,69.0,70.0,69.0,69.9,0.7,27,772
2022-03-11,6768,147002,10186339,69.6,70.5,68.8,68.8,-1.1,85,514
2022-03-14,6768,110005,7539251,68.8,69.0,68.1,68.9,0.1,60,570
2022-03-15,6768,118116,8025355,68.7,68.7,67.3,67.3,-1.6,97,607
2022-03-16,6768,71024,4837976,68.3,68.7,67.6,68.7,1.4,61,662
2022-03-17,6768,118002,8238836,69.0,70.5,69.0,70.4,1.7,70,616
2022-03-18,6768,27000,1899600,70.1,70.8,70.0,70.0,-0.4,21,757
2022-03-21,6768,39000,2748100,70.0,70.6,70.0,70.3,0.3,26,730
2022-03-22,6768,169002,11930442,70.3,71.2,70.3,70.3,0.0,86,524
2022-03-23,6768,121000,8517900,70.8,71.0,70.3,70.4,0.1,84,606
2022-03-24,6768,88000,6196200,70.3,70.5,70.2,70.4,0.0,60,632
2022-03-25,6768,166448,11706239,70.5,70.5,70.0,70.3,-0.1,111,548
2022-03-28,6768,96000,6691800,70.2,70.2,69.5,69.7,-0.6,62,627
2022-03-29,6768,87000,6058700,69.7,69.7,69.4,69.5,-0.2,62,625
2022-03-30,6768,158002,10980639,69.5,69.6,69.3,69.5,0.0,112,577
2022-03-31,6768,51288,3566063,69.7,69.7,69.4,69.5,0.0,40,694
2022-04-01,6768,58200,4038168,69.5,69.6,69.1,69.3,-0.2,41,692
2022-04-06,6768,17000,1181500,69.8,69.9,69.3,69.6,0.3,17,852
2022-04-07,6768,131000,9025600,69.6,69.6,68.6,68.6,-1.0,79,643
2022-04-08,6768,20000,1376300,68.8,69.0,68.7,68.9,0.3,13,824
2022-04-11,6768,135001,9277868,69.5,69.5,68.4,68.5,-0.4,70,632
2022-04-12,6768,11010,757783,68.8,68.9,68.5,68.9,0.4,15,872
2022-04-13,6768,183029,12818337,68.9,70.4,68.9,70.2,1.3,98,526
2022-04-14,6768,94000,6609100,70.2,70.7,69.6,70.7,0.5,53,608
2022-04-15,6768,79033,5546231,70.5,70.5,69.8,70.0,-0.7,46,653
2022-04-18,6768,376442,27110880,71.0,74.5,71.0,71.5,1.5,254,435
2022-04-19,6768,84111,6032955,72.3,72.8,71.4,71.5,0.0,64,618
2022-04-20,6768,131060,9409207,71.6,72.1,71.5,71.7,0.2,81,555
2022-04-21,6768,78000,5670600,72.2,73.5,72.2,72.7,1.0,54,634
2022-04-22,6768,91295,6617586,73.0,73.0,72.2,72.6,-0.1,60,616
2022-04-25,6768,173001,12478272,71.1,72.9,71.1,72.5,-0.1,92,603
2022-04-26,6768,199001,14524472,72.1,73.4,72.1,73.3,0.8,93,505
2022-04-27,6768,113000,8152000,72.1,72.8,71.5,72.2,-1.1,71,664
2022-04-28,6768,74001,5307072,72.6,72.6,71.5,72.1,-0.1,46,618
2022-04-29,6768,55030,3969051,71.4,72.5,71.4,72.2,0.1,35,668
2022-05-03,6768,50001,3622972,72.3,72.8,72.3,72.4,0.2,35,657
2022-05-04,6768,319000,23219300,72.7,73.2,72.5,73.0,0.6,117,387
2022-05-05,6768,107062,7839731,73.7,73.8,72.8,73.0,0.0,84,561
2022-05-06,6768,50010,3627127,71.5,73.0,71.5,72.6,-0.4,42,687
2022-05-09,6768,83098,5972080,72.3,72.3,71.3,71.4,-1.2,89,673
2022-05-10,6768,69000,4862000,70.5,71.4,69.8,70.8,-0.6,47,674
2022-05-11,6768,6000,425700,70.8,71.0,70.8,70.9,0.1,5,909
2022-05-12,6768,62059,4339330,70.2,70.4,69.6,70.0,-0.9,53,741
2022-05-13,6768,46015,3243857,71.1,71.1,70.1,71.0,1.0,32,716
2022-05-16,6768,55024,3949425,71.2,72.0,71.2,72.0,1.0,40,676
2022-05-17,6768,40000,2886700,72.6,72.6,71.7,72.0,0.0,25,718
2022-05-18,6768,103001,7452172,71.7,72.6,71.7,72.3,0.3,71,601
2022-05-19,6768,106000,7586000,72.0,72.3,71.2,72.0,-0.3,47,564
2022-05-20,6768,69205,4981708,72.0,72.3,71.8,72.0,0.0,29,605
2022-05-23,6768,37000,2663900,72.0,72.0,71.9,72.0,0.0,19,702
2022-05-24,6768,118020,8476140,72.0,72.0,71.5,71.8,-0.2,46,554
2022-05-25,6768,45000,3234400,72.0,72.0,71.6,71.6,-0.2,23,667
2022-05-26,6768,62020,4445531,71.8,72.0,71.3,71.3,-0.3,40,628
2022-05-27,6768,20000,1437200,72.0,72.0,71.4,72.0,0.7,18,801
2022-05-30,6768,87003,6274815,72.0,72.5,71.9,72.0,0.0,54,617
2022-05-31,6768,58000,4186800,71.9,72.5,71.8,72.5,0.5,32,646
2022-06-01,6768,136020,9956563,72.5,73.8,72.5,73.0,0.5,96,556
2022-06-02,6768,56001,4080171,73.1,73.1,72.7,73.0,0.0,41,650
2022-06-06,6768,60017,4352541,73.0,73.1,72.1,72.9,-0.1,50,646
2022-06-07,6768,42010,3052525,73.0,73.0,72.4,72.8,-0.1,26,702
2022-06-08,6768,1128967,85510923,74.8,76.4,74.1,76.4,3.6,653,249
2022-06-09,6768,5395672,432459427,76.8,82.8,76.6,82.0,5.6,3075,82
2022-06-10,6768,3762642,308142539,81.4,83.9,80.5,80.5,-1.5,2634,110
2022-06-13,6768,1892470,149998770,78.9,82.0,77.0,77.0,-3.5,1519,190
2022-06-14,6768,1116669,86152069,76.5,78.9,75.1,78.9,1.9,853,257
2022-06-15,6768,694454,54624856,78.7,79.5,77.6,78.8,-0.1,521,300
2022-06-16,6768,644305,50268319,79.9,80.0,76.0,76.0,-2.8,497,337
2022-06-17,6768,568222,43249499,76.1,77.5,75.2,75.8,-0.2,361,357
2022-06-20,6768,990563,76795886,76.4,79.8,75.6,76.2,0.4,674,302
2022-06-21,6768,1814587,145134581,77.7,81.5,77.7,80.3,4.1,1165,201
2022-06-22,6768,1505151,121404242,81.4,82.2,78.0,79.0,-1.3,1076,226
2022-06-23,6768,650606,49418286,76.6,77.3,74.5,74.9,0.0,513,322
2022-06-24,6768,368272,27619619,76.0,76.5,73.4,73.4,-1.5,277,396
2022-06-27,6768,259721,19591554,75.1,76.0,74.2,75.1,1.7,210,451
2022-06-28,6768,167592,12547580,75.4,75.6,74.2,74.6,-0.5,174,452
2022-06-29,6768,481857,35160306,74.0,74.3,72.1,73.0,-1.6,481,326
2022-06-30,6768,351122,24944253,73.0,73.0,70.3,70.6,-2.4,278,439
2022-07-01,6768,610987,42541801,70.3,71.6,68.1,68.4,-2.2,431,386
2022-07-04,6768,232311,15947349,68.6,69.3,68.1,68.3,-0.1,187,476
2022-07-05,6768,194533,13653816,71.2,71.2,68.9,71.0,2.7,181,489
2022-07-06,6768,144000,10010000,71.0,71.0,68.9,69.4,-1.6,112,541
2022-07-07,6768,327711,23336500,70.2,72.1,70.2,71.5,2.1,257,393
2022-07-08,6768,321244,23134659,73.4,73.5,71.1,71.3,-0.2,300,415
2022-07-11,6768,471171,32813946,71.3,71.9,68.2,68.9,-2.4,321,348
2022-07-12,6768,195270,13438858,68.4,69.4,68.2,69.1,0.2,157,519
2022-07-13,6768,184616,12762493,69.9,70.1,68.7,68.8,-0.3,162,499
2022-07-14,6768,229012,16081846,68.9,70.8,68.8,70.7,1.9,183,428
2022-07-15,6768,119000,8338200,71.1,71.1,69.5,69.8,-0.9,97,540
2022-07-18,6768,316161,22690884,71.3,72.4,71.2,71.9,2.1,241,399
2022-07-19,6768,100025,7182496,72.3,72.3,71.6,71.8,-0.1,81,539
2022-07-20,6768,284980,20313368,72.6,72.6,70.5,70.5,-1.3,235,438
2022-07-21,6768,210215,14926610,70.6,71.9,70.4,71.4,0.9,135,449
2022-07-22,6768,103101,7366870,71.3,72.0,70.9,71.9,0.5,90,581
2022-07-25,6768,45000,3229200,71.3,72.1,71.3,71.7,-0.2,37,651
2022-07-26,6768,79000,5656100,72.2,72.2,71.2,71.3,-0.4,59,591
2022-07-27,6768,95845,6813738,71.2,71.4,70.8,70.8,-0.5,83,539
2022-07-28,6768,121472,8587616,71.2,71.2,70.5,70.5,-0.3,139,507
2022-07-29,6768,65015,4630872,70.9,72.0,70.7,70.9,0.4,48,614
2022-08-01,6768,159067,11261790,71.0,71.1,70.4,70.4,-0.5,116,506
2022-08-02,6768,127428,8903932,70.4,70.4,69.5,70.4,0.0,197,573
2022-08-03,6768,130207,9060924,69.7,69.8,69.3,69.4,-1.0,109,539
2022-08-04,6768,318704,21785314,69.2,69.2,66.9,68.6,-0.8,235,429
2022-08-05,6768,143218,10073076,68.7,71.4,68.7,71.1,2.5,117,523
2022-08-08,6768,361356,25940932,71.9,73.0,71.1,71.5,0.4,268,383
2022-08-09,6768,255061,18116734,72.0,72.0,70.5,71.2,-0.3,157,436
2022-08-10,6768,973253,71122038,72.0,74.8,71.4,74.0,2.8,621,271
2022-08-11,6768,900075,68189585,74.6,77.3,73.6,75.5,1.5,627,286
2022-08-12,6768,343681,25839071,75.6,76.0,74.5,74.5,-1.0,257,432
2022-08-15,6768,489087,36485853,74.7,75.4,73.7,75.0,0.5,323,395
2022-08-16,6768,119330,8934389,75.3,75.8,74.2,74.3,-0.7,85,583
2022-08-17,6768,202138,14949373,73.8,74.3,73.7,73.8,-0.5,183,528
2022-08-18,6768,359531,26332144,73.3,74.1,72.7,73.8,0.0,215,407
2022-08-19,6768,227808,16871666,74.0,75.0,73.7,73.9,0.1,235,502
2022-08-22,6768,165000,12145900,73.2,74.1,73.1,73.8,-0.1,133,540
2022-08-23,6768,344540,25671953,73.8,75.4,73.8,73.9,0.1,241,402
2022-08-24,6768,266230,19712232,74.1,74.6,73.8,73.8,-0.1,102,459
2022-08-25,6768,861936,65438384,74.0,77.1,73.9,76.7,2.9,601,291
2022-08-26,6768,2606171,210325138,77.4,83.4,76.4,81.5,4.8,1518,159
2022-08-29,6768,1022855,81955473,79.2,81.7,79.1,81.5,0.0,781,254
2022-08-30,6768,1478000,123464504,81.6,85.6,80.7,83.3,1.8,1189,198
2022-08-31,6768,1288587,109584794,83.3,87.0,83.3,85.5,2.2,1010,247
2022-09-01,6768,633833,53474624,84.5,85.5,83.5,85.0,-0.5,737,317
2022-09-02,6768,773854,66399475,86.4,87.4,84.5,84.7,-0.3,655,272
2022-09-05,6768,623487,53631202,85.9,86.9,84.9,85.9,1.2,483,295
2022-09-06,6768,2236389,190379345,89.8,91.0,82.0,83.7,-2.2,1772,175
2022-09-07,6768,1537220,131079133,83.7,87.0,83.7,84.7,1.0,1110,193
2022-09-08,6768,7009878,642519596,88.0,93.1,87.6,93.1,8.4,3666,67
2022-09-12,6768,2756957,257664421,93.7,94.7,92.1,93.1,0.0,2156,133
2022-09-13,6768,3682280,351745745,94.6,99.3,92.6,93.7,0.6,2996,108
2022-09-14,6768,1275723,119962991,91.0,95.9,91.0,95.1,1.4,1562,216
2022-09-15,6768,1369806,128817567,96.0,96.7,92.3,92.8,-2.3,1212,221
2022-09-16,6768,766771,70606864,93.4,93.9,91.0,91.6,-1.2,679,285
2022-09-19,6768,731659,66053059,91.8,92.3,89.3,90.8,-0.8,657,263
2022-09-20,6768,739786,66282818,91.8,91.9,88.7,90.0,-0.8,622,256
2022-09-21,6768,682558,60581719,90.0,90.4,87.9,87.9,-2.1,633,273
2022-09-22,6768,657983,57350623,86.5,88.3,86.0,87.7,-0.2,563,283
2022-09-23,6768,898497,76323244,87.5,88.1,83.1,84.0,-3.7,915,247
2022-09-26,6768,704663,57637918,82.4,83.1,80.8,81.7,-2.3,602,320
2022-09-27,6768,612023,50523308,82.2,83.5,81.2,83.2,1.5,484,293
2022-09-28,6768,1063805,84057743,82.8,82.8,77.7,77.7,-5.5,889,266
2022-09-29,6768,546620,43615372,79.0,80.5,79.0,80.3,2.6,440,308
2022-09-30,6768,635436,49954187,78.5,79.9,76.9,79.6,-0.7,446,283
2022-10-03,6768,615210,47863376,78.1,78.8,77.0,77.6,-2.0,442,264
2022-10-04,6768,537235,42857360,79.2,80.7,78.4,80.3,2.7,395,294
2022-10-05,6768,561524,44422786,81.4,81.4,78.2,78.5,-1.8,432,303
2022-10-06,6768,277973,21831396,78.5,79.1,78.0,78.8,0.3,206,344
2022-10-07,6768,602935,47002497,78.2,80.1,76.4,76.8,-2.0,458,277
2022-10-11,6768,855239,62404522,74.8,74.8,72.3,72.8,-4.0,532,283
2022-10-12,6768,576035,41531460,72.3,73.1,71.3,72.5,-0.3,405,300
2022-10-13,6768,685355,48463350,73.4,73.4,69.5,69.6,-2.9,409,337
2022-10-14,6768,538445,39244146,70.7,73.9,70.7,73.9,4.3,385,312
2022-10-17,6768,645425,47416639,72.5,74.7,72.1,74.7,0.8,487,287
2022-10-18,6768,1454826,111461857,79.0,79.0,75.0,76.6,1.9,1063,197
2022-10-19,6768,1024332,80784434,76.6,80.4,76.6,78.1,1.5,827,228
2022-10-20,6768,1034430,76270795,78.1,78.1,72.1,72.6,-5.5,903,304
2022-10-21,6768,291204,21169541,72.6,73.6,72.1,72.7,0.1,198,379
2022-10-24,6768,292284,21331791,73.6,73.7,72.5,72.8,0.1,239,351
2022-10-25,6768,350493,25246603,72.8,72.9,71.1,71.5,-1.3,221,329
2022-10-26,6768,1587364,112000602,71.2,71.5,70.2,70.2,-1.3,280,178
2022-10-27,6768,130142,9252805,71.3,71.7,70.6,71.7,1.5,108,478
2022-10-28,6768,216310,15250112,71.1,71.8,70.0,70.0,-1.7,176,382
2022-10-31,6768,218051,15405293,70.7,71.5,70.0,70.1,0.1,181,369
2022-11-01,6768,292105,20603211,70.0,71.0,70.0,70.8,0.7,160,348
2022-11-02,6768,180029,12904274,70.8,72.1,70.6,71.9,1.1,146,432
2022-11-03,6768,365308,26643121,71.0,74.5,70.8,74.1,2.2,287,320
2022-11-04,6768,649631,47906289,74.9,74.9,73.1,73.4,-0.7,512,277
2022-11-07,6768,459485,33676385,73.8,73.9,72.6,73.9,0.5,366,335
2022-11-08,6768,1650416,125284739,77.9,77.9,74.1,74.4,0.5,1244,222
2022-11-09,6768,885240,66260683,75.4,76.2,73.8,74.2,-0.2,682,284
2022-11-10,6768,393026,28955732,74.4,74.4,73.1,73.2,-1.0,332,354
2022-11-11,6768,1412270,106217678,74.5,76.3,73.5,76.3,3.1,995,263
2022-11-14,6768,4597003,375308767,78.0,83.9,77.0,83.9,7.6,3094,130
2022-11-15,6768,3214011,270056861,83.8,85.4,82.3,84.1,0.2,2318,152
2022-11-16,6768,1768574,145115846,84.9,84.9,80.9,81.4,-2.7,1333,215
2022-11-17,6768,1252070,103181582,81.9,83.5,81.6,82.2,0.8,964,237
2022-11-18,6768,1967265,161006103,83.2,84.3,79.7,80.2,-2.0,1424,197
2022-11-21,6768,1476852,121348760,81.4,83.5,81.0,81.6,1.4,1059,188
2022-11-22,6768,1330774,109614922,82.7,83.7,80.9,81.1,-0.5,1038,204
2022-11-23,6768,754520,61764129,82.2,82.5,81.2,82.0,0.9,530,257
2022-11-24,6768,1684761,134078118,81.5,82.0,78.3,79.0,-3.0,1259,195
2022-11-25,6768,642390,50464606,79.5,79.8,77.7,78.0,-1.0,537,302
2022-11-28,6768,761155,58799748,77.7,77.9,76.8,77.0,-1.0,572,264
2022-11-29,6768,442746,34207088,77.2,77.6,76.9,77.1,0.1,333,342
2022-11-30,6768,438733,34105318,77.8,78.4,77.4,77.7,0.6,312,385
2022-12-01,6768,1122373,89318453,78.6,80.8,78.3,80.0,2.3,833,315
2022-12-02,6768,782125,63058945,80.5,81.3,79.7,80.9,0.9,691,313
2022-12-05,6768,1200170,98357169,82.0,82.6,81.3,82.0,1.1,886,279
2022-12-06,6768,2038763,167997808,82.3,83.5,81.2,81.7,-0.3,1419,211
2022-12-07,6768,1522494,123863844,82.3,83.2,79.7,79.9,-1.8,1203,242
2022-12-08,6768,1113665,87313064,78.9,79.7,77.8,78.5,-1.4,801,246
2022-12-09,6768,2655834,217714821,79.0,84.0,78.8,81.1,2.6,1703,167
2022-12-12,6768,1438731,112983125,81.5,81.5,77.2,77.2,-3.9,1159,222
2022-12-13,6768,1421647,107770389,77.5,77.8,74.6,75.1,-2.1,1108,243
2022-12-14,6768,883538,66544260,75.5,76.2,74.6,75.6,0.5,623,300
2022-12-15,6768,676679,51840930,75.6,77.3,75.4,77.3,1.7,516,321
2022-12-16,6768,1158545,86930097,75.9,76.1,74.5,74.6,-2.7,903,290
2022-12-19,6768,565073,41774330,74.3,74.5,73.7,74.1,-0.5,350,337
2022-12-20,6768,1013216,73450956,73.9,74.3,71.3,71.5,-2.6,765,301
2022-12-21,6768,434197,31549139,71.9,73.1,71.9,72.7,1.2,317,341
2022-12-22,6768,827328,61011962,73.3,74.7,73.0,73.3,0.6,598,270
2022-12-23,6768,505513,37238512,73.0,74.0,72.3,74.0,0.7,315,313
2022-12-26,6768,3151991,224001232,73.3,74.8,72.0,74.3,0.3,759,93
2022-12-27,6768,1141030,84646833,74.5,75.1,73.4,74.3,0.0,482,194
2022-12-28,6768,1222076,89643790,73.6,75.0,72.8,72.9,-1.4,453,214
2022-12-29,6768,792996,56796827,72.3,72.3,71.0,71.6,-1.3,547,264
2022-12-30,6768,580240,41558327,72.0,72.4,71.0,71.5,-0.1,437,284
2023-01-03,6768,245525,17465270,71.7,71.7,70.7,71.3,-0.2,232,380
2023-01-04,6768,211775,15067369,70.9,71.5,70.9,71.1,-0.2,179,411
2023-01-05,6768,195647,14006982,71.5,71.9,71.3,71.7,0.6,151,435
2023-01-06,6768,352778,25525484,71.5,73.4,71.5,73.0,1.3,229,341
2023-01-09,6768,364257,26463892,72.2,73.1,72.2,72.8,-0.2,297,387
2023-01-10,6768,253644,18487867,72.8,73.3,72.4,72.9,0.1,189,417
2023-01-11,6768,280103,20274958,73.3,73.3,71.9,72.5,-0.4,256,392
2023-01-12,6768,241014,17456229,72.3,73.1,72.1,72.3,-0.2,173,407
2023-01-13,6768,387180,28294955,73.0,73.6,72.3,72.6,0.3,253,329
2023-01-16,6768,117411,8530218,73.1,73.3,72.2,72.5,-0.1,99,494
2023-01-17,6768,105448,7626804,72.4,72.6,72.2,72.3,-0.2,89,507
2023-01-30,6768,507522,36656326,73.1,73.2,71.5,71.6,-0.7,352,372
2023-01-31,6768,557700,40590410,72.5,73.5,72.2,72.7,1.1,469,351
2023-02-01,6768,492221,36157464,72.9,74.0,72.7,74.0,1.3,423,393
2023-02-02,6768,367352,27102819,74.2,74.2,73.5,73.8,-0.2,276,440
2023-02-03,6768,279739,20521147,73.7,73.7,73.0,73.2,-0.6,220,474
2023-02-06,6768,132500,9663980,72.8,73.3,72.6,73.1,-0.1,120,559
2023-02-07,6768,284392,20817226,73.2,73.6,72.8,73.6,0.5,218,431
2023-02-08,6768,277633,20352134,73.4,73.6,73.0,73.4,-0.2,242,452
2023-02-09,6768,236603,17328006,73.3,73.7,73.0,73.0,-0.4,223,455
2023-02-10,6768,280183,20331375,73.2,73.2,72.3,72.3,-0.7,256,455
2023-02-13,6768,227616,16456382,72.3,73.0,71.8,72.1,-0.2,209,471
2023-02-14,6768,215818,15801998,72.5,73.5,72.5,73.3,1.2,196,456
2023-02-15,6768,408542,29645856,73.3,73.5,72.2,72.3,-1.0,345,375
2023-02-16,6768,197250,14381230,72.4,73.3,72.4,73.0,0.7,175,492
2023-02-17,6768,209374,15325512,72.7,73.7,72.5,73.5,0.5,177,475
2023-02-20,6768,176289,12930035,73.3,73.7,72.9,73.3,-0.2,147,573
2023-02-21,6768,299686,21779811,73.3,73.3,72.5,72.6,-0.7,235,472
2023-02-22,6768,466752,33516425,72.2,72.2,71.5,72.0,-0.6,347,417
2023-02-23,6768,480647,34523921,72.4,72.4,71.6,71.7,-0.3,374,424
2023-02-24,6768,365041,26323555,71.8,72.9,71.6,72.4,0.7,286,472
2023-03-01,6768,351362,25684444,72.3,73.6,72.2,73.5,1.1,288,457
2023-03-02,6768,238574,17478019,73.9,73.9,73.0,73.3,-0.2,190,490
2023-03-03,6768,262486,19185540,73.4,73.6,72.7,73.1,-0.2,202,507
2023-03-06,6768,317644,23336149,73.3,73.8,72.7,73.5,0.4,218,513
2023-03-07,6768,404359,29888744,73.8,74.3,73.5,73.9,0.4,278,467
2023-03-08,6768,467721,33978168,73.4,73.4,72.4,72.6,-1.3,358,445
2023-03-09,6768,271524,19718180,73.2,73.2,72.4,72.5,-0.1,192,549
2023-03-10,6768,557008,40197464,72.1,72.9,71.7,72.0,-0.5,376,452
2023-03-13,6768,459498,32844142,72.0,72.0,71.1,71.8,-0.2,316,459
2023-03-14,6768,187146,13363990,72.3,72.3,71.2,71.5,-0.3,172,543
2023-03-15,6768,369443,26361420,71.9,71.9,71.0,71.0,-0.5,261,448
2023-03-16,6768,660498,46313297,70.6,70.7,69.7,70.2,-0.8,495,396
2023-03-17,6768,477770,33334616,70.7,70.7,69.4,69.8,-0.4,451,415
2023-03-20,6768,210546,14638401,69.8,69.8,69.3,69.7,-0.1,194,505
2023-03-21,6768,236667,16466116,70.0,70.0,69.1,69.6,-0.1,215,510
2023-03-22,6768,214055,15057870,69.6,70.8,69.6,70.6,1.0,157,540
2023-03-23,6768,138650,9784160,70.6,71.0,70.0,70.8,0.2,107,595
2023-03-24,6768,106541,7518743,71.0,71.0,70.5,70.5,-0.3,109,660
2023-03-27,6768,101556,7166468,70.9,70.9,70.4,70.6,0.1,100,670
2023-03-28,6768,159002,11171850,70.5,70.5,70.1,70.1,-0.5,142,604
2023-03-29,6768,111832,7840919,70.3,70.4,70.0,70.1,0.0,127,618
2023-03-30,6768,91286,6412202,70.4,70.4,70.1,70.4,0.3,76,640
2023-03-31,6768,63161,4446052,70.5,70.6,70.3,70.4,0.0,54,690
2023-04-06,6768,89279,6277571,70.4,70.5,70.2,70.3,-0.1,88,673
2023-04-07,6768,68147,4800007,70.5,70.7,70.3,70.3,0.0,65,700
2023-04-10,6768,123902,8711658,70.2,70.5,70.0,70.5,0.2,94,625
2023-04-11,6768,286334,20402777,70.9,71.8,70.9,71.4,0.9,199,505
2023-04-12,6768,113492,8086502,71.4,71.4,71.0,71.3,-0.1,108,668
2023-04-13,6768,148551,10592911,71.1,71.5,71.1,71.3,0.0,131,632
2023-04-14,6768,327590,23470373,71.4,71.9,71.3,71.8,0.5,173,499
2023-04-17,6768,322955,23408943,71.8,72.7,71.8,72.6,0.8,224,518
2023-04-18,6768,299346,21822275,72.6,73.4,72.6,72.8,0.2,357,524
2023-04-19,6768,182460,13225679,73.3,73.3,72.1,72.2,-0.6,145,612
2023-04-20,6768,984686,69219992,71.0,71.1,69.7,70.0,-2.2,660,373
2023-04-21,6768,587871,40676645,69.7,70.0,68.7,68.7,-1.3,496,456
2023-04-24,6768,192674,13169513,68.5,69.0,68.0,68.7,0.0,185,538
2023-04-25,6768,328271,22438697,69.3,69.3,68.0,68.2,-0.5,237,520
2023-04-26,6768,85005,5794543,68.2,68.4,68.0,68.4,0.2,64,660
2023-04-27,6768,48513,3344345,68.4,69.5,68.3,69.0,0.6,53,711
2023-04-28,6768,89161,6174832,69.6,69.7,69.0,69.1,0.1,73,637
2023-05-02,6768,107059,7431111,69.5,69.7,69.1,69.7,0.6,62,620
2023-05-03,6768,113887,7928822,69.4,70.0,69.3,69.7,0.0,88,589
2023-05-04,6768,94074,6575551,69.3,70.2,69.3,69.8,0.1,78,636
2023-05-05,6768,116464,8123654,69.6,69.9,69.5,69.9,0.1,89,607
2023-05-08,6768,72399,5067174,70.0,70.3,69.8,69.9,0.0,152,694
2023-05-09,6768,131706,9307157,70.8,71.0,70.2,70.3,0.4,108,605
2023-05-10,6768,136193,9525592,70.0,70.3,69.8,70.3,0.0,100,575
2023-05-11,6768,303219,20881448,69.9,69.9,68.4,68.6,-1.7,253,538
2023-05-12,6768,131175,8962213,68.6,68.6,68.1,68.4,-0.2,116,586
2023-05-15,6768,164999,11235336,68.4,68.4,67.9,68.1,-0.3,149,570
2023-05-16,6768,107100,7387470,68.7,69.6,68.3,69.5,1.4,82,635
2023-05-17,6768,134767,9457017,69.5,70.7,69.5,70.7,1.2,130,646
2023-05-18,6768,64380,4529328,70.1,70.6,70.1,70.2,-0.5,71,743
2023-05-19,6768,73419,5136339,70.2,70.2,69.7,69.7,-0.5,61,697
2023-05-22,6768,77005,5389555,70.6,70.6,69.5,69.7,0.0,62,686
2023-05-23,6768,69220,4836025,69.7,70.1,69.6,70.1,0.4,54,710
2023-05-24,6768,32000,2238700,70.0,70.0,69.8,70.0,-0.1,23,828
2023-05-25,6768,78700,5492241,69.8,70.0,69.6,69.9,-0.1,78,677
2023-05-26,6768,48997,3413915,69.9,69.9,69.4,69.7,-0.2,57,772
2023-05-29,6768,60470,4201647,69.7,69.8,69.2,69.7,0.0,64,740
2023-05-30,6768,80233,5584774,70.2,70.2,69.3,69.8,0.1,77,664
2023-05-31,6768,113834,7983587,69.6,70.7,69.6,70.4,0.6,72,644
2023-06-01,6768,523550,36986771,70.4,71.6,70.0,71.1,0.7,182,411
2023-06-02,6768,98560,7033865,71.9,71.9,71.1,71.4,0.3,81,694
2023-06-05,6768,150499,10731660,71.1,71.8,71.1,71.3,-0.1,89,634
2023-06-06,6768,116862,8351550,71.3,71.8,71.3,71.4,0.1,96,650
2023-06-07,6768,215501,15480850,71.4,72.2,71.4,71.8,0.4,186,576
2023-06-08,6768,123100,8732317,71.4,71.4,70.7,70.9,-0.9,100,648
2023-06-09,6768,181035,12986639,71.1,72.0,70.8,71.8,0.9,155,613
2023-06-12,6768,82257,5902271,72.0,72.0,71.5,71.9,0.1,91,743
2023-06-13,6768,131145,9435160,72.2,72.2,71.7,72.0,0.1,97,663
2023-06-14,6768,119300,8588331,72.3,72.3,71.7,72.0,0.0,166,674
2023-06-15,6768,123619,8899975,72.0,72.2,71.7,72.1,0.1,99,664
2023-06-16,6768,99873,7229236,72.4,72.7,72.2,72.2,0.1,97,716
2023-06-19,6768,142473,10263036,72.2,72.3,71.8,72.2,0.0,109,634
2023-06-20,6768,171462,12313994,71.9,72.2,71.5,71.6,-0.6,139,592
2023-06-21,6768,139288,9957211,71.6,71.8,71.2,71.3,-0.3,115,637
2023-06-26,6768,139760,10009403,71.5,71.9,71.3,71.6,0.3,126,630
2023-06-27,6768,493569,35384059,71.7,72.1,71.2,71.9,0.3,328,455
2023-06-28,6768,519978,35142625,67.5,68.1,67.1,67.8,0.0,341,428
2023-06-29,6768,152395,10342947,68.4,68.4,67.5,68.0,0.2,122,614
2023-06-30,6768,62323,4227048,68.0,68.1,67.5,68.1,0.1,90,723
2023-07-03,6768,147960,10047758,68.1,68.3,67.6,67.8,-0.3,140,656
2023-07-04,6768,121361,8230555,67.9,68.2,67.6,67.7,-0.1,105,683
2023-07-05,6768,199138,13484837,68.1,68.1,67.4,67.7,0.0,144,610
2023-07-06,6768,235659,15863037,67.5,67.9,66.8,67.4,-0.3,182,599
2023-07-07,6768,208409,13879154,67.0,67.2,66.3,67.0,-0.4,167,612
