date,stock_id,Trading_Volume,Trading_money,open,max,min,close,spread,Trading_turnover,Trading_money_rank
2021-03-31,6776,7531870,452257501,49.5,70.0,49.2,69.7,0.0,5600,144
2021-04-01,6776,5328822,375402092,69.5,75.5,63.0,72.2,2.5,4412,154
2021-04-06,6776,2879297,193085163,68.5,70.3,64.9,66.0,-6.2,2651,276
2021-04-07,6776,2342528,150718033,66.0,67.7,62.1,66.8,0.8,2099,320
2021-04-08,6776,1532879,97123726,63.5,65.0,62.2,62.6,-4.2,1422,412
2021-04-09,6776,2689955,153837808,62.6,62.6,56.4,56.4,-6.2,2665,350
2021-04-12,6776,2309772,118151445,53.5,53.7,50.8,50.8,-5.6,2149,411
2021-04-13,6776,2131903,103960690,48.0,51.9,46.4,49.0,-1.8,1797,428
2021-04-14,6776,1186069,56642171,49.0,49.6,45.8,46.95,-2.05,1061,515
2021-04-15,6776,681612,31738841,47.15,47.5,46.15,46.35,-0.6,596,523
2021-04-16,6776,1019579,49666011,46.55,49.9,46.55,49.45,3.1,855,494
2021-04-19,6776,675575,32449422,49.0,49.0,47.5,47.75,-1.7,609,632
2021-04-20,6776,348992,16702035,47.5,48.5,47.0,47.95,0.2,315,704
2021-04-21,6776,375597,17786538,48.0,48.05,47.1,47.2,-0.75,333,690
2021-04-22,6776,607799,28367930,47.75,47.95,46.0,46.05,-1.15,524,698
2021-04-23,6776,501257,22684225,46.0,46.0,45.0,45.45,-0.6,484,630
2021-04-26,6776,325031,14852474,45.45,46.45,45.05,45.7,0.25,308,708
2021-04-27,6776,286262,12952216,45.7,45.7,45.05,45.2,-0.5,270,718
2021-04-28,6776,383745,17431781,45.35,46.4,45.0,45.55,0.35,331,684
2021-04-29,6776,284229,12846975,45.5,45.6,45.0,45.15,-0.4,283,723
2021-05-03,6776,532741,23105279,45.15,45.15,42.05,42.05,-3.1,463,684
2021-05-04,6776,560753,22950129,43.4,43.4,39.6,40.8,-1.25,436,707
2021-05-05,6776,381656,16035333,41.0,42.65,41.0,41.4,0.6,329,642
2021-05-06,6776,274895,11657206,41.65,43.0,41.65,42.6,1.2,231,684
2021-05-07,6776,201696,8801297,43.0,44.3,43.0,43.45,0.85,224,699
2021-05-10,6776,98968,4220821,43.5,43.5,42.4,42.5,-0.95,155,802
2021-05-11,6776,347732,14220865,42.5,42.5,39.95,40.15,-2.35,273,745
2021-05-12,6776,651735,24506055,40.15,40.15,36.15,37.0,-3.15,505,721
2021-05-13,6776,396993,14615313,35.2,39.35,35.0,37.55,0.55,301,712
2021-05-14,6776,161664,6176786,38.95,39.2,37.55,38.25,0.7,146,788
2021-05-17,6776,348206,12388017,35.3,36.85,34.55,34.75,-3.5,237,740
2021-05-18,6776,193010,7009641,35.1,36.95,35.1,36.6,1.85,168,753
2021-05-19,6776,181381,6781995,37.2,38.0,36.7,37.8,1.2,161,707
2021-05-20,6776,287016,11182151,38.6,39.7,38.1,38.8,1.0,234,611
2021-05-21,6776,143379,5575456,39.25,39.4,38.25,38.75,-0.05,141,704
2021-05-24,6776,104505,3990963,38.0,38.9,37.65,38.35,-0.4,94,742
2021-05-25,6776,142275,5500198,38.45,39.0,38.4,38.8,0.45,132,723
2021-05-26,6776,90618,3492496,39.0,39.0,38.1,38.4,-0.4,78,737
2021-05-27,6776,65610,2499280,38.45,38.45,37.9,38.2,-0.2,63,790
2021-05-28,6776,137960,5339740,38.75,39.0,38.3,38.8,0.6,131,718
2021-05-31,6776,145370,5669560,39.0,39.45,38.6,39.05,0.25,138,717
2021-06-01,6776,153318,6016137,39.0,39.45,38.95,39.45,0.4,143,696
2021-06-02,6776,155927,6131024,39.85,39.85,39.0,39.0,-0.45,142,718
2021-06-03,6776,142790,5592698,39.05,39.65,38.85,39.1,0.1,122,708
2021-06-04,6776,582821,24681638,39.6,43.0,39.6,43.0,3.9,377,493
2021-06-07,6776,1985649,92644909,46.8,47.3,44.6,47.3,4.3,1326,326
2021-06-08,6776,1032792,47153687,47.3,47.45,44.65,45.0,-2.3,862,358
2021-06-09,6776,313674,13976300,44.9,45.15,43.75,44.1,-0.9,285,538
2021-06-10,6776,374633,16432992,44.6,45.2,43.05,43.35,-0.75,329,533
2021-06-11,6776,702403,31963210,43.8,47.5,43.05,46.45,3.1,605,433
2021-06-15,6776,1140090,54948982,47.6,49.0,47.6,48.45,2.0,875,368
2021-06-16,6776,661017,31743228,48.6,48.6,47.6,47.6,-0.85,530,455
2021-06-17,6776,247902,11669603,47.7,47.85,46.7,47.25,-0.35,220,574
2021-06-18,6776,325128,15144502,47.75,47.75,46.35,46.4,-0.85,272,570
2021-06-21,6776,463158,20527147,45.35,45.4,43.65,44.0,-2.4,396,558
2021-06-22,6776,179478,7919576,44.45,44.55,44.0,44.0,0.0,156,661
2021-06-23,6776,217186,9794808,44.85,46.0,44.1,44.85,0.85,188,635
2021-06-24,6776,91401,4088644,44.7,45.35,44.3,44.7,-0.15,86,751
2021-06-25,6776,134243,6034265,45.0,45.85,44.65,44.65,-0.05,109,724
2021-06-28,6776,173389,7690537,44.65,44.75,44.1,44.75,0.1,142,704
2021-06-29,6776,138013,6098338,44.85,44.9,44.05,44.1,-0.65,138,732
2021-06-30,6776,225676,9913555,44.15,44.3,43.8,43.85,-0.25,165,666
2021-07-01,6776,145521,6369012,44.0,44.0,43.6,43.8,-0.05,133,747
2021-07-02,6776,89516,3931056,43.5,44.25,43.5,43.7,-0.1,86,776
2021-07-05,6776,280989,12528330,43.7,45.2,43.55,44.95,1.25,239,649
2021-07-06,6776,142986,6356448,45.0,45.6,44.1,44.4,-0.55,132,711
2021-07-07,6776,337995,15057188,45.15,45.15,44.2,44.2,-0.2,246,607
2021-07-08,6776,113789,5052204,44.2,44.7,44.2,44.25,0.05,100,749
2021-07-09,6776,142132,6256328,44.25,44.25,43.8,44.0,-0.25,120,721
2021-07-12,6776,79541,3530747,44.9,44.9,44.2,44.35,0.35,82,813
2021-07-13,6776,215970,9681834,45.2,45.2,44.35,44.35,0.0,162,720
2021-07-14,6776,154044,6739219,44.35,44.35,43.2,43.7,-0.65,136,718
2021-07-15,6776,56410,2490293,44.5,44.55,43.95,44.05,0.35,64,801
2021-07-16,6776,149520,6605733,44.1,44.45,44.0,44.4,0.35,142,694
2021-07-19,6776,120754,5135470,42.4,42.7,42.05,42.5,0.0,95,736
2021-07-20,6776,117206,4914701,42.0,42.65,41.55,41.55,-0.95,113,737
2021-07-21,6776,159603,6520437,41.55,41.9,40.35,40.4,-1.15,156,736
2021-07-22,6776,104180,4242037,40.5,41.05,40.5,40.7,0.3,76,767
2021-07-23,6776,38890,1598309,41.45,41.5,40.9,41.15,0.45,42,844
2021-07-26,6776,50779,2102182,41.15,41.6,41.15,41.4,0.25,45,821
2021-07-27,6776,46833,1930136,41.75,41.75,41.0,41.0,-0.4,50,827
2021-07-28,6776,75440,3022862,41.0,41.0,39.55,40.15,-0.85,88,807
2021-07-29,6776,53800,2159048,40.15,40.25,40.0,40.15,0.0,46,778
2021-07-30,6776,66847,2715517,40.1,41.0,40.1,40.2,0.05,69,770
2021-08-02,6776,52000,2096181,40.5,40.5,40.2,40.5,0.3,50,802
2021-08-03,6776,45350,1856330,40.6,41.2,40.6,40.9,0.4,42,786
2021-08-04,6776,51300,2114200,41.5,41.5,41.0,41.35,0.45,39,787
2021-08-05,6776,44603,1836028,41.35,41.55,41.0,41.1,-0.25,45,807
2021-08-06,6776,86851,3623172,41.55,41.95,41.5,41.7,0.6,93,748
2021-08-09,6776,196960,8358739,42.1,43.0,41.7,42.15,0.45,167,654
2021-08-10,6776,65484,2727095,42.0,42.15,41.5,41.65,-0.5,77,787
2021-08-11,6776,164227,6612863,40.9,41.0,40.0,40.0,-1.65,160,712
2021-08-12,6776,25295,1013600,40.5,40.5,39.9,40.45,0.45,30,845
2021-08-13,6776,72731,2917564,40.6,40.6,39.9,39.9,-0.55,56,775
2021-08-16,6776,92238,3603745,39.9,39.9,38.9,39.0,-0.9,88,783
2021-08-17,6776,80210,3111738,39.0,39.05,38.55,38.6,-0.4,71,761
2021-08-18,6776,55442,2137604,38.6,39.3,38.1,39.3,0.7,53,807
2021-08-19,6776,42140,1631347,39.2,39.2,38.45,38.9,-0.4,44,826
2021-08-20,6776,55761,2135785,39.0,39.0,38.0,38.45,-0.45,52,780
2021-08-23,6776,32455,1271685,38.8,39.5,38.8,39.4,0.95,35,831
2021-08-24,6776,25436,989631,39.4,39.4,38.8,38.9,-0.5,28,824
2021-08-25,6776,140170,5657737,39.8,40.9,39.45,40.05,1.15,112,642
2021-08-26,6776,45487,1843172,40.1,41.0,40.1,40.45,0.4,44,786
2021-08-27,6776,45365,1812945,40.9,40.9,39.5,39.8,-0.65,41,784
2021-08-30,6776,35226,1404565,40.1,40.1,39.6,39.9,0.1,34,802
2021-08-31,6776,16289,650495,40.0,40.2,39.45,39.8,-0.1,20,871
2021-09-01,6776,52547,2109177,40.5,40.85,39.85,40.0,0.2,33,784
2021-09-02,6776,36105,1444192,40.0,40.1,39.95,40.0,0.0,33,803
2021-09-03,6776,98209,3986947,40.05,41.05,40.0,40.6,0.6,83,693
2021-09-06,6776,34084,1379557,41.1,41.1,40.15,40.15,-0.45,37,813
2021-09-07,6776,31935,1276882,40.05,40.1,39.9,39.9,-0.25,32,803
2021-09-08,6776,45515,1798968,40.0,40.0,39.2,39.2,-0.7,48,801
2021-09-09,6776,37487,1457531,39.2,39.2,38.5,39.2,0.0,39,780
2021-09-10,6776,20180,797535,38.85,40.0,38.85,39.95,0.75,19,840
2021-09-13,6776,38295,1509593,39.55,39.55,39.3,39.4,-0.55,39,809
2021-09-14,6776,20365,801054,39.3,39.6,39.25,39.6,0.2,26,839
2021-09-15,6776,24000,949050,39.6,39.7,39.4,39.4,-0.2,24,831
2021-09-16,6776,20100,790599,39.45,39.45,39.15,39.45,0.05,20,837
2021-09-17,6776,20050,790930,39.45,39.45,39.4,39.45,0.0,22,850
2021-09-22,6776,65021,2530410,39.1,39.1,38.75,38.85,-0.6,54,786
2021-09-23,6776,18030,705675,39.0,39.45,39.0,39.35,0.5,13,851
2021-09-24,6776,27360,1077982,39.2,39.5,39.2,39.5,0.15,25,832
2021-09-27,6776,81134,3194867,39.85,39.85,38.95,39.6,0.1,58,736
2021-09-28,6776,10622,418244,39.3,39.65,39.3,39.6,0.0,16,890
2021-09-29,6776,58111,2273513,39.3,39.3,39.05,39.1,-0.5,43,793
2021-09-30,6776,37319,1460787,39.15,39.3,39.1,39.15,0.05,26,813
2021-10-01,6776,173062,6634646,39.0,39.0,38.0,38.0,-1.15,136,691
2021-10-04,6776,62216,2346961,38.3,38.3,37.35,37.4,-0.6,68,803
2021-10-05,6776,57979,2164060,37.05,37.75,37.0,37.6,0.2,53,795
2021-10-06,6776,16430,619905,37.85,37.9,37.6,37.6,0.0,22,873
2021-10-07,6776,83430,3173803,37.95,38.45,37.65,38.3,0.7,67,734
2021-10-08,6776,103971,4082276,39.85,39.85,38.7,38.7,0.4,91,659
2021-10-12,6776,29431,1121753,38.1,38.7,37.95,38.7,0.0,33,840
2021-10-13,6776,25232,962249,38.7,38.7,38.05,38.05,-0.65,31,848
2021-10-14,6776,30100,1144865,38.25,38.25,37.95,38.2,0.15,23,811
2021-10-15,6776,39312,1508540,38.8,38.85,38.15,38.2,0.0,33,809
2021-10-18,6776,23400,893720,38.2,38.3,38.05,38.3,0.1,19,856
2021-10-19,6776,27214,1053585,38.8,38.8,38.55,38.55,0.25,32,852
2021-10-20,6776,27034,1037114,38.55,38.55,38.3,38.35,-0.2,25,825
2021-10-21,6776,28059,1076223,38.4,38.6,38.25,38.25,-0.1,27,829
2021-10-22,6776,43060,1644195,38.1,38.35,38.0,38.35,0.1,35,767
2021-10-25,6776,46407,1772386,38.4,38.4,38.1,38.1,-0.25,48,764
2021-10-26,6776,77350,2967696,38.2,38.7,38.1,38.6,0.5,69,752
2021-10-27,6776,67979,2647057,38.15,40.0,38.15,39.3,0.7,59,732
2021-10-28,6776,29205,1139124,39.55,39.55,38.9,39.0,-0.3,30,818
2021-10-29,6776,30940,1198276,39.5,39.5,38.4,38.65,-0.35,36,832
2021-11-01,6776,463971,18768600,38.95,41.5,38.95,40.0,1.35,404,497
2021-11-02,6776,199186,8116987,40.0,41.45,40.0,40.45,0.45,192,623
2021-11-03,6776,110483,4485087,41.2,41.2,40.0,40.65,0.2,100,683
2021-11-04,6776,79210,3221022,40.9,40.9,40.5,40.55,-0.1,52,734
2021-11-05,6776,79590,3244396,41.2,41.2,40.55,40.65,0.1,63,735
2021-11-08,6776,142406,5816807,40.85,41.0,40.65,40.9,0.25,75,675
2021-11-09,6776,228582,9541201,41.35,42.0,41.2,41.7,0.8,182,602
2021-11-10,6776,84255,3468432,41.95,41.95,40.55,41.15,-0.55,61,752
2021-11-11,6776,93955,3884984,41.15,41.75,40.8,41.05,-0.1,93,741
2021-11-12,6776,62910,2597073,41.05,41.65,41.0,41.05,0.0,58,783
2021-11-15,6776,62853,2573673,41.55,41.55,40.7,40.8,-0.25,70,815
2021-11-16,6776,54054,2209893,40.85,41.0,40.7,40.95,0.15,56,823
2021-11-17,6776,692721,30056120,44.35,44.35,42.4,42.5,1.55,544,457
2021-11-18,6776,292960,12542901,42.85,43.3,42.5,42.7,0.2,208,591
2021-11-19,6776,318432,13828726,42.7,44.0,42.7,43.0,0.3,241,561
2021-11-22,6776,2941163,136973292,46.7,47.3,44.0,44.1,1.1,1784,254
2021-11-23,6776,590902,25834114,43.75,45.2,43.0,43.15,-0.95,485,463
2021-11-24,6776,153204,6649700,43.25,43.75,43.15,43.5,0.35,124,639
2021-11-25,6776,193389,8364153,43.7,43.7,43.05,43.1,-0.4,156,601
2021-11-26,6776,213664,9037447,43.1,43.1,42.0,42.2,-0.9,169,655
2021-11-29,6776,127499,5339396,41.35,42.5,41.35,42.25,0.05,90,712
2021-11-30,6776,185808,8012431,42.5,43.5,42.5,42.9,0.65,165,621
2021-12-01,6776,122025,5230732,42.05,43.35,42.0,43.0,0.1,94,662
2021-12-02,6776,128818,5440584,42.85,42.85,42.0,42.2,-0.8,111,655
2021-12-03,6776,71420,3060230,42.3,43.4,42.2,42.9,0.7,68,719
2021-12-06,6776,54110,2296989,42.5,42.55,42.3,42.45,-0.45,52,761
2021-12-07,6776,128110,5496238,42.85,43.4,42.7,43.0,0.55,103,661
2021-12-08,6776,68139,2928377,43.3,43.6,42.75,42.8,-0.2,58,764
2021-12-09,6776,86500,3699100,43.3,43.3,42.5,42.55,-0.25,71,720
2021-12-10,6776,57526,2435372,42.6,42.6,42.25,42.3,-0.25,48,769
2021-12-13,6776,50053,2144161,43.0,43.2,42.4,42.55,0.25,42,809
2021-12-14,6776,70253,2942959,42.1,42.2,41.75,41.8,-0.75,70,778
2021-12-15,6776,28082,1175066,42.0,42.0,41.7,41.95,0.15,31,838
2021-12-16,6776,74468,3150507,42.0,42.85,42.0,42.1,0.15,74,738
2021-12-17,6776,50707,2123218,42.1,42.1,41.6,41.75,-0.35,57,791
2021-12-20,6776,35156,1461295,42.0,42.0,41.45,41.9,0.15,26,834
2021-12-21,6776,37001,1539092,41.9,41.9,41.45,41.7,-0.2,30,814
2021-12-22,6776,65114,2719138,41.9,42.0,41.6,41.7,0.0,50,742
2021-12-23,6776,40225,1687800,42.0,42.05,41.9,41.95,0.25,34,816
2021-12-24,6776,77007,3234043,42.0,42.05,41.9,42.05,0.1,61,742
2021-12-27,6776,135228,5766948,42.1,43.05,42.1,42.85,0.8,109,683
2021-12-28,6776,253762,10983440,43.0,43.55,43.0,43.55,0.7,202,594
2021-12-29,6776,181103,7883105,43.85,43.85,43.3,43.45,-0.1,120,641
2021-12-30,6776,135673,5915440,43.8,43.8,43.4,43.6,0.15,98,683
2022-01-03,6776,105237,4589629,43.6,43.75,43.45,43.7,0.1,102,731
2022-01-04,6776,138868,6085831,43.85,43.9,43.75,43.8,0.1,98,676
2022-01-05,6776,157904,6964144,43.8,44.5,43.7,43.9,0.1,152,660
2022-01-06,6776,87759,3812717,44.1,44.1,43.1,43.2,-0.7,107,722
2022-01-07,6776,99155,4232965,43.15,43.15,42.5,42.75,-0.45,75,756
2022-01-10,6776,44670,1900139,42.7,42.7,42.4,42.45,-0.3,51,806
2022-01-11,6776,135279,5669801,42.25,42.25,41.8,41.85,-0.6,115,704
2022-01-12,6776,36692,1532824,42.0,42.0,41.65,41.8,-0.05,45,831
2022-01-13,6776,53194,2226047,41.8,42.1,41.65,42.0,0.2,38,776
2022-01-14,6776,45774,1912433,42.0,42.0,41.7,41.75,-0.25,39,815
2022-01-17,6776,23303,971213,41.75,41.75,41.55,41.75,0.0,26,855
2022-01-18,6776,14520,607606,41.95,42.0,41.8,41.9,0.15,22,884
2022-01-19,6776,37227,1566007,42.5,42.5,41.8,41.9,0.0,36,803
2022-01-20,6776,44100,1839309,41.65,41.9,41.6,41.75,-0.15,43,766
2022-01-21,6776,95640,3934090,41.6,41.6,40.75,40.75,-1.0,108,737
2022-01-24,6776,42214,1707662,40.25,40.6,40.2,40.6,-0.15,43,833
2022-01-25,6776,50703,2045082,40.6,40.6,40.1,40.2,-0.4,48,822
2022-01-26,6776,70827,2844856,40.2,40.35,40.05,40.15,-0.05,70,736
2022-02-07,6776,38105,1543151,40.5,40.8,40.2,40.55,0.4,34,819
2022-02-08,6776,37363,1534041,40.7,41.45,40.7,41.45,0.9,33,813
2022-02-09,6776,37130,1546152,41.45,42.1,41.4,41.75,0.3,33,831
2022-02-10,6776,26570,1109789,41.95,42.0,41.6,41.6,-0.15,24,843
2022-02-11,6776,56120,2354873,41.65,42.15,41.65,41.75,0.15,62,763
2022-02-14,6776,41240,1710579,41.75,41.75,41.35,41.5,-0.25,50,810
2022-02-15,6776,55075,2298730,41.5,41.9,41.5,41.7,0.2,29,771
2022-02-16,6776,46750,1958328,41.7,42.0,41.7,41.8,0.1,36,803
2022-02-17,6776,47241,1976873,41.85,41.9,41.8,41.9,0.1,36,800
2022-02-18,6776,10012,417902,41.65,41.9,41.65,41.7,-0.2,10,902
2022-02-21,6776,15908,664752,41.65,42.1,41.6,41.8,0.1,33,883
2022-02-22,6776,65451,2706264,41.55,41.75,41.25,41.3,-0.5,55,789
2022-02-23,6776,42000,1739500,41.3,41.65,41.2,41.5,0.2,30,773
2022-02-24,6776,67130,2759869,41.45,41.45,40.75,40.75,-0.75,50,823
2022-02-25,6776,27075,1109708,41.3,41.3,40.85,40.85,0.1,29,853
2022-03-01,6776,96202,3983651,40.9,41.6,40.9,41.6,0.75,53,710
2022-03-02,6776,40283,1674287,41.6,41.7,41.4,41.65,0.05,33,782
2022-03-03,6776,46040,1919859,41.8,41.9,41.5,41.5,-0.15,42,773
2022-03-04,6776,25012,1035595,41.55,41.55,41.25,41.45,-0.05,25,859
2022-03-07,6776,54351,2208920,41.0,41.2,40.0,40.5,-0.95,56,852
2022-03-08,6776,81256,3278906,40.5,40.75,40.0,40.3,-0.2,57,793
2022-03-09,6776,34160,1383405,40.1,40.6,40.1,40.55,0.25,25,822
2022-03-10,6776,45060,1849597,41.0,41.3,40.9,41.05,0.5,37,794
2022-03-11,6776,37000,1512350,41.05,41.05,40.8,40.95,-0.1,27,792
2022-03-14,6776,30544,1248666,41.0,41.0,40.8,40.95,0.0,27,816
2022-03-15,6776,355414,14901006,42.0,42.2,41.55,41.8,0.85,262,508
2022-03-16,6776,88694,3722899,42.0,42.5,41.75,42.0,0.2,86,703
2022-03-17,6776,141039,5942395,42.0,42.4,41.95,42.2,0.2,104,657
2022-03-18,6776,61806,2607782,42.4,42.4,42.0,42.15,-0.05,58,715
2022-03-21,6776,86761,3659142,42.35,42.4,42.05,42.2,0.05,82,693
2022-03-22,6776,205002,8760158,42.3,43.0,42.3,43.0,0.8,161,563
2022-03-23,6776,148593,6417735,43.5,43.6,42.95,43.1,0.1,130,652
2022-03-24,6776,110230,4740803,42.9,43.2,42.85,43.15,0.05,93,667
2022-03-25,6776,79355,3412163,43.2,43.2,42.9,43.0,-0.15,68,718
2022-03-28,6776,71197,3051971,43.0,43.05,42.8,42.8,-0.2,55,738
2022-03-29,6776,52742,2262914,43.0,43.2,42.75,42.8,0.0,45,755
2022-03-30,6776,59915,2571273,43.0,43.1,42.8,43.0,0.2,63,772
2022-03-31,6776,51207,2193516,43.0,43.0,42.7,42.95,-0.05,35,755
2022-04-01,6776,101084,4310392,43.1,43.1,42.5,42.6,-0.35,84,679
2022-04-06,6776,75671,3230098,42.55,42.9,42.5,42.85,0.25,72,724
2022-04-07,6776,253914,11076811,42.85,44.25,42.85,43.65,0.8,219,614
2022-04-08,6776,181264,7984159,43.9,44.45,43.8,43.8,0.15,168,602
2022-04-11,6776,116277,5039538,44.15,44.15,43.0,43.0,-0.8,93,723
2022-04-12,6776,71170,3052446,42.9,43.15,42.65,42.65,-0.35,49,734
2022-04-13,6776,80416,3460208,42.8,43.3,42.8,43.3,0.65,65,744
2022-04-14,6776,47410,2038771,43.0,43.2,42.9,43.1,-0.2,42,775
2022-04-15,6776,45205,1944607,43.1,43.1,42.8,43.0,-0.1,38,782
2022-04-18,6776,75328,3233366,43.15,43.15,42.7,42.9,-0.1,78,734
2022-04-19,6776,55499,2392356,43.2,43.25,42.9,43.1,0.2,49,739
2022-04-20,6776,50258,2154134,43.0,43.1,42.7,42.95,-0.15,71,773
2022-04-21,6776,58982,2530260,43.0,43.0,42.8,42.9,-0.05,54,738
2022-04-22,6776,41054,1758465,42.9,43.0,42.7,42.7,-0.2,42,793
2022-04-25,6776,62174,2626172,42.4,42.4,42.1,42.15,-0.55,57,790
2022-04-26,6776,19080,806792,42.5,42.5,42.2,42.25,0.1,26,859
2022-04-27,6776,99380,4142240,42.0,42.0,41.5,41.8,-0.45,66,753
2022-04-28,6776,26090,1090238,41.3,42.05,41.3,42.0,0.2,26,823
2022-04-29,6776,24150,1013846,41.6,42.0,41.6,42.0,0.0,22,851
2022-05-03,6776,16282,686294,42.0,42.35,42.0,42.2,0.2,24,866
2022-05-04,6776,38199,1629706,42.75,42.85,42.5,42.6,0.4,32,753
2022-05-05,6776,9718,416256,42.8,42.9,42.8,42.85,0.25,20,894
2022-05-06,6776,142170,5940650,42.5,42.5,40.25,42.1,-0.75,107,607
2022-05-09,6776,41111,1718212,41.65,41.95,41.6,41.7,-0.4,34,828
2022-05-10,6776,50004,2082667,41.0,42.45,40.8,42.0,0.3,46,784
2022-05-11,6776,32072,1353724,42.0,42.5,41.7,42.3,0.3,40,809
2022-05-12,6776,90160,3833659,41.75,43.0,41.6,42.35,0.05,52,753
2022-05-13,6776,54074,2289312,42.1,42.75,42.05,42.35,0.0,40,777
2022-05-16,6776,65924,2796621,42.5,42.7,41.9,42.7,0.35,98,726
2022-05-17,6776,53023,2239839,42.7,42.7,41.95,42.4,-0.3,45,754
2022-05-18,6776,61000,2578200,42.4,42.65,42.0,42.1,-0.3,53,777
2022-05-19,6776,16418,683960,42.0,42.0,41.25,41.7,-0.4,24,880
2022-05-20,6776,14095,590965,41.9,42.0,41.7,42.0,0.3,13,872
2022-05-23,6776,7210,303490,42.05,42.35,42.05,42.05,0.05,11,904
2022-05-24,6776,14050,590206,42.05,42.1,41.9,42.05,0.0,16,875
2022-05-25,6776,12059,506322,42.05,42.1,41.8,41.8,-0.25,11,883
2022-05-26,6776,13520,565790,41.8,42.1,41.8,42.1,0.3,15,878
2022-05-27,6776,19115,808018,42.0,42.35,42.0,42.35,0.25,25,863
2022-05-30,6776,117683,5022473,42.35,43.7,42.35,42.35,0.0,92,654
2022-05-31,6776,25289,1069577,42.35,42.4,42.2,42.3,-0.05,24,813
2022-06-01,6776,51125,2157487,42.3,42.5,42.05,42.25,-0.05,45,790
2022-06-02,6776,33412,1408919,42.1,42.4,42.05,42.2,-0.05,33,801
2022-06-06,6776,26410,1112791,42.2,42.3,42.0,42.3,0.1,23,832
2022-06-07,6776,36250,1530896,42.3,42.35,42.15,42.15,-0.15,35,798
2022-06-08,6776,79201,3345787,42.4,42.5,42.15,42.4,0.25,60,687
2022-06-09,6776,38000,1612050,42.3,42.75,42.2,42.3,-0.1,31,780
2022-06-10,6776,59336,2531188,42.55,42.85,42.5,42.7,0.4,57,734
2022-06-13,6776,90593,3871065,42.8,42.95,42.5,42.7,0.0,82,746
2022-06-14,6776,56131,2387610,42.7,42.7,42.35,42.7,0.0,64,791
2022-06-15,6776,46212,1976931,42.7,42.95,42.55,42.9,0.2,43,820
2022-06-16,6776,79470,3399649,43.2,43.2,42.6,42.6,-0.3,91,737
2022-06-17,6776,40351,1700225,42.45,42.45,41.8,42.4,-0.2,42,828
2022-06-20,6776,47911,2016439,42.3,42.3,42.0,42.05,-0.35,67,816
2022-06-21,6776,17014,719545,42.05,42.55,42.05,42.55,0.5,16,906
2022-06-22,6776,81531,3421903,42.7,42.7,41.6,41.7,-0.85,58,728
2022-06-23,6776,75607,3185521,41.95,43.0,41.6,42.05,0.35,54,747
2022-06-24,6776,169650,7216589,42.45,42.7,42.2,42.25,0.2,44,618
2022-06-27,6776,47101,1994349,42.25,42.65,42.05,42.55,0.3,41,813
2022-06-28,6776,20433,862117,42.15,42.3,42.05,42.3,-0.25,48,831
2022-06-29,6776,97741,4124118,42.15,42.3,42.1,42.3,0.0,36,620
2022-06-30,6776,78010,3241285,42.1,42.1,41.0,41.1,-1.2,104,759
2022-07-01,6776,57187,2331961,41.1,41.1,40.3,40.3,-0.8,65,838
2022-07-04,6776,61098,2478160,40.5,40.9,40.35,40.35,0.05,52,766
2022-07-05,6776,99838,4036424,41.0,41.0,40.2,40.55,0.2,106,687
2022-07-06,6776,70027,2653232,37.5,38.45,37.5,37.5,0.0,78,749
2022-07-07,6776,17137,650350,37.5,38.05,37.5,38.05,0.55,18,879
2022-07-08,6776,36401,1392773,38.05,38.55,38.05,38.15,0.1,37,808
2022-07-11,6776,34849,1333596,38.6,38.6,38.1,38.15,0.0,38,797
2022-07-12,6776,28166,1062154,38.0,38.0,37.5,37.7,-0.45,31,869
2022-07-13,6776,4065,153779,37.9,37.9,37.8,37.8,0.1,8,943
2022-07-14,6776,39366,1485068,37.55,37.95,37.55,37.95,0.15,29,763
2022-07-15,6776,33000,1250550,38.0,38.05,37.8,37.95,0.0,27,802
2022-07-18,6776,17000,647400,37.9,38.2,37.9,38.15,0.2,16,879
2022-07-19,6776,13000,496250,38.2,38.25,38.1,38.25,0.1,11,882
2022-07-20,6776,29079,1114500,38.3,38.4,38.25,38.25,0.0,25,870
2022-07-21,6776,21000,800700,38.3,38.3,38.05,38.25,0.0,13,839
2022-07-22,6776,37500,1444375,38.25,38.6,38.25,38.55,0.3,29,789
2022-07-25,6776,13643,527637,38.5,38.8,38.5,38.75,0.2,23,863
2022-07-26,6776,25163,979253,39.0,39.0,38.6,39.0,0.25,41,846
2022-07-27,6776,12152,472924,38.9,39.0,38.75,38.9,-0.1,13,879
2022-07-28,6776,25056,973933,39.0,39.0,38.55,38.7,-0.2,23,849
2022-07-29,6776,31645,1229287,38.85,39.0,38.65,39.0,0.3,29,797
2022-08-01,6776,56266,2194303,39.0,39.3,38.9,38.9,-0.1,44,734
2022-08-02,6776,27350,1058473,38.7,38.8,38.65,38.8,-0.1,31,838
2022-08-03,6776,38056,1481621,38.8,39.45,38.65,39.3,0.5,44,795
2022-08-04,6776,48595,1897141,39.3,39.5,38.8,39.1,-0.2,49,787
2022-08-05,6776,58197,2271034,38.85,39.15,38.8,39.1,0.0,50,744
2022-08-08,6776,30000,1165300,39.0,39.0,38.55,39.0,-0.1,27,813
2022-08-09,6776,140223,5435285,38.9,39.1,38.6,38.6,-0.4,90,616
2022-08-10,6776,37015,1426935,38.6,38.75,38.45,38.5,-0.1,33,817
2022-08-11,6776,59631,2310034,38.85,39.15,38.4,38.6,0.1,60,801
2022-08-12,6776,56625,2184937,38.75,38.85,38.5,38.8,0.2,65,783
2022-08-15,6776,70626,2724636,38.8,38.9,38.45,38.55,-0.25,64,776
2022-08-16,6776,45922,1770510,38.55,38.7,38.45,38.6,0.05,60,810
2022-08-17,6776,57505,2215209,38.6,38.6,38.4,38.6,0.0,49,807
2022-08-18,6776,95000,3649050,38.6,38.6,38.3,38.4,-0.2,72,707
2022-08-19,6776,165118,6315075,38.45,38.45,38.15,38.25,-0.15,137,657
2022-08-22,6776,31002,1185176,38.15,38.5,38.1,38.4,0.15,30,846
2022-08-23,6776,82717,3180492,38.4,38.6,38.1,38.3,-0.1,69,728
2022-08-24,6776,46284,1771360,38.5,38.5,38.2,38.2,-0.1,45,801
2022-08-25,6776,12087,462341,38.3,38.35,38.2,38.3,0.1,22,931
2022-08-26,6776,27071,1038830,38.3,38.45,38.3,38.35,0.05,28,884
2022-08-29,6776,57345,2195514,38.25,39.25,38.1,38.25,-0.1,73,813
2022-08-30,6776,16060,614999,38.15,38.45,38.15,38.45,0.2,19,913
2022-08-31,6776,20195,775811,38.3,38.5,38.3,38.45,0.0,47,887
2022-09-01,6776,53137,2035007,38.35,38.5,38.15,38.15,-0.3,50,830
2022-09-02,6776,15024,573480,38.2,38.3,38.1,38.2,0.05,16,895
2022-09-05,6776,57551,2185812,38.1,38.15,37.8,38.0,-0.2,51,778
2022-09-06,6776,184862,7030799,38.0,38.6,37.95,37.95,-0.05,44,627
2022-09-07,6776,44436,1681431,37.9,38.0,37.8,37.9,-0.05,46,821
2022-09-08,6776,11078,421132,38.0,38.05,38.0,38.0,0.1,13,891
2022-09-12,6776,37165,1417450,38.2,38.3,37.95,37.95,-0.05,40,828
2022-09-13,6776,59734,2309069,38.0,39.15,38.0,38.85,0.9,51,754
2022-09-14,6776,14184,548618,38.7,38.75,38.55,38.7,-0.15,14,902
2022-09-15,6776,79077,3045197,38.55,38.8,38.45,38.75,0.05,47,719
2022-09-16,6776,56259,2167054,38.75,38.75,38.25,38.5,-0.25,42,761
2022-09-19,6776,30138,1153719,38.5,38.5,38.05,38.2,-0.3,33,851
2022-09-20,6776,10340,394981,38.2,38.35,38.15,38.2,0.0,14,907
2022-09-21,6776,135428,5203295,38.35,38.5,38.2,38.3,0.1,124,650
2022-09-22,6776,147770,5673124,38.3,38.65,38.15,38.45,0.15,128,633
2022-09-23,6776,105668,4064722,38.45,38.55,38.3,38.55,0.1,102,694
2022-09-26,6776,101198,3881439,38.5,38.65,38.15,38.2,-0.35,100,774
2022-09-27,6776,29032,1110578,38.2,38.4,38.15,38.25,0.05,29,836
2022-09-28,6776,139214,5233782,38.2,38.2,37.0,37.35,-0.9,129,737
2022-09-29,6776,43190,1622701,37.35,37.9,37.35,37.65,0.3,52,800
2022-09-30,6776,24783,935043,37.5,37.9,37.45,37.75,0.1,37,849
2022-10-03,6776,27653,1045335,37.25,38.15,37.25,37.95,0.2,66,815
2022-10-04,6776,69051,2620572,38.0,38.0,37.75,37.85,-0.1,50,716
2022-10-05,6776,61491,2332392,37.75,38.0,37.75,37.75,-0.1,52,756
2022-10-06,6776,21183,800879,37.8,37.85,37.8,37.85,0.1,19,820
2022-10-07,6776,24680,928934,37.6,37.8,37.3,37.7,-0.15,31,802
2022-10-11,6776,64098,2394878,37.25,37.6,37.2,37.25,-0.45,41,788
2022-10-12,6776,41505,1540308,37.5,37.5,36.9,37.35,0.1,43,789
2022-10-13,6776,85048,3113461,37.1,37.1,36.0,36.3,-1.05,97,799
2022-10-14,6776,24610,896742,36.35,36.7,36.35,36.5,0.2,38,857
2022-10-17,6776,17402,628972,36.3,36.3,36.0,36.25,-0.25,27,864
2022-10-18,6776,21336,775078,36.25,36.45,36.25,36.45,0.2,23,842
2022-10-19,6776,22385,811877,36.25,36.35,36.2,36.3,-0.15,33,832
2022-10-20,6776,55454,1997990,36.1,36.25,35.8,35.95,-0.35,60,747
2022-10-21,6776,36559,1307646,35.9,35.9,35.7,35.75,-0.2,41,760
2022-10-24,6776,21311,766045,36.0,36.0,35.8,35.85,0.1,28,846
2022-10-25,6776,31759,1127297,35.6,35.65,35.3,35.5,-0.35,41,820
2022-10-26,6776,26562,936324,35.5,35.5,35.2,35.2,-0.3,35,822
2022-10-27,6776,23040,811708,35.05,35.3,35.05,35.25,0.05,23,835
2022-10-28,6776,13400,477629,35.3,35.9,35.3,35.7,0.45,17,852
2022-10-31,6776,25854,919177,35.5,35.85,35.3,35.85,0.15,32,792
2022-11-01,6776,17991,649023,36.0,36.3,35.95,36.3,0.45,28,846
2022-11-02,6776,81221,3012343,36.55,37.4,36.55,37.2,0.9,73,663
2022-11-03,6776,44189,1649827,37.15,37.6,37.0,37.35,0.15,51,720
2022-11-04,6776,16075,602922,37.15,37.8,37.15,37.65,0.3,17,859
2022-11-07,6776,49130,1861217,37.3,38.0,37.3,37.9,0.25,55,770
2022-11-08,6776,21509,814424,37.9,38.0,37.7,37.75,-0.15,25,861
2022-11-09,6776,50360,1910017,38.0,38.0,37.75,37.85,0.1,38,786
2022-11-10,6776,11070,415938,37.6,37.6,37.5,37.5,-0.35,10,885
2022-11-11,6776,71524,2709830,37.7,38.0,37.7,37.95,0.45,44,775
2022-11-14,6776,124462,4732687,37.95,38.25,37.6,38.25,0.3,58,689
2022-11-15,6776,55024,2109929,38.25,38.5,37.6,38.5,0.25,92,798
2022-11-16,6776,25200,962206,38.4,38.45,38.0,38.0,-0.5,23,881
2022-11-17,6776,15199,579304,38.0,38.35,38.0,38.35,0.35,17,880
2022-11-18,6776,21401,824234,38.5,38.6,38.35,38.35,0.0,22,857
2022-11-21,6776,15780,607269,38.35,38.55,38.35,38.5,0.15,24,861
2022-11-22,6776,71417,2773563,38.95,39.0,38.7,38.8,0.3,74,682
2022-11-23,6776,101100,3948056,39.0,39.2,38.85,39.05,0.25,76,635
2022-11-24,6776,70371,2750892,39.45,39.45,39.0,39.15,0.1,62,738
2022-11-25,6776,53670,2082544,39.15,39.15,38.65,38.75,-0.4,50,771
2022-11-28,6776,58654,2259128,38.75,38.95,38.3,38.9,0.15,48,724
2022-11-29,6776,17627,683289,39.3,39.3,38.65,38.85,-0.05,29,868
2022-11-30,6776,44893,1755412,38.85,39.2,38.85,39.2,0.35,37,821
2022-12-01,6776,59651,2334536,39.25,39.35,39.0,39.05,-0.15,45,801
2022-12-02,6776,60087,2343799,38.8,39.2,38.8,39.2,0.15,43,772
2022-12-05,6776,75525,2950641,39.3,39.3,38.8,39.2,0.0,64,763
2022-12-06,6776,48215,1884183,39.0,39.2,38.8,39.2,0.0,38,800
2022-12-07,6776,108572,4260923,39.3,39.35,39.0,39.15,-0.05,60,700
2022-12-08,6776,23630,919735,38.95,39.05,38.9,39.05,-0.1,28,836
2022-12-09,6776,19005,741045,39.05,39.05,38.95,38.95,-0.1,19,869
2022-12-12,6776,27553,1069818,38.9,38.9,38.8,38.8,-0.15,20,827
2022-12-13,6776,28006,1084882,38.8,38.8,38.65,38.7,-0.1,27,829
2022-12-14,6776,32010,1248840,39.0,39.05,39.0,39.0,0.3,26,838
2022-12-15,6776,23508,913961,38.95,39.0,38.75,38.8,-0.2,25,852
2022-12-16,6776,32000,1240750,38.75,39.0,38.55,38.9,0.1,27,850
2022-12-19,6776,20247,785680,38.8,39.0,38.7,38.8,-0.1,24,849
2022-12-20,6776,35010,1358236,38.75,39.0,38.65,38.65,-0.15,28,843
2022-12-21,6776,11490,444414,38.7,38.7,38.65,38.65,0.0,13,901
2022-12-22,6776,1030,40168,39.0,39.0,39.0,39.0,0.35,2,957
2022-12-23,6776,3637,141082,38.75,38.75,38.75,38.75,-0.25,9,942
2022-12-26,6776,27113,1047349,38.75,38.75,38.45,38.45,-0.3,29,792
2022-12-27,6776,25304,973056,38.45,38.7,38.3,38.3,-0.15,31,812
2022-12-28,6776,22274,853903,38.35,38.5,38.25,38.25,-0.05,23,850
2022-12-29,6776,15040,583039,38.3,39.0,38.3,39.0,0.75,16,866
2022-12-30,6776,20225,785905,39.0,39.0,38.65,38.9,-0.1,29,831
2023-01-03,6776,10640,413324,38.8,38.9,38.75,38.85,-0.05,18,885
2023-01-04,6776,32294,1257686,38.9,39.0,38.9,38.95,0.1,21,774
2023-01-05,6776,20714,808096,39.05,39.05,38.95,38.95,0.0,23,847
2023-01-06,6776,22534,880787,39.05,39.45,39.0,39.15,0.2,30,831
2023-01-09,6776,54763,2155748,39.15,39.55,39.15,39.5,0.35,54,760
2023-01-10,6776,45535,1805991,39.5,39.95,39.5,39.6,0.1,36,753
2023-01-11,6776,63002,2479280,39.75,39.75,39.1,39.3,-0.3,56,713
2023-01-12,6776,33915,1331876,39.6,39.6,39.15,39.2,-0.1,40,788
2023-01-13,6776,42263,1657831,39.2,39.35,39.05,39.35,0.15,31,768
2023-01-16,6776,46804,1836978,39.2,39.4,39.15,39.2,-0.15,34,748
2023-01-17,6776,27335,1071729,39.2,39.25,39.2,39.25,0.05,28,821
2023-01-30,6776,73065,2882858,39.8,39.8,39.3,39.5,0.25,69,758
2023-01-31,6776,32050,1266276,39.5,39.6,39.45,39.5,0.0,38,817
2023-02-01,6776,52194,2072102,39.65,39.85,39.55,39.8,0.3,40,790
2023-02-02,6776,72103,2881733,39.8,40.15,39.8,39.95,0.15,66,768
2023-02-03,6776,90915,3668133,39.9,40.75,39.8,40.75,0.8,63,719
2023-02-06,6776,162513,6671149,39.9,41.8,39.9,41.1,0.35,133,607
2023-02-07,6776,61632,2542446,41.1,41.6,41.1,41.2,0.1,61,739
2023-02-08,6776,85951,3551124,41.3,41.5,41.2,41.25,0.05,100,720
2023-02-09,6776,71957,2939682,41.0,41.05,40.65,40.9,-0.35,74,718
2023-02-10,6776,23777,965774,40.95,40.95,40.45,40.45,-0.45,39,871
2023-02-13,6776,33396,1345306,40.05,40.45,40.0,40.2,-0.25,48,840
2023-02-14,6776,30102,1213605,40.4,40.65,40.05,40.5,0.3,27,833
2023-02-15,6776,33277,1342610,40.35,40.5,40.25,40.35,-0.15,31,829
2023-02-16,6776,50080,2028009,40.3,40.7,40.25,40.55,0.2,42,795
2023-02-17,6776,49120,1986976,40.45,40.6,40.4,40.45,-0.1,28,790
2023-02-20,6776,75318,3047238,40.45,40.6,40.4,40.45,0.0,55,793
2023-02-21,6776,85666,3512389,40.5,41.65,40.45,41.1,0.65,64,741
2023-02-22,6776,66101,2698635,40.8,40.9,40.7,40.85,-0.25,48,785
2023-02-23,6776,157304,6508362,41.0,41.7,40.9,41.6,0.75,120,679
2023-02-24,6776,345939,14691122,41.65,42.7,41.65,42.5,0.9,269,557
2023-03-01,6776,379064,16362504,43.0,43.45,42.85,43.25,0.75,379,532
2023-03-02,6776,242903,10397415,42.85,43.2,42.45,42.9,-0.35,328,575
2023-03-03,6776,165090,7116222,43.1,43.3,42.85,43.2,0.3,117,667
2023-03-06,6776,223222,9636402,43.15,43.45,42.8,43.3,0.1,158,677
2023-03-07,6776,185525,8062880,43.5,43.75,43.15,43.75,0.45,166,680
2023-03-08,6776,143672,6269566,43.75,43.9,43.45,43.8,0.05,117,713
2023-03-09,6776,109627,4789320,44.0,44.0,43.35,43.5,-0.3,97,771
2023-03-10,6776,270715,11573067,43.4,43.5,42.2,42.45,-1.05,190,661
2023-03-13,6776,119085,5078897,42.5,43.15,42.1,42.8,0.35,117,760
2023-03-14,6776,55511,2383659,42.7,43.1,42.7,43.0,0.2,55,805
2023-03-15,6776,70497,3028329,43.0,43.2,42.7,42.9,-0.1,137,774
2023-03-16,6776,1256515,56843459,43.6,47.0,43.6,45.3,2.4,1103,365
2023-03-17,6776,474750,21517687,45.35,45.95,44.9,45.3,0.0,440,475
2023-03-20,6776,561138,25960913,45.45,46.8,45.1,46.1,0.8,496,423
2023-03-21,6776,3179103,158240556,46.5,50.7,46.4,49.4,3.3,2205,200
2023-03-22,6776,1858996,93733663,49.9,51.8,49.65,50.2,0.8,1378,268
2023-03-23,6776,1441071,73331610,50.2,52.0,49.75,49.75,-0.45,1313,306
2023-03-24,6776,496245,24632294,50.4,50.4,49.3,49.5,-0.25,414,478
2023-03-27,6776,420053,20966146,49.5,50.5,49.5,49.8,0.3,419,502
2023-03-28,6776,417794,21063947,50.2,51.2,49.8,49.9,0.1,502,505
2023-03-29,6776,295052,14772512,50.2,50.9,49.4,50.0,0.1,276,508
2023-03-30,6776,1812224,96630323,50.5,54.9,50.2,54.3,4.3,1473,259
2023-03-31,6776,1109580,58527499,54.3,54.7,51.6,51.6,-2.7,1039,319
2023-04-06,6776,383775,19691745,51.7,52.1,50.5,51.4,-0.2,363,502
2023-04-07,6776,598755,30221947,51.4,51.4,49.7,51.0,-0.4,447,400
2023-04-10,6776,869668,45558388,51.6,53.6,50.9,53.0,2.0,684,370
2023-04-11,6776,767801,40823241,54.1,54.1,52.5,53.5,0.5,598,394
2023-04-12,6776,453848,24253224,53.8,53.9,53.0,53.7,0.2,415,512
2023-04-13,6776,1018482,53681635,53.7,53.9,51.8,51.8,-1.9,787,393
2023-04-14,6776,783529,41810964,52.5,54.0,51.9,53.2,1.4,579,426
2023-04-17,6776,1356999,75189758,53.9,56.6,53.4,56.0,2.8,1158,357
2023-04-18,6776,749322,41199088,55.6,55.7,54.3,54.6,-1.4,906,430
2023-04-19,6776,761604,42130182,54.6,57.0,54.2,54.5,-0.1,633,443
2023-04-20,6776,854350,45289846,54.5,55.0,52.2,52.5,-2.0,635,429
2023-04-21,6776,684308,35449292,52.8,53.0,50.9,51.8,-0.7,390,474
2023-04-24,6776,307597,16045491,51.1,52.9,51.1,52.4,0.6,215,512
2023-04-25,6776,320328,16608350,52.8,53.0,51.3,51.8,-0.6,257,569
2023-04-26,6776,348049,18164983,51.2,52.9,51.0,52.5,0.7,258,491
2023-04-27,6776,108063,5646995,52.2,52.6,51.5,52.5,0.0,209,622
2023-04-28,6776,427672,22763136,52.5,54.1,52.4,53.7,1.2,296,461
2023-05-02,6776,274186,14647757,54.0,54.2,52.8,53.1,-0.6,254,537
2023-05-03,6776,264456,13983349,52.6,53.7,52.4,53.4,0.3,176,515
2023-05-04,6776,603230,32896879,53.8,55.2,53.8,54.1,0.7,466,403
2023-05-05,6776,175363,9366457,54.1,54.5,52.7,53.5,-0.6,164,585
2023-05-08,6776,620770,33931570,53.3,55.7,53.2,54.9,1.4,466,413
2023-05-09,6776,363217,19513101,54.9,55.2,52.7,53.9,-1.0,436,505
2023-05-10,6776,211538,11433032,53.5,54.6,53.4,54.6,0.7,165,547
2023-05-11,6776,448443,24071941,54.6,55.2,52.8,53.5,-1.1,384,505
2023-05-12,6776,310533,16846460,53.0,54.6,53.0,54.1,0.6,219,486
2023-05-15,6776,456395,25160138,54.5,56.0,54.2,54.7,0.6,372,424
2023-05-16,6776,195466,10672832,54.6,55.5,54.0,54.2,-0.5,236,582
2023-05-17,6776,316213,17332831,54.4,55.2,54.3,55.0,0.8,185,550
2023-05-18,6776,847506,47473694,55.6,56.9,54.6,56.2,1.2,584,364
2023-05-19,6776,623980,34327816,56.9,56.9,54.3,54.4,-1.8,501,404
2023-05-22,6776,278329,15092240,54.4,54.8,53.6,54.8,0.4,233,525
2023-05-23,6776,1173589,67156799,55.3,58.3,54.6,58.0,3.2,883,311
2023-05-24,6776,886005,50440702,58.3,58.4,56.1,57.3,-0.7,802,350
2023-05-25,6776,375355,21073725,57.5,57.7,55.7,55.7,-1.6,319,487
2023-05-26,6776,413978,22800071,56.1,56.1,54.7,54.8,-0.9,322,508
2023-05-29,6776,244439,13648911,54.9,56.4,54.8,56.3,1.5,177,562
2023-05-30,6776,172771,9631793,55.4,56.3,55.4,55.7,-0.6,156,588
2023-05-31,6776,125951,7067711,55.7,56.5,55.7,56.2,0.5,134,661
2023-06-01,6776,202985,11451910,55.8,56.8,55.8,56.5,0.3,201,585
2023-06-02,6776,566563,32591496,56.5,58.1,56.5,57.1,0.6,507,465
2023-06-05,6776,430759,24851984,57.3,58.3,57.1,57.6,0.5,339,523
2023-06-06,6776,226566,12784637,57.5,57.5,55.8,56.6,-1.0,188,595
2023-06-07,6776,2117099,131531135,62.2,62.2,61.0,62.2,5.6,1056,287
2023-06-08,6776,4557856,296365592,64.9,68.0,61.2,67.0,4.8,3285,192
2023-06-09,6776,2222922,150628812,67.5,68.6,66.5,68.2,1.2,1821,273
2023-06-12,6776,2818804,188402963,69.1,70.4,63.6,66.8,-1.4,2255,234
2023-06-13,6776,1179006,79378732,68.3,68.9,66.1,67.2,0.4,933,352
2023-06-14,6776,2488934,168374699,67.9,70.2,64.9,65.6,-1.6,1904,260
2023-06-15,6776,618529,40558121,65.6,66.4,65.1,65.2,-0.4,647,428
2023-06-16,6776,619053,40233033,65.2,65.9,64.3,65.3,0.1,561,461
2023-06-19,6776,366097,23934045,65.3,65.9,64.3,65.7,0.4,300,510
2023-06-20,6776,1054237,66794639,65.7,65.7,62.4,62.8,-2.9,830,368
