date,stock_id,Trading_Volume,Trading_money,open,max,min,close,spread,Trading_turnover,Trading_money_rank
2022-11-28,6782,2656663,671264804,245.5,268.0,235.0,260.0,0.0,2324,61
2022-11-29,6782,1409102,382403105,260.0,284.0,257.5,273.5,13.5,1333,111
2022-11-30,6782,1319917,370913008,275.0,287.5,270.5,275.5,2.0,1376,146
2022-12-01,6782,691445,191295450,280.0,283.0,268.0,276.0,0.5,747,212
2022-12-02,6782,1919885,562951429,277.0,305.0,277.0,300.0,24.0,1845,88
2022-12-05,6782,2247839,708512232,309.5,330.0,292.5,329.5,29.5,2205,73
2022-12-06,6782,1500142,490246568,324.0,339.0,315.0,337.5,8.0,1616,100
2022-12-07,6782,1239161,411452598,331.0,339.0,320.0,336.5,-1.0,1329,126
2022-12-08,6782,1052798,337724146,334.0,334.0,310.0,318.5,-18.0,1199,122
2022-12-09,6782,1782325,577624783,315.5,335.5,303.0,331.0,12.5,1798,69
2022-12-12,6782,1753522,597716789,336.0,349.5,327.5,345.0,14.0,1877,61
2022-12-13,6782,1569823,549574342,340.0,358.5,338.0,351.0,6.0,1651,76
2022-12-14,6782,734025,255416191,349.5,355.0,342.0,348.0,-3.0,895,147
2022-12-15,6782,1019288,359444380,350.0,358.5,345.5,349.0,1.0,1195,100
2022-12-16,6782,775142,262205171,340.0,348.0,329.0,331.5,-17.5,966,165
2022-12-19,6782,544575,179090098,329.0,338.0,318.0,333.0,1.5,598,172
2022-12-20,6782,1314899,408484165,328.0,332.5,300.0,308.0,-25.0,1346,116
2022-12-21,6782,617984,192237136,308.5,317.0,303.0,310.0,2.0,626,157
2022-12-22,6782,1732101,504170043,312.5,312.5,279.0,300.0,-10.0,1644,98
2022-12-23,6782,646654,186362794,288.5,293.0,283.0,290.0,-10.0,781,132
2022-12-26,6782,391724,112324943,288.0,292.0,282.0,286.0,-4.0,444,154
2022-12-27,6782,779036,231607800,289.5,306.0,283.0,301.0,15.0,884,100
2022-12-28,6782,484969,144709798,296.0,304.5,293.0,295.5,-5.5,578,165
2022-12-29,6782,358096,105109920,293.5,299.5,285.5,299.0,3.5,406,189
2022-12-30,6782,644182,186563073,299.5,300.0,284.0,284.5,-14.5,842,133
2023-01-03,6782,609486,180364581,285.0,302.5,283.0,299.0,14.5,707,137
2023-01-04,6782,607311,186355299,298.0,313.0,296.5,307.0,8.0,779,127
2023-01-05,6782,255384,77719071,307.0,308.0,301.0,302.0,-5.0,362,233
2023-01-06,6782,396847,117598557,302.0,302.0,294.0,294.0,-8.0,510,173
2023-01-09,6782,642918,189624238,297.5,304.5,288.0,303.0,9.0,636,174
2023-01-10,6782,293042,86852584,296.0,299.0,294.0,295.5,-7.5,342,223
2023-01-11,6782,412672,119911457,295.0,297.5,287.0,288.5,-7.0,538,190
2023-01-12,6782,263698,76229620,289.0,293.0,285.0,290.5,2.0,305,227
2023-01-13,6782,332422,98153630,290.5,300.0,288.0,293.5,3.0,405,199
2023-01-16,6782,1370251,431229646,296.5,322.5,294.0,322.0,28.5,1691,65
2023-01-17,6782,1238757,409216818,321.0,342.0,317.5,333.0,11.0,1630,70
2023-01-30,6782,960638,316397080,340.0,340.0,321.0,329.5,-3.5,1063,152
2023-01-31,6782,902637,305063533,327.0,343.0,325.0,341.0,11.5,1108,156
2023-02-01,6782,573890,195073239,338.0,345.0,337.0,339.5,-1.5,728,186
2023-02-02,6782,619307,205378653,340.0,340.0,326.5,333.0,-6.5,895,194
2023-02-03,6782,535121,174062799,330.0,334.0,319.0,321.0,-12.0,858,188
2023-02-06,6782,720925,241591395,323.0,341.0,321.0,336.5,15.5,954,141
2023-02-07,6782,891627,304002828,339.5,347.5,336.5,339.0,2.5,1139,116
2023-02-08,6782,579608,197707601,339.0,347.5,336.5,341.5,2.5,766,162
2023-02-09,6782,496563,168982424,337.0,345.5,335.0,340.0,-1.5,610,173
2023-02-10,6782,1527690,540269644,348.0,360.5,341.5,353.0,13.0,1808,73
2023-02-13,6782,928499,316761212,351.0,351.0,333.0,334.5,-18.5,1335,110
2023-02-14,6782,721135,238630710,331.5,338.5,326.0,327.5,-7.0,899,130
2023-02-15,6782,652673,217440531,333.0,338.0,327.0,335.5,8.0,781,150
2023-02-16,6782,609583,207510340,332.0,345.0,332.0,343.5,8.0,700,169
2023-02-17,6782,470194,159730894,341.0,344.0,335.5,343.5,0.0,552,178
2023-02-20,6782,1763737,644584135,345.0,377.5,344.5,377.5,34.0,1974,69
2023-02-21,6782,1109553,420335047,377.0,387.5,368.5,383.5,6.0,1409,96
2023-02-22,6782,754326,283468386,375.0,382.0,367.5,375.0,-8.5,1084,138
2023-02-23,6782,911159,346036519,370.5,388.5,370.5,383.0,8.0,1087,122
2023-02-24,6782,1906331,706408637,382.0,382.0,353.0,375.0,-8.0,1739,88
2023-03-01,6782,920915,329524336,369.0,369.0,353.0,356.5,-18.5,1434,144
2023-03-02,6782,921754,327149332,352.0,366.5,344.0,353.0,-3.5,1193,120
2023-03-03,6782,545925,191149468,355.0,355.5,346.5,348.0,-5.0,757,177
2023-03-06,6782,806340,276968849,347.0,349.5,335.0,343.0,-5.0,958,152
2023-03-07,6782,619165,215844812,347.0,352.0,343.0,350.5,7.5,692,181
2023-03-08,6782,666117,227729312,343.0,346.0,335.5,343.5,-7.0,918,187
2023-03-09,6782,1377267,457870659,335.5,339.5,329.5,330.5,-13.0,1707,120
2023-03-10,6782,1573407,485444900,326.5,326.5,299.0,302.5,-28.0,2197,114
2023-03-13,6782,2005863,559329034,298.0,300.0,272.5,279.0,-23.5,2462,92
2023-03-14,6782,1585880,423892380,274.0,278.5,264.0,265.0,-14.0,2141,113
2023-03-15,6782,1071815,291058915,270.5,279.0,265.0,272.0,7.0,1332,147
2023-03-16,6782,1377328,355164131,267.0,269.0,251.0,258.0,-14.0,1845,131
2023-03-17,6782,439619,114699925,260.0,266.5,255.5,261.0,3.0,690,261
2023-03-20,6782,1061358,272203204,250.0,267.5,246.0,262.5,1.5,1305,137
2023-03-21,6782,1180996,315295375,265.0,274.5,258.0,267.0,4.5,1214,131
2023-03-22,6782,1176341,325299082,272.0,282.0,266.5,280.5,13.5,1410,140
2023-03-23,6782,743728,206953484,277.0,282.5,275.0,277.5,-3.0,824,189
2023-03-24,6782,453994,125703466,278.0,280.5,272.0,278.0,0.5,653,259
2023-03-27,6782,628014,177730528,278.0,287.0,274.5,284.0,6.0,1026,206
2023-03-28,6782,773632,213633157,280.0,282.0,270.5,270.5,-13.5,1044,182
2023-03-29,6782,364482,98688378,268.5,274.5,268.5,271.0,0.5,651,260
2023-03-30,6782,421668,112536493,273.5,275.5,261.0,264.0,-7.0,935,244
2023-03-31,6782,202138,53667538,264.5,267.5,261.5,267.5,3.5,354,333
2023-04-06,6782,324472,87355852,265.5,274.0,264.0,270.0,2.5,610,278
2023-04-07,6782,947151,265232263,273.5,284.0,273.5,279.5,9.5,1175,134
2023-04-10,6782,492238,136770542,281.5,281.5,273.0,277.5,-2.0,609,199
2023-04-11,6782,768086,216986952,279.0,286.0,275.5,281.0,3.5,835,186
2023-04-12,6782,1533313,449727043,281.0,301.0,280.0,299.0,18.0,1803,108
2023-04-13,6782,2866184,868974085,304.0,313.5,289.5,289.5,-9.5,2913,71
2023-04-14,6782,2361896,721507855,298.0,311.0,296.5,306.0,16.5,2453,79
2023-04-17,6782,2680627,870747044,309.0,335.5,309.0,327.5,21.5,2973,61
2023-04-18,6782,1759610,572532567,329.0,335.0,317.0,319.5,-8.0,2229,97
2023-04-19,6782,1900320,628746609,326.5,335.0,325.5,328.0,8.5,2178,103
2023-04-20,6782,2249902,714963332,332.0,338.5,302.5,303.0,-25.0,2845,75
2023-04-21,6782,1147344,340130833,306.5,307.5,290.0,291.5,-11.5,1493,161
2023-04-24,6782,483824,142125536,291.0,299.0,290.5,291.0,-0.5,601,206
2023-04-25,6782,681470,193742505,294.5,294.5,278.0,281.5,-9.5,1014,212
2023-04-26,6782,616360,172372291,284.5,284.5,274.0,282.0,0.5,854,202
2023-04-27,6782,260643,73186853,281.0,283.0,276.5,281.5,-0.5,391,279
2023-04-28,6782,607329,175637428,286.0,293.5,285.0,293.0,11.5,753,199
2023-05-02,6782,357755,103671137,292.0,294.0,286.0,291.0,-2.0,550,261
2023-05-03,6782,1373899,417211857,288.0,315.0,286.0,302.0,11.0,1491,97
2023-05-04,6782,453965,135756123,299.0,303.0,295.5,299.0,-3.0,638,235
2023-05-05,6782,270181,80320549,302.5,302.5,295.0,295.0,-4.0,462,289
2023-05-08,6782,216327,63798794,297.0,299.5,291.5,291.5,-3.5,377,329
2023-05-09,6782,312522,90725345,291.5,293.5,287.5,291.5,0.0,622,286
2023-05-10,6782,649266,184994688,292.0,297.5,279.5,279.5,-12.0,1031,178
2023-05-11,6782,2155940,562608079,276.0,276.0,252.0,252.0,-27.5,2825,82
2023-05-12,6782,2487765,582382401,248.0,250.5,228.0,235.0,-17.0,3147,81
2023-05-15,6782,1644502,365252244,232.5,233.5,215.5,218.5,-16.5,2249,95
2023-05-16,6782,1320431,289393237,219.5,225.0,214.5,223.0,4.5,1488,136
2023-05-17,6782,816257,184964684,221.0,230.5,219.0,229.5,6.5,1053,210
2023-05-18,6782,459479,105053165,232.0,232.0,226.0,228.0,-1.5,649,270
2023-05-19,6782,830324,184969606,228.5,229.0,220.5,220.5,-7.5,1140,214
2023-05-22,6782,467229,103702013,217.0,227.0,217.0,222.0,1.5,581,264
2023-05-23,6782,519037,116915614,222.0,228.0,220.5,225.0,3.0,647,260
2023-05-24,6782,590633,130400413,225.0,225.0,218.5,222.0,-3.0,831,249
2023-05-25,6782,403119,88241571,220.5,222.5,217.0,218.5,-3.5,628,289
2023-05-26,6782,329734,72477774,219.0,222.0,218.5,219.0,0.5,413,327
2023-05-29,6782,780614,177503302,219.5,231.5,219.5,230.0,11.0,906,214
2023-05-30,6782,1259512,276900432,230.0,230.0,215.0,217.5,-12.5,1815,176
2023-05-31,6782,608531,136315336,218.0,227.5,218.0,225.5,8.0,655,262
2023-06-01,6782,418754,94700856,224.5,230.0,224.0,224.5,-1.0,505,302
2023-06-02,6782,337566,75509212,225.5,226.5,221.5,222.0,-2.5,463,345
2023-06-05,6782,710269,163066750,224.5,232.5,224.5,232.0,10.0,800,249
2023-06-06,6782,315897,72430708,232.0,232.0,226.0,230.5,-1.5,517,349
2023-06-07,6782,291971,66866774,231.0,232.5,227.5,230.0,-0.5,382,371
2023-06-08,6782,291380,66580010,231.0,231.5,225.5,227.5,-2.5,436,382
2023-06-09,6782,539057,119132808,222.0,224.0,216.0,222.5,-5.0,733,303
2023-06-12,6782,197661,43437791,222.5,224.5,219.0,219.0,-3.5,917,426
2023-06-13,6782,327371,71377557,219.0,220.5,217.0,217.5,-1.5,558,366
2023-06-14,6782,235046,51380883,217.0,221.5,217.0,218.5,1.0,338,404
2023-06-15,6782,208644,45847615,218.0,221.5,217.5,221.5,3.0,259,412
2023-06-16,6782,216926,47890240,221.5,224.0,219.0,220.0,-1.5,339,435
2023-06-19,6782,217741,47626571,218.5,220.0,218.0,220.0,0.0,357,414
2023-06-20,6782,92130,20182182,218.5,220.0,218.0,219.5,-0.5,173,521
2023-06-21,6782,144303,31584354,219.5,219.5,218.0,219.0,-0.5,199,467
2023-06-26,6782,149545,32486998,218.0,218.5,216.0,217.0,-2.0,246,460
2023-06-27,6782,602609,134405162,219.5,227.5,219.5,221.5,4.5,682,267
2023-06-28,6782,190690,42412435,224.0,224.0,221.5,222.0,0.5,436,403
2023-06-29,6782,417213,92861412,222.5,228.5,219.5,219.5,-2.5,569,304
2023-06-30,6782,391495,85214025,220.5,221.5,216.0,217.0,-2.5,581,305
2023-07-03,6782,302111,64997356,217.5,217.5,213.5,215.0,-2.0,514,379
2023-07-04,6782,194313,41934867,216.0,217.5,215.0,215.0,0.0,315,446
2023-07-05,6782,208321,45004751,215.0,218.0,214.5,215.0,0.0,285,443
2023-07-06,6782,412403,91219881,214.0,226.0,214.0,220.5,5.5,502,350
2023-07-07,6782,249504,53899567,219.0,219.0,214.0,215.5,-5.0,388,418
