date,stock_id,Trading_Volume,Trading_money,open,max,min,close,spread,Trading_turnover,Trading_money_rank
2022-06-30,6789,5630387,1840498926,334.0,334.5,317.0,334.0,0.0,5565,26
2022-07-01,6789,3156720,982129156,324.5,329.0,294.5,302.0,-32.0,3593,63
2022-07-04,6789,1344568,400463868,298.5,301.0,291.5,297.5,-4.5,1666,104
2022-07-05,6789,1997050,620971443,305.0,325.0,299.0,325.0,27.5,2396,78
2022-07-06,6789,1539826,487836074,323.0,325.5,309.5,314.0,-11.0,1866,96
2022-07-07,6789,1335970,420650668,317.0,319.5,305.0,316.5,2.5,1486,99
2022-07-08,6789,1079529,339033915,318.0,319.5,308.5,313.0,-3.5,1451,128
2022-07-11,6789,1430257,427493695,309.0,310.0,293.0,296.0,-17.0,1853,90
2022-07-12,6789,1926029,533543183,290.5,291.0,267.0,268.0,-28.0,2921,80
2022-07-13,6789,1504931,402460371,275.0,278.0,253.0,265.0,-3.0,1945,109
2022-07-14,6789,1519181,411597590,260.0,281.0,253.5,278.0,0.0,1734,101
2022-07-15,6789,1791526,514489067,276.0,296.0,271.0,292.5,14.5,2284,87
2022-07-18,6789,1195532,351044181,292.5,299.5,290.0,292.5,0.0,2043,130
2022-07-19,6789,578656,168129761,290.5,293.5,287.0,289.0,-3.5,812,172
2022-07-20,6789,1733397,517994490,295.0,307.0,290.5,302.5,13.5,2137,102
2022-07-21,6789,1128075,341752017,302.5,309.0,297.5,307.0,4.5,6716,133
2022-07-22,6789,1159454,355775226,307.0,311.5,301.0,311.5,4.5,1498,134
2022-07-25,6789,2713616,888634517,318.0,339.5,316.0,339.5,28.0,4521,40
2022-07-26,6789,1971884,656794131,332.0,340.0,325.0,340.0,0.5,9070,51
2022-07-27,6789,1158454,390177039,341.5,341.5,332.5,335.5,-4.5,1541,89
2022-07-28,6789,1447701,473244934,338.5,339.0,318.5,320.0,-15.5,5106,84
2022-07-29,6789,785914,255216461,324.0,329.5,321.5,322.5,2.5,1089,149
2022-08-01,6789,858480,271810189,324.5,324.5,312.5,319.5,-3.0,1392,122
2022-08-02,6789,748039,232333119,313.5,314.0,308.0,308.5,-11.0,1146,155
2022-08-03,6789,714999,225006178,314.0,322.0,310.0,312.0,3.5,1010,147
2022-08-04,6789,629710,193697459,310.5,312.5,302.5,309.5,-2.5,1402,162
2022-08-05,6789,1110543,359025904,314.0,328.5,314.0,326.0,16.5,1515,103
2022-08-08,6789,495681,158928118,320.5,324.0,318.0,321.0,-5.0,1983,173
2022-08-09,6789,586233,184598632,316.5,319.5,311.5,313.0,-8.0,895,164
2022-08-10,6789,350270,108891078,311.0,313.5,309.0,311.5,-1.5,553,215
2022-08-11,6789,531353,167141478,316.0,317.5,312.0,313.5,2.0,761,196
2022-08-12,6789,577952,179036580,314.0,314.5,308.5,309.5,-4.0,1024,174
2022-08-15,6789,937233,298849660,313.0,324.5,308.0,322.5,13.0,1177,130
2022-08-16,6789,492097,157060836,322.5,324.0,317.0,318.0,-4.5,1128,197
2022-08-17,6789,414577,130763374,318.0,319.5,313.0,313.5,-4.5,683,220
2022-08-18,6789,627030,200210905,312.0,322.5,311.5,321.0,7.5,889,166
2022-08-19,6789,507091,161932086,323.0,324.0,317.5,317.5,-3.5,727,197
2022-08-22,6789,450648,141175121,315.0,316.5,311.0,311.0,-6.5,837,205
2022-08-23,6789,411981,126474429,310.0,310.0,304.0,306.5,-4.5,672,193
2022-08-24,6789,433343,132547161,309.0,309.0,304.5,304.5,-2.0,583,206
2022-08-25,6789,247963,76203895,306.0,309.5,305.5,307.5,3.0,417,273
2022-08-26,6789,316947,97947783,310.0,311.0,306.5,306.5,-1.0,554,253
2022-08-29,6789,686669,202980755,295.0,297.0,293.0,295.0,-11.5,1233,161
2022-08-30,6789,304937,91571954,296.0,303.0,295.0,300.0,5.0,483,231
2022-08-31,6789,588787,181006763,297.0,312.0,296.5,311.0,11.0,804,169
2022-09-01,6789,572374,173581474,305.0,307.0,300.5,301.5,-9.5,888,180
2022-09-02,6789,424045,129731313,304.0,310.0,301.0,308.0,6.5,619,205
2022-09-05,6789,322608,98299863,308.5,310.0,302.0,302.5,-5.5,561,235
2022-09-06,6789,358514,107459155,304.0,304.5,297.5,298.5,-4.0,818,234
2022-09-07,6789,341189,100448734,299.5,299.5,291.0,294.0,-4.5,755,214
2022-09-08,6789,274673,81562335,298.0,299.0,295.0,297.0,3.0,385,241
2022-09-12,6789,537015,160255208,295.5,302.0,295.0,297.5,0.5,592,186
2022-09-13,6789,604728,178141899,299.5,299.5,292.0,293.0,-4.5,880,174
2022-09-14,6789,391093,112337739,285.5,289.5,283.0,289.0,-4.0,713,219
2022-09-15,6789,276713,80044444,291.0,291.0,288.0,289.0,0.0,424,260
2022-09-16,6789,245623,70628926,289.0,289.0,285.0,288.5,-0.5,397,284
2022-09-19,6789,481668,136181624,288.0,289.0,280.0,281.0,-7.5,761,176
2022-09-20,6789,252313,71220716,283.0,284.5,281.0,281.0,0.0,363,249
2022-09-21,6789,556151,152297543,278.0,279.5,269.0,272.0,-9.0,1051,179
2022-09-22,6789,397923,106929587,268.0,273.5,264.0,272.0,0.0,658,219
2022-09-23,6789,363675,97239409,270.0,273.5,263.5,265.5,-6.5,766,227
2022-09-26,6789,879934,223396330,259.0,260.0,249.0,252.0,-13.5,1264,172
2022-09-27,6789,441206,113814845,253.5,267.0,250.5,266.5,14.5,661,216
2022-09-28,6789,506689,130348923,261.5,265.0,254.0,254.0,-12.5,726,215
2022-09-29,6789,596009,151216905,259.0,263.0,245.0,248.5,-5.5,791,189
2022-09-30,6789,510488,123093493,242.0,245.0,237.0,244.0,-4.5,777,202
2022-10-03,6789,499913,119247972,243.0,243.0,235.0,235.0,-9.0,792,178
2022-10-04,6789,530465,126782857,241.0,242.0,237.0,237.0,2.0,689,192
2022-10-05,6789,967972,233530762,241.0,245.0,236.0,237.5,0.5,1278,154
2022-10-06,6789,907145,210101110,238.5,239.5,227.5,227.5,-10.0,1436,132
2022-10-07,6789,734224,164161290,226.5,226.5,222.0,222.0,-5.5,1072,143
2022-10-11,6789,1122180,230230543,212.0,212.0,201.0,203.5,-18.5,1577,142
2022-10-12,6789,1179463,232801569,205.5,207.0,191.5,191.5,-12.0,1716,120
2022-10-13,6789,1565218,291576240,193.0,193.5,178.5,180.5,-11.0,1898,125
2022-10-14,6789,1473209,273790020,187.5,189.0,182.0,182.0,1.5,1601,123
2022-10-17,6789,1388808,247760233,175.5,182.0,174.0,180.0,-2.0,1333,131
2022-10-18,6789,1466217,260876646,183.0,183.0,173.0,178.5,-1.5,1695,122
2022-10-19,6789,1382200,249819896,179.5,185.5,176.5,176.5,-2.0,1349,135
2022-10-20,6789,987635,173200824,174.5,178.5,171.0,177.5,1.0,1003,188
2022-10-21,6789,944808,165109005,176.0,178.0,172.0,172.0,-5.5,945,152
2022-10-24,6789,1361988,246814396,176.0,188.5,176.0,178.5,6.5,1360,115
2022-10-25,6789,1000478,171423108,178.5,178.5,165.0,166.5,-12.0,1532,144
2022-10-26,6789,755459,126277068,168.0,170.0,164.0,167.0,0.5,768,162
2022-10-27,6789,1057799,180892011,168.5,172.5,167.5,171.5,4.5,1053,150
2022-10-28,6789,1142135,194513904,169.0,172.0,167.0,169.5,-2.0,990,131
2022-10-31,6789,4580090,837253069,175.5,186.0,175.0,180.0,10.5,3487,40
2022-11-01,6789,1462480,260466610,178.0,180.0,176.0,176.0,-4.0,1344,107
2022-11-02,6789,1922981,346023431,178.0,182.5,176.0,180.0,4.0,1515,92
2022-11-03,6789,1044778,187570989,176.5,181.5,176.0,180.0,0.0,939,134
2022-11-04,6789,5406167,1037355238,180.0,198.0,179.5,197.5,17.5,4791,39
2022-11-07,6789,3156829,618175290,197.0,199.0,192.5,195.0,-2.5,2835,72
2022-11-08,6789,4154590,824817744,197.5,206.0,192.0,192.5,-2.5,4276,54
2022-11-09,6789,3142976,623494159,195.5,202.0,194.5,198.0,5.5,3045,64
2022-11-10,6789,3408783,639072715,189.0,193.0,183.0,185.5,-12.5,3538,58
2022-11-11,6789,3327446,639773043,195.0,195.0,190.0,192.0,6.5,2989,94
2022-11-14,6789,3571890,708891661,195.5,204.0,194.0,199.0,7.0,3247,78
2022-11-15,6789,8157012,1764917349,204.0,218.5,203.5,215.5,16.5,5949,28
2022-11-16,6789,4331245,914440641,216.5,217.0,207.0,208.5,-7.0,6293,61
2022-11-17,6789,3421667,736051451,210.0,222.0,206.5,220.5,12.0,3364,66
2022-11-18,6789,4026124,885005792,219.5,227.0,215.0,219.0,-1.5,4902,54
2022-11-21,6789,2718261,585275597,219.5,221.5,210.0,210.5,-8.5,2705,65
2022-11-22,6789,2061820,441845705,210.0,218.5,209.0,212.0,1.5,2066,86
2022-11-23,6789,1510368,324763691,216.5,218.5,212.0,213.0,1.0,1606,109
2022-11-24,6789,1504024,324254461,215.0,218.0,212.5,217.0,4.0,1508,118
2022-11-25,6789,1357862,293372812,218.0,218.5,213.0,216.5,-0.5,1385,127
2022-11-28,6789,797660,171807169,213.5,218.0,213.5,214.5,-2.0,904,170
2022-11-29,6789,980256,211435183,214.0,218.0,212.5,218.0,3.5,1060,170
2022-11-30,6789,7019301,1642342527,219.0,239.5,219.0,239.5,21.5,5258,38
2022-12-01,6789,4591220,1122168237,246.5,254.0,237.5,238.0,-1.5,6428,56
2022-12-02,6789,1420674,337607015,238.0,241.0,234.0,238.0,0.0,1637,129
2022-12-05,6789,2255659,553187585,241.0,250.5,240.0,243.0,5.0,2757,99
2022-12-06,6789,2008453,484667988,243.5,247.5,235.5,238.0,-5.0,2480,104
2022-12-07,6789,1832379,423475419,238.0,238.0,226.0,228.0,-10.0,2148,120
2022-12-08,6789,850218,192992859,231.0,231.0,223.5,226.0,-2.0,998,172
2022-12-09,6789,738051,168142223,229.0,231.5,226.0,226.0,0.0,984,189
2022-12-12,6789,581823,129827769,224.0,225.0,221.0,223.0,-3.0,751,209
2022-12-13,6789,753319,169630594,226.0,229.0,221.0,221.0,-2.0,907,197
2022-12-14,6789,751702,170268273,224.5,228.0,223.0,228.0,7.0,840,191
2022-12-15,6789,425374,96730506,226.5,229.0,225.0,227.0,-1.0,1448,248
2022-12-16,6789,1352939,296261089,221.0,223.0,213.5,215.0,-12.0,1697,156
2022-12-19,6789,501333,106415754,213.5,214.0,211.0,212.0,-3.0,706,226
2022-12-20,6789,1452928,296035695,211.5,214.0,198.0,199.5,-12.5,1926,147
2022-12-21,6789,703320,141051497,203.0,203.5,198.5,199.5,0.0,825,188
2022-12-22,6789,858382,172136515,204.0,206.5,197.5,198.0,-1.5,992,166
2022-12-23,6789,575525,113514312,196.0,202.0,192.0,201.5,3.5,716,179
2022-12-26,6789,226637,45402692,200.5,203.0,198.5,199.5,-2.0,303,259
2022-12-27,6789,226653,45638077,199.5,202.5,199.5,201.0,1.5,294,257
2022-12-28,6789,447800,87424860,200.0,200.0,193.5,193.5,-7.5,822,218
2022-12-29,6789,508925,97322266,190.5,195.0,188.0,193.0,-0.5,609,196
2022-12-30,6789,400629,78152344,196.0,198.0,193.5,193.5,0.5,470,212
2023-01-03,6789,340211,66137703,194.0,196.0,191.0,195.5,2.0,436,218
2023-01-04,6789,397727,78304976,196.0,199.0,195.5,197.0,1.5,494,217
2023-01-05,6789,477459,95583848,199.5,201.5,199.0,199.5,2.5,607,212
2023-01-06,6789,2483118,530659839,199.5,219.0,199.0,219.0,19.5,2792,61
2023-01-09,6789,5933106,1376053468,225.0,240.0,225.0,231.0,12.0,8821,34
2023-01-10,6789,1580719,365401297,233.0,234.5,228.0,228.5,-2.5,3706,105
2023-01-11,6789,1394897,312664340,228.5,230.5,221.0,225.0,-3.5,4193,107
2023-01-12,6789,2691174,613792481,228.0,234.5,221.5,221.5,-3.5,2525,52
2023-01-13,6789,2358398,523192182,228.0,231.0,215.5,216.5,-5.0,3191,60
2023-01-16,6789,766345,168225201,219.5,223.0,216.5,220.0,3.5,818,132
2023-01-17,6789,843417,187173820,222.0,224.0,218.5,221.5,1.5,977,133
2023-01-30,6789,2293662,531729687,230.0,236.5,228.0,231.5,10.0,2460,114
2023-01-31,6789,1636343,382440411,232.0,236.0,230.5,235.5,4.0,2199,133
2023-02-01,6789,1797309,427130121,239.0,243.0,232.5,234.5,-1.0,4390,112
2023-02-02,6789,1333898,316457054,238.0,240.5,234.0,238.0,3.5,1493,149
2023-02-03,6789,3530793,862043119,240.0,251.0,235.5,245.0,7.0,3915,48
2023-02-06,6789,1721966,424179881,245.0,249.0,242.0,248.0,3.0,2122,88
2023-02-07,6789,1275600,313202832,248.0,249.5,242.5,244.5,-3.5,1721,113
2023-02-08,6789,2955734,747540954,247.5,258.0,245.0,253.5,9.0,3129,58
2023-02-09,6789,2498687,642394347,251.5,262.5,251.0,259.5,6.0,2659,59
2023-02-10,6789,2774021,694226689,259.5,262.0,243.5,246.0,-13.5,3557,60
2023-02-13,6789,1431869,345577938,245.0,247.0,239.0,239.0,-7.0,1619,105
2023-02-14,6789,751156,180906172,242.5,243.0,239.0,240.0,1.0,1020,160
2023-02-15,6789,1524727,356105016,235.0,237.5,230.0,234.0,-6.0,2050,108
2023-02-16,6789,1080361,259831810,235.5,244.0,235.5,243.0,9.0,1290,146
2023-02-17,6789,735359,175967489,240.0,241.0,237.0,240.0,-3.0,1056,162
2023-02-20,6789,1417135,342113165,241.5,244.5,239.5,240.5,0.5,1433,115
2023-02-21,6789,1712189,423410237,240.5,252.0,240.5,249.0,8.5,2006,94
2023-02-22,6789,1363959,330409333,244.0,246.0,240.5,241.0,-8.0,1606,125
2023-02-23,6789,1384584,331662106,241.0,242.5,236.0,240.0,-1.0,1709,124
2023-02-24,6789,1337749,316262924,242.0,244.0,232.5,233.0,-7.0,1874,154
2023-03-01,6789,1261672,299192573,233.5,241.5,232.0,240.0,7.0,1359,153
2023-03-02,6789,940772,224023552,237.0,241.0,235.5,238.5,-1.5,1003,161
2023-03-03,6789,1849250,453313628,240.0,250.0,240.0,245.5,7.0,2555,91
2023-03-06,6789,2180156,548206927,248.0,256.0,246.5,250.5,5.0,2476,90
2023-03-07,6789,855116,211709588,251.5,251.5,245.5,246.0,-4.5,1261,182
2023-03-08,6789,928222,226708196,244.5,249.0,242.0,243.0,-3.0,1344,188
2023-03-09,6789,1461376,362670905,246.5,251.5,245.0,246.5,3.5,1899,144
2023-03-10,6789,1679434,403587008,246.0,246.0,235.5,238.0,-8.5,3555,142
2023-03-13,6789,1487343,345189265,235.0,235.5,228.0,234.0,-4.0,1661,133
2023-03-14,6789,1047550,240952413,230.0,232.5,228.0,229.5,-4.5,1729,165
2023-03-15,6789,1405866,321035312,233.0,233.5,224.0,224.5,-5.0,1840,141
2023-03-16,6789,1822163,397650444,221.5,222.5,213.5,215.5,-9.0,2368,120
2023-03-17,6789,4603419,1028846818,219.0,227.5,219.0,223.5,8.0,1784,58
2023-03-20,6789,1597992,363719142,226.0,233.0,220.5,227.5,4.0,2343,108
2023-03-21,6789,957735,219227708,229.5,231.5,226.5,227.5,0.0,1406,171
2023-03-22,6789,1050325,242347992,232.0,233.0,229.0,230.0,2.5,1016,166
2023-03-23,6789,693282,161087824,230.0,234.5,229.5,232.5,2.5,817,203
2023-03-24,6789,842399,196634350,234.0,235.5,231.0,234.0,1.5,891,203
2023-03-27,6789,543929,126061968,234.0,235.5,230.5,231.0,-3.0,663,246
2023-03-28,6789,553022,126147755,232.5,232.5,225.5,227.0,-4.0,749,240
2023-03-29,6789,493705,111966108,229.5,230.5,224.0,225.5,-1.5,563,243
2023-03-30,6789,566453,129003699,228.5,230.0,224.5,229.5,4.0,639,225
2023-03-31,6789,338350,77235154,230.0,230.0,227.0,228.0,-1.5,495,280
2023-04-06,6789,381484,86011330,227.5,228.0,224.0,225.0,-3.0,479,281
2023-04-07,6789,254521,57658037,226.5,228.0,224.5,227.0,2.0,326,311
2023-04-10,6789,697594,161333424,229.0,234.0,228.0,233.0,6.0,827,184
2023-04-11,6789,2137466,513792279,231.0,246.0,231.0,237.0,4.0,2424,95
2023-04-12,6789,2023849,489937352,239.0,246.0,235.0,245.5,8.5,2910,94
2023-04-13,6789,1538680,371690933,243.5,247.0,238.0,243.0,-2.5,4977,135
2023-04-14,6789,3349351,837263522,248.5,255.0,246.0,246.0,3.0,4338,68
2023-04-17,6789,1201496,293304917,246.0,249.0,242.0,243.5,-2.5,3553,162
2023-04-18,6789,1384567,343031821,245.5,251.0,243.0,246.5,3.0,1909,157
2023-04-19,6789,1487623,357754480,247.0,249.0,235.5,238.0,-8.5,6227,151
2023-04-20,6789,1025593,239503231,236.0,237.0,231.5,231.5,-6.5,1670,197
2023-04-21,6789,1054458,242924816,232.5,234.5,227.0,227.0,-4.5,1230,200
2023-04-24,6789,538747,121601053,225.0,229.0,224.0,224.5,-2.5,913,222
2023-04-25,6789,1594005,347084038,225.5,225.5,213.0,215.0,-9.5,2220,157
2023-04-26,6789,640436,137508280,214.0,218.5,211.0,218.5,3.5,759,218
2023-04-27,6789,480047,104404081,217.0,220.5,214.0,216.5,-2.0,557,234
2023-04-28,6789,1272301,276653977,219.0,223.5,215.5,215.5,-1.0,1009,154
2023-05-02,6789,522960,114444673,216.5,221.5,214.5,221.0,5.5,584,256
2023-05-03,6789,376460,83269603,218.5,223.0,218.5,221.0,0.0,479,272
2023-05-04,6789,270528,59658526,220.5,221.5,219.5,220.5,-0.5,422,316
2023-05-05,6789,430456,96232098,221.0,226.5,221.0,222.0,1.5,544,271
2023-05-08,6789,503555,110873516,224.5,225.5,217.5,218.0,-4.0,1285,265
2023-05-09,6789,572830,123168435,219.0,220.0,213.5,213.5,-4.5,846,244
2023-05-10,6789,288614,61580553,213.5,215.5,212.0,214.0,0.5,356,315
2023-05-11,6789,1253604,258507985,211.0,213.0,202.5,203.0,-11.0,1794,156
2023-05-12,6789,485680,99046783,203.0,207.0,200.5,206.5,3.5,604,241
2023-05-15,6789,251008,51253313,205.0,205.0,203.0,204.5,-2.0,363,326
2023-05-16,6789,314996,65442055,205.5,209.0,205.5,208.0,3.5,409,302
2023-05-17,6789,512260,107843777,206.5,214.0,206.5,213.0,5.0,653,261
2023-05-18,6789,706427,150508537,215.0,216.0,210.5,210.5,-2.5,881,227
2023-05-19,6789,605142,127550919,212.0,212.5,209.5,210.0,-0.5,729,252
2023-05-22,6789,402392,85552920,211.0,214.5,210.5,213.0,3.0,484,286
2023-05-23,6789,656368,138419577,214.0,214.0,209.5,210.0,-3.0,817,235
2023-05-24,6789,341169,71950141,209.0,212.5,208.0,212.0,2.0,427,310
2023-05-25,6789,958162,201729981,213.5,215.0,208.0,209.0,-3.0,1090,196
2023-05-26,6789,2634263,572914417,211.5,222.5,211.5,215.0,6.0,2474,100
2023-05-29,6789,2386796,530799846,218.5,228.0,217.0,224.0,9.0,2240,105
2023-05-30,6789,1287357,289943102,226.0,228.5,220.5,228.5,4.5,2285,167
2023-05-31,6789,836579,190180048,228.0,229.5,225.5,228.5,0.0,1955,233
2023-06-01,6789,860619,197005131,228.0,231.5,226.5,228.0,-0.5,1173,209
2023-06-02,6789,2231034,523575081,231.0,238.0,230.0,238.0,10.0,3456,126
2023-06-05,6789,2428794,586768865,240.0,247.0,238.0,238.5,0.5,5412,119
2023-06-06,6789,1310357,306267051,237.5,238.0,230.0,235.0,-3.5,2866,175
2023-06-07,6789,2401807,583691700,235.5,247.0,235.5,242.5,7.5,3005,104
2023-06-08,6789,3151242,780889923,245.5,252.5,244.0,245.0,2.5,7690,84
2023-06-09,6789,7173445,1862403877,252.0,269.5,249.5,269.5,24.5,11005,32
2023-06-12,6789,9403773,2628889145,276.0,286.5,272.5,277.0,7.5,20788,17
2023-06-13,6789,5092711,1392161032,279.5,281.5,268.0,270.0,-7.0,10643,47
2023-06-14,6789,4037733,1095709857,270.0,279.5,264.0,276.5,6.5,5025,61
2023-06-15,6789,2810471,776216275,276.5,280.5,273.5,276.0,-0.5,3135,89
2023-06-16,6789,2589211,709108518,279.5,280.5,268.0,271.5,-4.5,2840,123
2023-06-19,6789,1574312,431992622,272.5,278.5,271.0,271.5,0.0,1717,138
2023-06-20,6789,1189338,324866618,274.5,277.0,269.0,275.0,3.5,1464,165
