date,stock_id,Trading_Volume,Trading_money,open,max,min,close,spread,Trading_turnover,Trading_money_rank
2021-09-29,6790,4395359,246114470,56.0,57.1,55.2,55.8,0.0,3278,188
2021-09-30,6790,2386802,128445503,55.7,55.7,52.8,53.5,-2.3,1971,244
2021-10-01,6790,2036164,106507722,52.5,53.4,51.9,52.7,-0.8,1476,291
2021-10-04,6790,2221248,114743537,53.0,53.0,50.5,52.4,-0.3,1296,258
2021-10-05,6790,1591288,82420039,51.4,52.7,50.4,52.7,0.3,857,276
2021-10-06,6790,497280,25691341,52.5,52.5,51.1,51.1,-1.6,435,406
2021-10-07,6790,723210,36947835,51.1,51.5,50.8,50.9,-0.2,573,373
2021-10-08,6790,650541,32843909,51.0,51.0,50.2,50.2,-0.7,564,363
2021-10-12,6790,764072,37457182,49.95,49.95,48.7,48.75,-1.45,788,361
2021-10-13,6790,696288,33623868,49.0,49.1,47.65,47.65,-1.1,659,368
2021-10-14,6790,298253,14318071,47.9,48.55,47.55,48.4,0.75,386,459
2021-10-15,6790,313011,15299432,49.0,49.3,48.45,48.5,0.1,307,466
2021-10-18,6790,272028,13139629,48.45,48.65,48.0,48.05,-0.45,273,485
2021-10-19,6790,329118,15853364,48.05,48.3,48.05,48.2,0.15,265,483
2021-10-20,6790,327997,15746008,48.2,48.2,47.85,47.9,-0.3,312,459
2021-10-21,6790,246633,11879309,47.9,48.45,47.85,48.2,0.3,247,580
2021-10-22,6790,205649,9907223,48.25,48.35,48.05,48.05,-0.15,183,550
2021-10-25,6790,234417,11262301,48.05,48.25,47.9,48.25,0.2,173,508
2021-10-26,6790,285388,13721727,48.2,48.4,48.0,48.0,-0.25,246,547
2021-10-27,6790,258412,12434612,48.0,48.3,47.95,48.2,0.2,220,524
2021-10-28,6790,323790,15552577,48.05,48.25,47.9,47.95,-0.25,313,492
2021-10-29,6790,228100,10948474,48.0,48.3,47.9,48.3,0.35,179,555
2021-11-01,6790,734508,36245444,48.6,50.8,48.25,49.9,1.6,562,412
2021-11-02,6790,464640,22862416,49.8,49.8,48.7,48.95,-0.95,426,475
2021-11-03,6790,201099,9837466,49.3,49.3,48.75,48.9,-0.05,203,567
2021-11-04,6790,284740,13849398,48.9,49.0,48.45,48.45,-0.45,277,541
2021-11-05,6790,208708,10120592,48.45,48.6,48.35,48.35,-0.1,460,568
2021-11-08,6790,105404,5100523,48.35,48.55,48.2,48.5,0.15,196,689
2021-11-09,6790,177180,8571396,48.5,48.6,48.25,48.25,-0.25,182,617
2021-11-10,6790,130511,6322015,48.3,48.55,48.25,48.55,0.3,123,677
2021-11-11,6790,324091,15552624,48.0,48.25,47.6,48.15,-0.4,307,554
2021-11-12,6790,309883,14966498,48.15,48.55,48.1,48.25,0.1,246,551
2021-11-15,6790,281635,13582409,48.6,48.6,48.1,48.2,-0.05,218,591
2021-11-16,6790,133504,6429020,48.2,48.2,48.1,48.15,-0.05,135,688
2021-11-17,6790,193279,9331038,48.2,48.4,48.15,48.4,0.25,177,632
2021-11-18,6790,625864,30695062,48.4,49.75,48.4,49.55,1.15,488,456
2021-11-19,6790,797932,40012718,49.85,50.4,49.85,50.1,0.55,632,414
2021-11-22,6790,465296,23069891,50.1,50.1,49.4,49.5,-0.6,386,469
2021-11-23,6790,248671,12215940,49.05,49.25,49.05,49.1,-0.4,204,577
2021-11-24,6790,301188,14998752,49.6,50.3,49.15,50.3,1.2,275,527
2021-11-25,6790,408623,20583819,50.5,50.8,50.0,50.1,-0.2,373,465
2021-11-26,6790,249959,12408237,50.0,50.0,49.5,49.6,-0.5,201,605
2021-11-29,6790,296662,14492624,49.1,49.1,48.5,49.0,-0.6,250,565
2021-11-30,6790,209867,10318704,49.1,49.3,49.0,49.1,0.1,191,585
2021-12-01,6790,184869,9072983,49.1,49.4,48.65,49.2,0.1,153,576
2021-12-02,6790,184639,9056411,49.15,49.3,48.95,49.0,-0.2,138,591
2021-12-03,6790,141459,6970848,49.05,49.45,49.0,49.25,0.25,133,600
2021-12-06,6790,208262,10191163,49.05,49.2,48.8,48.9,-0.35,158,542
2021-12-07,6790,233749,11454114,49.0,49.2,48.9,48.9,0.0,141,558
2021-12-08,6790,270536,13258914,49.0,49.25,48.9,49.1,0.2,185,562
2021-12-09,6790,169475,8320347,49.3,49.3,49.0,49.05,-0.05,143,625
2021-12-10,6790,142842,7033072,49.05,49.6,48.95,49.5,0.45,126,636
2021-12-13,6790,222475,10932666,49.5,49.5,49.0,49.0,-0.5,174,602
2021-12-14,6790,141587,6931008,48.9,49.25,48.7,48.95,-0.05,134,667
2021-12-15,6790,81570,3994259,48.8,49.05,48.8,49.0,0.05,67,699
2021-12-16,6790,117352,5746139,49.0,49.0,48.9,49.0,0.0,120,660
2021-12-17,6790,92645,4537538,49.0,49.0,48.9,48.95,-0.05,109,704
2021-12-20,6790,112100,5475599,48.85,48.9,48.8,48.85,-0.1,102,636
2021-12-21,6790,336090,16368476,48.85,49.15,48.5,48.75,-0.1,260,469
2021-12-22,6790,132010,6432557,48.85,49.0,48.5,48.75,0.0,124,616
2021-12-23,6790,183003,8916745,48.75,48.8,48.65,48.75,0.0,143,587
2021-12-24,6790,1020478,51035630,48.85,50.7,48.85,50.5,1.75,856,363
2021-12-27,6790,1784670,92979654,51.1,52.7,50.8,52.7,2.2,1517,294
2021-12-28,6790,777222,40095135,52.9,52.9,51.1,51.6,-1.1,684,405
2021-12-29,6790,945369,47728249,51.6,51.8,50.0,50.5,-1.1,743,379
2021-12-30,6790,452593,22701355,50.5,50.5,49.9,50.2,-0.3,395,471
2022-01-03,6790,681528,33792304,50.3,50.3,49.35,49.4,-0.8,513,434
2022-01-04,6790,152675,7575183,49.4,49.9,49.4,49.75,0.35,142,640
2022-01-05,6790,230699,11387354,49.4,49.5,49.1,49.3,-0.45,240,582
2022-01-06,6790,93981,4652266,49.3,49.65,49.3,49.5,0.2,99,696
2022-01-07,6790,185454,9128233,49.5,49.5,49.15,49.2,-0.3,159,646
2022-01-10,6790,133204,6584003,49.35,49.6,49.2,49.4,0.2,127,634
2022-01-11,6790,129402,6395298,49.5,49.55,49.3,49.4,0.0,130,688
2022-01-12,6790,155893,7726734,49.5,49.75,49.45,49.75,0.35,145,621
2022-01-13,6790,149827,7445368,49.9,49.95,49.5,49.7,-0.05,168,609
2022-01-14,6790,242843,11954241,49.65,49.65,49.0,49.45,-0.25,236,583
2022-01-17,6790,229356,11250173,49.05,49.15,49.0,49.1,-0.35,205,526
2022-01-18,6790,94718,4667152,49.5,49.5,49.1,49.2,0.1,92,663
2022-01-19,6790,104544,5134571,49.2,49.2,49.05,49.2,0.0,112,644
2022-01-20,6790,120291,5897292,49.2,49.2,48.9,49.05,-0.15,286,596
2022-01-21,6790,165513,8090973,49.0,49.0,48.8,48.8,-0.25,202,625
2022-01-24,6790,118542,5751485,48.7,48.9,48.15,48.6,-0.2,121,658
2022-01-25,6790,170043,8230950,48.6,48.6,48.3,48.3,-0.3,180,619
2022-01-26,6790,221484,10659035,48.15,48.3,48.0,48.1,-0.2,226,529
2022-02-07,6790,197825,9707608,48.15,49.6,48.15,49.6,1.5,166,568
2022-02-08,6790,401691,20024882,50.2,50.4,49.35,49.7,0.1,378,461
2022-02-09,6790,185828,9201730,49.7,49.7,49.25,49.55,-0.15,185,586
2022-02-10,6790,192002,9557751,49.55,50.0,49.4,50.0,0.45,193,564
2022-02-11,6790,110287,5494591,49.85,49.9,49.65,49.85,-0.15,180,648
2022-02-14,6790,280673,13729059,49.6,49.6,48.8,48.8,-1.05,269,526
2022-02-15,6790,88286,4305871,48.8,48.95,48.65,48.75,-0.05,240,687
2022-02-16,6790,89694,4386634,49.2,49.2,48.8,48.9,0.15,100,686
2022-02-17,6790,72433,3542649,48.8,49.0,48.75,48.95,0.05,92,713
2022-02-18,6790,113469,5538279,48.65,48.9,48.65,48.75,-0.2,129,644
2022-02-21,6790,176574,8658984,48.75,49.25,48.75,49.15,0.4,205,580
2022-02-22,6790,176291,8592087,49.15,49.15,48.55,48.65,-0.5,200,623
2022-02-23,6790,114053,5558010,48.55,48.9,48.55,48.9,0.25,101,604
2022-02-24,6790,229081,11117180,48.55,48.75,48.3,48.45,-0.45,288,637
2022-02-25,6790,108032,5245234,48.5,48.7,48.45,48.45,0.0,99,675
2022-03-01,6790,122066,5930997,48.45,48.7,48.45,48.6,0.15,119,635
2022-03-02,6790,162237,7921108,48.55,49.05,48.55,48.9,0.3,155,568
2022-03-03,6790,120863,5896092,48.9,49.0,48.7,48.75,-0.15,137,628
2022-03-04,6790,121445,5893905,48.75,48.75,48.45,48.6,-0.15,142,641
2022-03-07,6790,328430,15739275,48.1,48.2,47.7,47.95,-0.65,344,587
2022-03-08,6790,204576,9752045,47.9,47.9,47.45,47.5,-0.45,246,644
2022-03-09,6790,115798,5510270,47.5,47.95,47.5,47.55,0.05,115,649
2022-03-10,6790,98057,4682536,47.55,47.95,47.55,47.75,0.2,114,673
2022-03-11,6790,209606,10155597,48.3,48.55,48.3,48.4,0.65,219,516
2022-03-14,6790,196530,9605201,48.4,49.1,48.4,48.9,0.5,186,533
2022-03-15,6790,168946,8189915,48.5,48.6,48.35,48.4,-0.5,132,603
2022-03-16,6790,88361,4279601,48.5,48.7,48.35,48.35,-0.05,96,686
2022-03-17,6790,169509,8264021,48.5,48.9,48.45,48.8,0.45,150,615
2022-03-18,6790,184038,8887283,48.8,48.8,48.0,48.0,-0.8,158,570
2022-03-21,6790,145208,7037350,48.45,48.55,48.2,48.5,0.5,134,616
2022-03-22,6790,104424,5064033,48.5,48.55,48.45,48.5,0.0,98,638
2022-03-23,6790,180722,8829014,48.75,48.9,48.75,48.85,0.35,141,601
2022-03-24,6790,140485,6837462,48.75,48.85,48.45,48.7,-0.15,121,610
2022-03-25,6790,111136,5393588,48.5,48.65,48.3,48.5,-0.2,109,666
2022-03-28,6790,81182,3924853,48.3,48.5,48.2,48.4,-0.1,94,707
2022-03-29,6790,79463,3851801,48.45,48.55,48.4,48.45,0.05,89,683
2022-03-30,6790,180841,8774991,48.5,48.8,48.4,48.8,0.35,155,611
2022-03-31,6790,82694,4013656,48.6,48.65,48.45,48.45,-0.35,108,684
2022-04-01,6790,76279,3696354,48.45,48.55,48.3,48.45,0.0,75,704
2022-04-06,6790,187405,9027736,48.3,48.5,48.05,48.15,-0.3,212,576
2022-04-07,6790,169597,8149534,48.05,48.15,48.0,48.0,-0.15,167,656
2022-04-08,6790,47390,2279731,48.4,48.4,48.0,48.15,0.15,56,773
2022-04-11,6790,207215,9941245,48.05,48.3,47.7,47.8,-0.35,213,620
2022-04-12,6790,248209,11795518,47.65,47.7,47.45,47.45,-0.35,280,554
2022-04-13,6790,106747,5073593,47.45,47.7,47.45,47.65,0.2,101,677
2022-04-14,6790,66347,3170009,47.75,47.85,47.7,47.75,0.1,60,720
2022-04-15,6790,92221,4399458,47.75,47.8,47.6,47.6,-0.15,117,682
2022-04-18,6790,134305,6368947,47.6,47.6,47.3,47.4,-0.2,154,640
2022-04-19,6790,81701,3879590,47.5,47.6,47.4,47.4,0.0,106,675
2022-04-20,6790,101890,4834314,47.4,47.7,47.3,47.4,0.0,92,656
2022-04-21,6790,72143,3434788,47.5,47.7,47.5,47.6,0.2,63,695
2022-04-22,6790,85373,4069910,47.5,47.8,47.45,47.65,0.05,80,689
2022-04-25,6790,157238,7417161,47.35,47.35,47.1,47.1,-0.55,193,674
2022-04-26,6790,109272,5136246,47.2,47.2,46.8,47.05,-0.05,129,648
2022-04-27,6790,270149,12432708,46.6,46.6,45.8,46.05,-1.0,285,593
2022-04-28,6790,63467,2932412,46.05,46.35,46.05,46.3,0.25,63,716
2022-04-29,6790,100794,4658663,46.25,46.45,46.1,46.25,-0.05,119,630
2022-05-03,6790,347710,16354754,46.25,48.3,44.8,46.55,0.3,269,441
2022-05-04,6790,67963,3177203,46.9,46.9,46.55,46.65,0.1,69,674
2022-05-05,6790,28499,1332097,46.75,46.8,46.7,46.7,0.05,50,796
2022-05-06,6790,56203,2613130,46.35,46.55,46.35,46.5,-0.2,67,742
2022-05-09,6790,104922,4820450,46.1,46.1,45.75,45.75,-0.75,149,708
2022-05-10,6790,124088,5639948,45.25,45.75,45.25,45.35,-0.4,144,652
2022-05-11,6790,331488,14820455,45.35,45.35,44.2,44.2,-1.15,380,482
2022-05-12,6790,649185,27650237,44.0,44.0,42.0,42.05,-2.15,758,445
2022-05-13,6790,161660,6931174,42.25,43.25,42.25,43.05,1.0,162,604
2022-05-16,6790,112018,4796655,43.15,43.2,42.5,42.75,-0.3,132,653
2022-05-17,6790,80107,3465939,42.75,43.5,42.75,43.1,0.35,88,696
2022-05-18,6790,218950,9456129,42.9,43.85,42.85,43.4,0.3,176,561
2022-05-19,6790,70242,3006144,43.3,43.3,42.55,42.95,-0.45,68,693
2022-05-20,6790,81072,3493293,42.9,43.3,42.9,43.0,0.05,83,664
2022-05-23,6790,86859,3703293,43.2,43.2,42.5,42.55,-0.45,108,643
2022-05-24,6790,104721,4456119,42.5,43.0,42.4,42.6,0.05,105,635
2022-05-25,6790,64440,2749805,42.6,42.8,42.5,42.7,0.1,71,699
2022-05-26,6790,105180,4524007,42.7,43.3,42.7,42.95,0.25,93,626
2022-05-27,6790,85872,3690922,42.8,43.05,42.8,42.95,0.0,82,644
2022-05-30,6790,90411,3910044,43.0,43.4,43.0,43.1,0.15,101,694
2022-05-31,6790,64090,2772203,43.0,43.45,43.0,43.4,0.3,56,693
2022-06-01,6790,120804,5226512,43.3,43.4,43.1,43.25,-0.15,103,658
2022-06-02,6790,66592,2881050,43.25,43.35,43.15,43.3,0.05,66,704
2022-06-06,6790,75480,3277582,43.3,43.7,43.2,43.7,0.4,71,689
2022-06-07,6790,133439,5791167,43.4,43.5,43.3,43.4,-0.3,81,579
2022-06-08,6790,93897,4076266,43.35,43.55,43.3,43.3,-0.1,70,657
2022-06-09,6790,117002,5070962,43.25,43.5,43.15,43.3,0.0,91,623
2022-06-10,6790,139731,5971495,43.0,43.0,42.55,42.8,-0.5,163,613
2022-06-13,6790,194506,8209885,42.55,42.55,42.05,42.2,-0.6,215,621
2022-06-14,6790,90625,3812623,42.2,42.25,41.9,42.2,0.0,104,729
2022-06-15,6790,242953,10438385,42.2,43.7,42.2,43.2,1.0,169,542
2022-06-16,6790,388258,16747015,43.25,43.9,42.45,42.65,-0.55,324,482
2022-06-17,6790,85288,3616697,42.6,42.6,42.2,42.35,-0.3,100,721
2022-06-20,6790,218115,9135174,42.35,42.65,41.2,41.8,-0.55,224,632
2022-06-21,6790,149072,6251901,41.8,42.2,41.8,42.2,0.4,112,636
2022-06-22,6790,118558,4952849,42.2,42.2,41.55,41.6,-0.6,128,672
2022-06-23,6790,152439,6346729,41.85,42.15,41.35,41.55,-0.05,140,652
2022-06-24,6790,136384,5742764,42.05,42.55,41.9,41.9,0.35,97,653
2022-06-27,6790,179983,7641111,42.0,42.75,42.0,42.2,0.3,136,611
2022-06-28,6790,111060,4663045,42.2,42.2,41.8,42.1,-0.1,99,597
2022-06-29,6790,77909,3247453,41.55,41.85,41.55,41.8,-0.3,109,659
2022-06-30,6790,278806,11534508,41.5,41.5,41.3,41.35,-0.45,206,571
2022-07-01,6790,344792,13992945,41.1,41.2,40.05,40.15,-1.2,383,578
2022-07-04,6790,177625,6674427,37.5,37.8,37.45,37.7,0.0,173,620
2022-07-05,6790,84456,3278782,38.8,39.0,38.55,38.8,1.1,103,715
2022-07-06,6790,64144,2453006,38.8,38.85,38.05,38.05,-0.75,95,759
2022-07-07,6790,63416,2416687,38.3,38.35,38.0,38.0,-0.05,102,728
2022-07-08,6790,40766,1553621,38.0,38.3,38.0,38.1,0.1,56,790
2022-07-11,6790,45843,1743412,38.1,38.1,38.0,38.0,-0.1,57,766
2022-07-12,6790,120360,4528371,37.7,38.0,37.35,37.4,-0.6,128,673
2022-07-13,6790,56651,2126461,37.8,37.9,37.4,37.4,0.0,84,761
2022-07-14,6790,43955,1646938,37.25,37.55,37.25,37.45,0.05,72,749
2022-07-15,6790,93751,3514880,37.45,37.8,37.35,37.5,0.05,76,664
2022-07-18,6790,67454,2544385,37.5,38.1,37.5,37.9,0.4,55,725
2022-07-19,6790,92839,3550760,37.9,38.7,37.7,38.25,0.35,84,648
2022-07-20,6790,85264,3277348,38.25,38.75,38.25,38.25,0.0,143,728
2022-07-21,6790,52411,2015263,38.3,38.6,38.25,38.5,0.25,38,731
2022-07-22,6790,37085,1419208,38.6,38.6,38.1,38.3,-0.2,52,793
2022-07-25,6790,26210,1003661,38.3,38.35,38.15,38.35,0.05,25,805
2022-07-26,6790,55078,2116521,38.75,38.75,38.35,38.45,0.1,55,731
2022-07-27,6790,52363,2014407,38.5,38.6,38.4,38.6,0.15,53,724
2022-07-28,6790,87767,3401882,38.6,39.2,38.5,38.65,0.05,67,654
2022-07-29,6790,47247,1830634,38.75,38.95,38.7,38.8,0.15,42,745
2022-08-01,6790,43682,1698856,38.8,39.0,38.75,38.95,0.15,52,759
2022-08-02,6790,61485,2374795,38.8,38.8,38.5,38.6,-0.35,69,750
2022-08-03,6790,53179,2054115,38.6,38.75,38.55,38.6,0.0,46,750
2022-08-04,6790,72706,2798626,38.6,38.7,38.05,38.4,-0.2,94,735
2022-08-05,6790,55619,2145714,38.4,38.65,38.4,38.6,0.2,54,753
2022-08-08,6790,46937,1815743,38.6,38.8,38.6,38.65,0.05,48,757
2022-08-09,6790,37478,1451377,38.6,38.9,38.6,38.8,0.15,38,789
2022-08-10,6790,34575,1340515,38.8,38.95,38.6,38.95,0.15,52,827
2022-08-11,6790,72487,2829624,38.9,39.1,38.9,39.0,0.05,77,776
2022-08-12,6790,65351,2543490,39.0,39.0,38.8,39.0,0.0,97,765
2022-08-15,6790,62914,2450860,39.0,39.05,38.8,39.0,0.0,48,791
2022-08-16,6790,89138,3483003,39.0,39.15,39.0,39.05,0.05,76,734
2022-08-17,6790,102295,3984787,39.05,39.05,38.9,38.9,-0.15,85,729
2022-08-18,6790,46587,1808051,38.9,38.9,38.7,38.85,-0.05,59,786
2022-08-19,6790,62201,2401184,38.55,38.75,38.55,38.65,-0.2,87,784
2022-08-22,6790,197293,7743476,39.45,39.6,39.0,39.1,0.45,187,620
2022-08-23,6790,68046,2636869,39.0,39.0,38.55,38.8,-0.3,72,757
2022-08-24,6790,40457,1567317,38.85,38.85,38.65,38.75,-0.05,42,818
2022-08-25,6790,63931,2486929,38.8,39.05,38.75,39.0,0.25,62,776
2022-08-26,6790,68763,2680262,39.2,39.2,38.9,39.0,0.0,59,789
2022-08-29,6790,87493,3360220,38.7,38.7,38.2,38.4,-0.6,113,759
2022-08-30,6790,39077,1501937,38.4,38.6,38.35,38.55,0.15,35,825
2022-08-31,6790,29558,1141988,38.6,38.75,38.55,38.7,0.15,32,844
2022-09-01,6790,87533,3353692,38.6,38.7,38.15,38.35,-0.35,101,766
2022-09-02,6790,31679,1213049,38.35,38.4,38.2,38.25,-0.1,48,839
2022-09-05,6790,37851,1443432,38.2,38.2,38.05,38.15,-0.1,50,829
2022-09-06,6790,55821,2132917,38.25,38.25,38.1,38.15,0.0,41,783
2022-09-07,6790,80862,3073505,38.15,38.15,37.9,37.9,-0.25,94,746
2022-09-08,6790,125211,4724295,37.95,38.0,37.5,37.85,-0.05,107,648
2022-09-12,6790,25084,958148,38.0,38.45,38.0,38.2,0.35,41,869
2022-09-13,6790,34710,1328823,38.35,38.35,38.2,38.35,0.15,64,820
2022-09-14,6790,84555,3224065,38.25,38.3,38.0,38.05,-0.3,88,715
2022-09-15,6790,44205,1683060,37.8,38.2,37.8,38.1,0.05,43,807
2022-09-16,6790,45976,1746535,37.8,38.1,37.8,38.0,-0.1,59,786
2022-09-19,6790,40268,1526870,38.0,38.1,37.8,37.9,-0.1,46,812
2022-09-20,6790,32893,1250748,38.0,38.05,37.9,37.9,0.0,45,810
2022-09-21,6790,19996,758320,37.9,37.95,37.85,37.85,-0.05,35,883
2022-09-22,6790,76637,2878452,37.7,37.8,37.45,37.55,-0.3,97,745
2022-09-23,6790,50264,1883347,37.55,37.6,37.35,37.4,-0.15,73,791
2022-09-26,6790,114196,4217809,37.4,37.4,36.8,36.9,-0.5,169,764
2022-09-27,6790,63187,2327701,37.35,37.35,36.8,36.8,-0.1,66,754
2022-09-28,6790,140162,5043913,36.85,36.85,35.75,35.75,-1.05,203,740
2022-09-29,6790,77814,2786996,35.75,35.9,35.75,35.9,0.15,74,732
2022-09-30,6790,59639,2135147,35.65,36.2,35.5,35.85,-0.05,70,765
2022-10-03,6790,47048,1681853,35.95,36.0,35.5,35.7,-0.15,60,750
2022-10-04,6790,90777,3244868,35.7,35.9,35.65,35.75,0.05,75,679
2022-10-05,6790,50501,1806331,35.6,35.9,35.6,35.75,0.0,53,796
2022-10-06,6790,33045,1175661,35.55,35.7,35.5,35.65,-0.1,44,775
2022-10-07,6790,49986,1779259,35.7,35.8,35.5,35.8,0.15,68,737
2022-10-11,6790,108333,3799050,35.5,35.5,34.9,35.1,-0.7,139,730
2022-10-12,6790,33917,1187972,35.15,35.15,34.9,35.0,-0.1,43,812
2022-10-13,6790,66644,2323227,35.0,35.1,34.65,34.65,-0.35,107,829
2022-10-14,6790,94589,3324692,34.85,35.3,34.85,35.1,0.45,103,704
2022-10-17,6790,88632,3069497,35.0,35.0,34.4,34.8,-0.3,137,688
2022-10-18,6790,21539,748860,35.1,35.1,34.7,34.7,-0.1,27,847
2022-10-19,6790,53435,1852535,34.7,34.75,34.6,34.65,-0.05,79,757
2022-10-20,6790,43840,1504172,34.5,34.5,34.15,34.25,-0.4,67,770
2022-10-21,6790,27202,932384,34.25,34.5,34.25,34.3,0.05,28,794
2022-10-24,6790,60196,2077490,34.35,34.7,34.35,34.6,0.3,62,730
2022-10-25,6790,32256,1121246,34.85,34.85,34.45,34.85,0.25,79,821
2022-10-26,6790,23795,827999,34.8,34.95,34.6,34.75,-0.1,46,836
2022-10-27,6790,68538,2382463,34.75,35.0,34.65,34.9,0.15,72,706
2022-10-28,6790,36471,1275701,35.15,35.15,34.9,34.9,0.0,38,737
2022-10-31,6790,15775,552900,35.3,35.3,34.9,34.9,0.0,33,843
2022-11-01,6790,16666,583470,35.05,35.05,34.85,34.95,0.05,25,857
2022-11-02,6790,32453,1144133,34.95,35.45,34.95,35.3,0.35,45,789
2022-11-03,6790,11307,396711,35.05,35.2,35.0,35.2,-0.1,204,875
2022-11-04,6790,34704,1212898,35.0,35.2,34.8,35.2,0.0,46,786
2022-11-07,6790,24397,858053,35.35,35.35,35.05,35.15,-0.05,47,854
2022-11-08,6790,39261,1380088,35.2,35.25,35.0,35.15,0.0,45,805
2022-11-09,6790,34414,1213259,35.15,35.35,35.15,35.35,0.2,35,839
2022-11-10,6790,18648,657538,35.3,35.4,35.15,35.25,-0.1,27,857
2022-11-11,6790,70696,2495873,35.5,35.5,35.1,35.3,0.05,72,786
2022-11-14,6790,47798,1683576,35.2,35.35,35.0,35.35,0.05,68,813
2022-11-15,6790,64402,2291757,35.2,35.95,35.2,35.95,0.6,83,785
2022-11-16,6790,58401,2092538,36.15,36.15,35.6,35.6,-0.35,68,801
2022-11-17,6790,54047,1942643,35.95,36.05,35.7,35.95,0.35,75,758
2022-11-18,6790,73212,2621708,35.95,36.15,35.65,35.95,0.0,100,731
2022-11-21,6790,53985,1924591,35.95,35.95,35.6,35.65,-0.3,55,735
2022-11-22,6790,58599,2080540,35.5,35.7,35.35,35.4,-0.25,74,723
2022-11-23,6790,46265,1639998,35.5,35.5,35.4,35.45,0.05,57,781
2022-11-24,6790,92566,3295196,35.55,35.9,35.45,35.85,0.4,89,704
2022-11-25,6790,81431,2909634,35.9,35.9,35.6,35.65,-0.2,87,716
2022-11-28,6790,37712,1338408,35.65,35.7,35.4,35.7,0.05,52,798
2022-11-29,6790,29337,1047420,35.85,35.85,35.6,35.8,0.1,45,832
2022-11-30,6790,73213,2629052,35.8,36.0,35.8,35.95,0.15,75,769
2022-12-01,6790,127126,4601205,36.1,36.3,36.1,36.2,0.25,111,721
2022-12-02,6790,75519,2749436,36.3,36.65,36.15,36.65,0.45,111,753
2022-12-05,6790,97607,3583081,36.65,36.95,36.55,36.75,0.1,112,738
2022-12-06,6790,169073,6178679,36.8,36.85,36.2,36.5,-0.25,103,655
2022-12-07,6790,39436,1432741,36.1,36.5,36.1,36.4,-0.1,59,820
2022-12-08,6790,46787,1690025,36.1,36.25,36.05,36.1,-0.3,55,756
2022-12-09,6790,44650,1613843,36.2,36.3,36.05,36.1,0.0,55,782
2022-12-12,6790,32361,1177091,36.5,36.5,36.25,36.25,0.15,40,814
2022-12-13,6790,27346,990158,36.2,36.25,36.2,36.2,-0.05,29,839
2022-12-14,6790,47551,1735429,36.3,36.55,36.3,36.5,0.3,55,803
2022-12-15,6790,32722,1195549,36.5,36.6,36.45,36.45,-0.05,43,820
2022-12-16,6790,51866,1873837,36.1,36.3,36.05,36.05,-0.4,59,805
2022-12-19,6790,29470,1061851,35.9,36.3,35.9,35.95,-0.1,40,817
2022-12-20,6790,46504,1668390,35.85,36.0,35.75,35.8,-0.15,57,826
2022-12-21,6790,30671,1097495,35.8,35.85,35.55,35.75,-0.05,47,815
2022-12-22,6790,25043,894890,35.8,35.95,35.55,35.6,-0.15,23,824
2022-12-23,6790,63295,2232898,35.25,35.55,35.05,35.4,-0.2,88,682
2022-12-26,6790,57676,2029020,35.5,35.5,35.05,35.05,-0.35,74,684
2022-12-27,6790,59463,2085958,35.2,35.2,35.0,35.05,0.0,67,700
2022-12-28,6790,83148,2910207,35.05,35.25,34.8,34.9,-0.15,114,690
2022-12-29,6790,199141,6900227,34.8,34.8,34.5,34.7,-0.2,116,554
2022-12-30,6790,73216,2548071,34.8,34.95,34.65,34.95,0.25,58,662
2023-01-03,6790,21103,737017,34.8,34.95,34.6,34.95,0.0,27,833
2023-01-04,6790,23729,830758,34.95,35.15,34.95,34.95,0.0,38,815
2023-01-05,6790,18588,652072,35.1,35.1,35.0,35.1,0.15,24,866
2023-01-06,6790,50094,1752265,35.0,35.0,34.9,35.0,-0.1,57,735
2023-01-09,6790,55982,1966415,35.0,35.3,35.0,35.3,0.3,58,772
2023-01-10,6790,30053,1059556,35.3,35.4,35.0,35.3,0.0,43,812
2023-01-11,6790,52504,1865196,35.35,35.75,35.35,35.75,0.45,57,756
2023-01-12,6790,47717,1708047,35.75,35.85,35.75,35.8,0.05,61,758
2023-01-13,6790,56977,2037305,35.8,35.85,35.65,35.7,-0.1,80,737
2023-01-16,6790,97490,3502674,35.8,36.1,35.75,36.05,0.35,75,641
2023-01-17,6790,106739,3894843,36.05,36.8,36.05,36.65,0.6,117,635
2023-01-30,6790,131808,4900980,36.7,37.35,36.7,37.0,0.35,130,696
2023-01-31,6790,61306,2269127,37.0,37.2,36.9,37.1,0.1,182,753
2023-02-01,6790,47705,1768764,37.1,37.15,37.0,37.05,-0.05,101,810
2023-02-02,6790,129084,4905630,37.25,38.8,37.25,38.05,1.0,146,699
2023-02-03,6790,102358,3900044,37.85,38.2,37.75,38.15,0.1,93,712
2023-02-06,6790,78462,2985462,38.15,38.55,37.9,38.1,-0.05,90,735
2023-02-07,6790,62251,2368605,38.1,38.15,37.95,38.1,0.0,68,751
2023-02-08,6790,104548,4006515,37.9,38.7,37.9,38.4,0.3,86,711
2023-02-09,6790,56528,2162024,38.1,38.4,38.1,38.15,-0.25,58,766
2023-02-10,6790,84317,3198982,38.05,38.05,37.8,38.0,-0.15,96,743
2023-02-13,6790,62655,2367777,37.9,38.0,37.6,37.75,-0.25,79,765
2023-02-14,6790,25345,956540,37.7,37.85,37.7,37.7,-0.05,62,860
2023-02-15,6790,36876,1389173,38.0,38.0,37.5,37.6,-0.1,70,827
2023-02-16,6790,27369,1030858,37.65,37.8,37.55,37.65,0.05,51,868
2023-02-17,6790,34621,1314283,37.65,38.1,37.65,37.85,0.2,52,829
2023-02-20,6790,146164,5516183,38.0,38.0,37.5,37.5,-0.35,153,706
2023-02-21,6790,92010,3463050,37.9,37.9,37.45,37.5,0.0,91,746
2023-02-22,6790,71324,2660041,37.5,37.5,37.15,37.4,-0.1,80,788
2023-02-23,6790,129153,4861231,37.75,37.8,37.5,37.5,0.1,109,729
2023-02-24,6790,82164,3081480,37.8,37.8,37.4,37.5,0.0,74,792
2023-03-01,6790,80992,3041435,37.6,37.85,37.35,37.45,-0.05,90,774
2023-03-02,6790,77754,2914619,37.5,37.6,37.4,37.5,0.05,84,776
2023-03-03,6790,35189,1322381,37.5,37.7,37.45,37.5,0.0,64,859
2023-03-06,6790,169679,6364036,37.8,37.8,37.45,37.5,0.0,118,739
2023-03-07,6790,224798,8453122,37.5,37.75,37.45,37.45,-0.05,155,673
2023-03-08,6790,271186,10181509,37.65,37.9,37.35,37.5,0.05,161,651
2023-03-09,6790,224971,8436062,37.5,37.75,37.3,37.45,-0.05,158,677
2023-03-10,6790,82018,3052893,37.35,37.35,37.15,37.25,-0.2,113,840
2023-03-13,6790,257756,9593452,37.25,37.6,36.6,37.5,0.25,166,658
2023-03-14,6790,118579,4420436,37.25,37.4,37.1,37.3,-0.2,107,722
2023-03-15,6790,268637,10144330,37.65,37.9,37.65,37.7,0.4,222,590
2023-03-16,6790,299340,11250019,37.7,37.75,37.4,37.5,-0.2,223,636
2023-03-17,6790,119055,4474472,37.55,37.7,37.45,37.5,0.0,110,703
2023-03-20,6790,267781,10097149,38.0,38.0,37.5,37.5,0.0,141,553
2023-03-21,6790,220555,8292115,37.75,37.9,37.45,37.5,0.0,194,615
2023-03-22,6790,303157,11393054,37.5,37.9,37.45,37.5,0.0,176,582
2023-03-23,6790,254722,9565078,37.75,37.8,37.45,37.5,0.0,179,602
2023-03-24,6790,267919,10106412,37.6,37.85,37.55,37.6,0.1,170,619
2023-03-27,6790,591382,22203219,37.6,37.75,37.45,37.5,-0.1,302,494
2023-03-28,6790,208783,7811246,37.55,37.6,37.25,37.4,-0.1,185,654
2023-03-29,6790,205780,7708678,37.4,37.6,37.35,37.45,0.05,137,621
2023-03-30,6790,404918,15124019,37.6,37.6,37.25,37.3,-0.15,260,503
2023-03-31,6790,232396,8664589,37.3,37.55,37.2,37.4,0.1,158,587
2023-04-06,6790,227331,8472306,37.65,37.65,37.15,37.25,-0.15,199,619
2023-04-07,6790,248939,9263421,37.5,37.5,37.15,37.2,-0.05,180,586
2023-04-10,6790,231754,8637702,37.2,37.55,37.2,37.25,0.05,183,629
2023-04-11,6790,400382,15026425,37.5,37.95,37.4,37.5,0.25,283,552
2023-04-12,6790,396197,15013127,37.55,38.5,37.5,38.3,0.8,293,580
2023-04-13,6790,495939,18871836,38.5,38.5,37.8,38.1,-0.2,341,543
2023-04-14,6790,379155,14396035,38.0,38.05,37.85,37.95,-0.15,265,574
2023-04-17,6790,381650,14658548,38.0,38.95,38.0,38.95,1.0,262,599
2023-04-18,6790,466054,18194909,39.05,39.3,38.85,38.85,-0.1,333,547
2023-04-19,6790,390469,15060950,38.6,38.85,38.4,38.4,-0.45,281,583
2023-04-20,6790,1818566,71751347,38.6,41.0,38.6,38.6,0.2,1254,367
2023-04-21,6790,2676426,105435252,38.7,40.8,38.0,38.1,-0.5,1861,318
2023-04-24,6790,1132810,43669991,38.1,39.5,38.1,38.1,0.0,727,353
2023-04-25,6790,833971,31834667,38.2,38.6,38.0,38.1,0.0,434,467
2023-04-26,6790,462307,17723067,38.05,38.65,38.0,38.3,0.2,313,497
2023-04-27,6790,381393,14660447,38.75,38.95,38.2,38.4,0.1,234,495
2023-04-28,6790,431219,16676719,38.85,39.0,38.5,38.5,0.1,273,506
2023-05-02,6790,592550,23000838,38.85,39.15,38.6,38.65,0.15,346,475
2023-05-03,6790,645828,25141362,38.65,39.2,38.65,38.7,0.05,462,430
2023-05-04,6790,712838,27844379,38.7,39.3,38.5,39.2,0.5,465,428
2023-05-05,6790,713877,28170249,39.4,39.75,39.3,39.5,0.3,417,425
2023-05-08,6790,3277158,128244859,39.5,40.2,37.3,38.45,-1.05,1681,245
2023-05-09,6790,735771,28231522,38.5,38.7,38.2,38.2,-0.25,485,447
2023-05-10,6790,519502,19739120,38.1,38.25,37.8,37.85,-0.35,420,464
2023-05-11,6790,521350,19711493,37.95,38.1,37.7,37.8,-0.05,357,546
2023-05-12,6790,668682,24892801,37.45,37.5,36.9,37.4,-0.4,587,419
2023-05-15,6790,440013,16319290,37.4,37.4,36.95,37.1,-0.3,356,500
2023-05-16,6790,304501,11395990,37.45,37.55,37.15,37.5,0.4,211,571
2023-05-17,6790,369724,13984768,37.55,38.0,37.55,37.7,0.2,310,588
2023-05-18,6790,319079,12097240,37.85,38.1,37.8,37.8,0.1,213,581
2023-05-19,6790,402168,15122301,37.9,37.95,37.4,37.5,-0.3,282,536
2023-05-22,6790,313047,11799720,37.6,37.9,37.45,37.75,0.25,161,551
2023-05-23,6790,293287,11134830,37.75,38.1,37.7,37.85,0.1,212,578
2023-05-24,6790,254287,9647617,37.85,38.1,37.75,37.9,0.05,171,601
2023-05-25,6790,256538,9711063,38.0,38.0,37.75,37.8,-0.1,185,600
2023-05-26,6790,254453,9591887,37.85,37.85,37.6,37.6,-0.2,201,620
2023-05-29,6790,571021,21911219,37.65,38.75,37.65,38.2,0.6,347,495
2023-05-30,6790,267373,10282193,38.1,38.65,38.1,38.55,0.35,185,576
2023-05-31,6790,354580,13772737,38.6,39.05,38.6,38.75,0.2,273,566
2023-06-01,6790,301662,11704492,38.6,38.95,38.55,38.8,0.05,230,581
2023-06-02,6790,267467,10380345,38.8,39.0,38.75,38.75,-0.05,201,625
2023-06-05,6790,224013,8688351,38.75,39.0,38.7,38.9,0.15,191,671
2023-06-06,6790,657084,25703443,38.9,39.6,38.9,38.95,0.05,394,495
2023-06-07,6790,731134,28863418,39.0,39.95,38.95,39.55,0.6,431,474
2023-06-08,6790,249504,9794799,39.5,39.7,39.1,39.2,-0.35,215,629
2023-06-09,6790,203906,8014872,39.55,39.55,39.2,39.25,0.05,157,688
2023-06-12,6790,256849,10083333,39.25,39.45,39.0,39.2,-0.05,185,668
2023-06-13,6790,243097,9499775,39.25,39.3,39.0,39.05,-0.15,190,659
2023-06-14,6790,252059,9793641,38.95,39.05,38.7,38.8,-0.25,203,653
2023-06-15,6790,162747,6322489,39.0,39.05,38.75,38.85,0.05,129,719
2023-06-16,6790,140212,5448319,38.9,39.0,38.7,38.9,0.05,128,758
2023-06-19,6790,445603,17453044,38.95,39.45,38.9,39.35,0.45,251,561
2023-06-20,6790,287595,11325455,39.4,39.6,39.2,39.25,-0.1,163,602
2023-06-21,6790,412017,16264164,39.3,39.85,39.05,39.8,0.55,272,573
2023-06-26,6790,1059372,42483320,39.8,40.4,39.55,40.3,0.5,626,426
2023-06-27,6790,481609,19258564,40.25,40.5,39.6,39.85,-0.45,403,552
2023-06-28,6790,458976,18409834,39.9,40.5,39.8,40.45,0.6,396,518
2023-06-29,6790,1061225,43765202,40.6,41.7,40.6,41.4,0.95,777,403
2023-06-30,6790,633370,26374492,41.4,42.1,41.3,41.7,0.3,439,459
2023-07-03,6790,398953,16740725,41.7,42.25,41.7,42.05,0.35,342,578
2023-07-04,6790,805523,34295184,42.05,43.3,41.9,43.0,0.95,570,479
2023-07-05,6790,641997,27161820,43.0,43.0,41.9,41.9,-1.1,601,504
2023-07-06,6790,554334,22914622,41.9,42.0,41.0,41.35,-0.55,424,544
2023-07-07,6790,569550,23267183,41.35,41.4,40.35,41.0,-0.35,399,532
2023-07-10,6790,253521,10424412,41.4,41.45,40.85,41.0,0.0,175,647
2023-07-11,6790,438006,17878365,41.15,41.15,40.55,40.95,-0.05,312,549
2023-07-12,6790,389607,15820121,41.0,41.05,40.5,40.6,-0.35,250,593
2023-07-13,6790,623714,25179297,40.9,40.9,40.0,40.1,-0.5,503,525
2023-07-14,6790,516675,20877515,40.1,40.65,40.05,40.6,0.5,382,-1
