date,stock_id,Trading_Volume,Trading_money,open,max,min,close,spread,Trading_turnover,Trading_money_rank
2022-06-01,6796,1358024,71907862,50.5,54.8,50.3,53.8,0.0,985,263
2022-06-02,6796,616020,31654751,52.5,52.8,50.5,50.8,-3.0,531,338
2022-06-06,6796,341227,17077372,51.2,51.2,49.4,49.7,-1.1,293,426
2022-06-07,6796,369901,18284760,49.65,51.3,48.1,50.9,1.2,366,404
2022-06-08,6796,182021,9240449,51.1,51.2,50.5,50.6,-0.3,152,541
2022-06-09,6796,169188,8577046,50.6,51.0,50.2,50.4,-0.2,161,541
2022-06-10,6796,170673,8575232,50.1,50.6,50.0,50.0,-0.4,119,558
2022-06-13,6796,285518,13658137,48.45,48.45,47.0,47.3,-2.7,217,553
2022-06-14,6796,77613,3614882,47.3,47.3,46.15,47.1,-0.2,90,744
2022-06-15,6796,47984,2277381,47.1,47.9,46.9,47.9,0.8,49,797
2022-06-16,6796,136511,6624597,48.55,49.1,48.0,48.1,0.2,135,641
2022-06-17,6796,320661,16107506,47.1,52.9,46.9,52.9,4.8,234,496
2022-06-20,6796,1254666,71984451,54.0,58.1,54.0,58.1,5.2,921,308
2022-06-21,6796,831832,48382476,59.0,61.7,55.6,58.6,0.5,648,321
2022-06-22,6796,471599,26486246,58.4,58.6,54.0,54.5,-4.1,444,408
2022-06-23,6796,237600,12851974,54.0,55.7,52.8,54.4,-0.1,218,520
2022-06-24,6796,194887,10496112,54.4,55.0,52.3,54.0,-0.4,172,555
2022-06-27,6796,263197,14477124,54.7,57.0,53.6,54.0,0.0,218,488
2022-06-28,6796,129338,6975538,53.7,54.7,53.2,54.4,0.4,113,533
2022-06-29,6796,292703,16350660,54.0,57.9,53.2,56.2,1.8,236,419
2022-06-30,6796,251874,14164750,56.3,57.6,55.0,56.3,0.1,210,543
2022-07-01,6796,226354,12278120,56.0,56.0,53.2,53.3,-3.0,189,601
2022-07-04,6796,112174,6573393,58.6,58.6,58.6,58.6,5.3,89,623
2022-07-05,6796,158088,10180864,64.4,64.4,64.4,64.4,5.8,94,534
2022-07-06,6796,785285,55598162,70.8,70.8,70.8,70.8,6.4,416,287
2022-07-07,6796,2051594,153043079,76.1,76.1,70.0,76.1,0.0,1569,194
2022-07-08,6796,1034982,75057132,73.2,75.8,70.6,72.7,-3.4,857,261
2022-07-11,6796,1477882,115572229,72.3,79.9,70.5,79.9,7.2,912,199
2022-07-12,6796,2145871,180021691,77.0,87.6,77.0,87.0,7.1,1690,173
2022-07-13,6796,1601211,139709439,84.8,92.2,82.0,86.4,-0.6,1428,192
2022-07-14,6796,890448,77385977,85.8,89.8,85.0,86.0,-0.4,771,252
2022-07-15,6796,682321,57438604,86.3,86.3,83.0,83.1,-2.9,564,283
2022-07-18,6796,1322156,118152830,83.1,91.4,83.1,91.4,8.3,989,216
2022-07-19,6796,861022,79719955,91.4,94.1,90.3,92.5,1.1,676,252
2022-07-20,6796,1335663,131176243,94.5,101.5,93.0,101.5,9.0,910,229
2022-07-21,6796,1390610,148755849,103.0,111.5,101.5,111.5,10.0,1070,205
2022-07-22,6796,1769100,202797329,112.0,122.0,106.0,120.0,8.5,1678,184
2022-07-25,6796,892619,104666341,117.5,121.0,114.0,116.0,-4.0,882,206
2022-07-26,6796,689563,80080821,113.0,120.5,113.0,118.5,2.5,688,243
2022-07-27,6796,720573,83713623,118.0,119.5,113.5,115.0,-3.5,692,232
2022-07-28,6796,1235126,135742406,114.5,118.0,103.5,112.0,-3.0,1412,187
2022-07-29,6796,854121,103013383,114.0,123.0,114.0,123.0,11.0,603,226
2022-08-01,6796,783587,104254745,131.0,135.0,130.0,135.0,12.0,481,211
2022-08-02,6796,2057680,291627549,144.0,147.0,137.0,141.5,6.5,1802,126
2022-08-03,6796,1332866,180250582,139.0,142.5,131.5,134.0,-7.5,1252,166
2022-08-04,6796,1936032,241634943,131.0,131.5,121.0,126.5,-7.5,1762,141
2022-08-05,6796,1632557,205339812,128.5,132.5,118.0,121.0,-5.5,1547,154
2022-08-08,6796,1277849,141393898,110.5,117.0,109.0,109.0,-12.0,1256,188
2022-08-09,6796,1650359,180770057,108.5,119.5,101.0,119.5,10.5,1423,165
2022-08-10,6796,1801534,223140201,120.0,129.0,120.0,124.0,4.5,1650,146
2022-08-11,6796,927561,111732466,119.5,123.5,118.0,119.5,-4.5,863,239
2022-08-12,6796,782594,90694711,120.0,122.0,112.0,114.5,-5.0,791,253
2022-08-15,6796,771537,87076375,114.0,119.0,108.0,113.5,-1.0,904,268
2022-08-16,6796,1054712,125617382,113.0,124.0,112.0,120.0,6.5,1001,222
2022-08-17,6796,780688,91513836,117.5,121.0,115.0,115.0,-5.0,1030,258
2022-08-18,6796,641263,75367355,115.0,120.5,114.0,118.0,3.0,548,272
2022-08-19,6796,495591,57868345,117.0,120.0,115.5,116.0,-2.0,501,306
2022-08-22,6796,2077878,262180671,119.0,127.5,117.5,127.5,11.5,1455,131
2022-08-23,6796,1752511,221008921,128.0,132.0,121.5,124.0,-3.5,1665,147
2022-08-24,6796,1044515,130635770,124.0,129.5,122.0,123.0,-1.0,1000,208
2022-08-25,6796,846954,102455096,125.0,125.0,118.5,119.0,-4.0,882,233
2022-08-26,6796,660515,78889676,119.0,124.0,117.0,117.5,-1.5,679,285
2022-08-29,6796,390952,44911903,110.5,118.5,110.5,114.0,-3.5,434,344
2022-08-30,6796,457613,51878843,115.0,116.0,111.0,114.5,0.5,458,289
2022-08-31,6796,442591,51052243,114.5,117.5,114.0,114.5,0.0,432,320
2022-09-01,6796,382226,42914052,113.0,114.5,110.5,110.5,-4.0,416,345
2022-09-02,6796,355899,39340953,110.5,112.5,109.0,109.0,-1.5,397,342
2022-09-05,6796,800678,91923537,109.0,118.5,108.0,117.0,8.0,730,246
2022-09-06,6796,739535,85738463,120.0,120.0,111.5,112.5,-4.5,751,258
2022-09-07,6796,374729,41431671,108.0,116.0,108.0,110.0,-2.5,379,309
2022-09-08,6796,560553,63748302,111.0,118.0,108.5,115.5,5.5,548,273
2022-09-12,6796,334368,38344872,116.0,116.5,113.5,113.5,-2.0,348,356
2022-09-13,6796,331919,37056395,114.5,115.0,110.0,110.0,-3.5,359,352
2022-09-14,6796,286742,31644158,108.5,112.5,108.0,111.0,1.0,271,361
2022-09-15,6796,220084,24489011,113.0,113.5,109.5,109.5,-1.5,250,404
2022-09-16,6796,540849,57402034,110.0,110.0,104.5,105.0,-4.5,559,305
2022-09-19,6796,713622,71010040,105.0,106.0,96.2,97.2,-7.8,729,254
2022-09-20,6796,340322,33997894,99.0,103.5,97.5,100.0,2.8,363,317
2022-09-21,6796,473206,45428532,98.8,99.9,94.1,94.8,-5.2,589,311
2022-09-22,6796,252365,24523318,95.1,99.5,94.8,97.4,2.6,300,394
2022-09-23,6796,1181708,125015783,106.0,107.0,102.0,107.0,9.6,1040,198
2022-09-26,6796,909400,88855156,101.0,102.0,96.3,97.0,-10.0,969,276
2022-09-27,6796,597003,54743672,97.9,97.9,88.0,91.0,-6.0,616,282
2022-09-28,6796,698616,59680355,91.0,91.0,81.9,82.4,-8.6,682,311
2022-09-29,6796,389387,33448080,85.0,88.5,84.0,85.0,2.6,352,347
2022-09-30,6796,394714,33305154,82.0,89.6,80.0,87.4,2.4,362,336
2022-10-03,6796,229888,19492929,86.5,88.0,82.8,84.0,-3.4,270,367
2022-10-04,6796,181004,15360379,85.8,86.8,82.3,85.1,1.1,198,425
2022-10-05,6796,169704,14269154,85.2,85.5,82.5,84.0,-1.1,209,471
2022-10-06,6796,187226,15949160,84.6,86.9,82.6,86.9,2.9,219,395
2022-10-07,6796,292701,25797563,85.0,89.8,85.0,89.0,2.1,372,339
2022-10-11,6796,464547,37851532,86.1,86.1,80.1,80.1,-8.9,535,333
2022-10-12,6796,239511,18504245,78.2,80.0,75.0,77.9,-2.2,247,404
2022-10-13,6796,381450,27811453,77.7,77.9,70.8,72.0,-5.9,364,438
2022-10-14,6796,357198,27674833,73.2,79.2,72.5,79.2,7.2,319,357
2022-10-17,6796,380796,29866404,76.5,81.9,75.0,81.5,2.3,512,335
2022-10-18,6796,258851,20699093,81.3,82.5,78.1,78.2,-3.3,329,370
2022-10-19,6796,84722,6543467,78.2,79.5,75.7,75.8,-2.4,126,540
2022-10-20,6796,122525,9016222,76.8,76.8,72.9,73.8,-2.0,124,557
2022-10-21,6796,100261,7245912,73.8,74.2,71.0,71.0,-2.8,132,526
2022-10-24,6796,118960,8526672,71.2,73.7,70.2,70.2,-0.8,125,517
2022-10-25,6796,307090,20364265,70.7,70.7,63.4,67.7,-2.5,309,358
2022-10-26,6796,148152,10072300,67.0,69.6,67.0,68.5,0.8,134,458
2022-10-27,6796,248196,18066069,68.8,74.5,68.8,74.3,5.8,397,371
2022-10-28,6796,201291,14324568,74.1,74.1,68.6,69.5,-4.8,516,392
2022-10-31,6796,80709,5693976,69.5,71.5,69.5,70.2,0.7,134,523
2022-11-01,6796,89356,6412687,70.2,73.0,69.6,71.5,1.3,104,530
2022-11-02,6796,123101,8905822,71.7,74.2,71.0,72.0,0.5,133,481
2022-11-03,6796,98853,7093938,71.5,72.8,71.1,72.0,0.0,108,496
2022-11-04,6796,104465,7367100,71.0,72.0,70.0,70.6,-1.4,115,518
2022-11-07,6796,54720,3906055,70.8,72.0,70.8,71.4,0.8,62,673
2022-11-08,6796,125970,9016500,72.0,72.8,70.6,70.6,-0.8,309,535
2022-11-09,6796,81976,5825130,70.7,71.8,70.7,71.0,0.4,116,624
2022-11-10,6796,390262,29498195,71.0,78.0,71.0,76.3,5.3,438,352
2022-11-11,6796,450317,34266121,77.3,77.4,74.2,75.3,-1.0,520,396
2022-11-14,6796,220317,16192422,75.3,75.3,72.5,73.2,-2.1,471,488
2022-11-15,6796,155428,11241122,73.2,73.2,71.5,72.4,-0.8,166,539
2022-11-16,6796,264811,19792844,72.5,76.6,72.5,75.6,3.2,277,458
2022-11-17,6796,316431,24399290,75.8,79.0,74.6,77.0,1.4,372,391
2022-11-18,6796,182056,13829808,77.9,77.9,75.4,75.7,-1.3,220,466
2022-11-21,6796,408352,31986755,75.9,80.9,75.5,80.9,5.2,379,329
2022-11-22,6796,384523,30462739,81.6,81.9,78.0,78.2,-2.7,466,331
2022-11-23,6796,454686,37019452,78.7,84.6,78.0,83.5,5.3,433,325
2022-11-24,6796,327664,26628379,83.4,83.4,80.0,81.2,-2.3,341,372
2022-11-25,6796,240542,19050851,80.8,80.8,77.6,77.6,-3.6,222,429
2022-11-28,6796,98520,7606674,76.6,78.8,75.8,77.0,-0.6,117,552
2022-11-29,6796,102295,7878900,77.9,78.6,76.1,76.8,-0.2,112,560
2022-11-30,6796,106661,8290519,77.0,78.7,76.5,78.5,1.7,133,605
2022-12-01,6796,223764,17893316,78.5,81.1,78.5,81.1,2.6,276,508
2022-12-02,6796,181105,14699868,81.3,82.5,80.5,80.8,-0.3,265,496
2022-12-05,6796,319099,26430635,79.9,84.4,79.9,84.0,3.2,450,427
2022-12-06,6796,276951,22543611,84.7,84.7,80.0,80.5,-3.5,751,450
2022-12-07,6796,206785,16524145,79.7,81.7,77.4,80.0,-0.5,178,489
2022-12-08,6796,90658,7173809,79.2,80.3,78.5,79.0,-1.0,94,542
2022-12-09,6796,104991,8248327,79.2,79.9,78.0,78.5,-0.5,110,551
2022-12-12,6796,73636,5746685,78.5,78.7,77.3,77.9,-0.6,81,612
2022-12-13,6796,92600,7225108,77.9,79.9,77.3,77.4,-0.5,114,604
2022-12-14,6796,59694,4588117,77.2,78.0,75.0,77.1,-0.3,74,662
2022-12-15,6796,54143,4182899,76.8,77.8,76.8,76.8,-0.3,59,657
2022-12-16,6796,83212,6352564,76.8,76.9,76.0,76.0,-0.8,114,643
2022-12-19,6796,44711,3430625,76.1,77.9,76.1,76.1,0.1,49,671
2022-12-20,6796,103559,7702854,76.0,76.1,73.0,73.5,-2.6,97,625
2022-12-21,6796,30700,2278755,73.5,74.5,73.5,74.1,0.6,47,711
2022-12-22,6796,38092,2877343,74.7,76.1,74.7,75.9,1.8,48,658
2022-12-23,6796,38446,2879659,76.0,76.0,74.2,74.3,-1.6,48,657
2022-12-26,6796,55488,4095544,74.3,74.4,73.4,73.9,-0.4,145,581
2022-12-27,6796,39089,2867044,73.5,74.3,73.0,73.0,-0.9,116,651
2022-12-28,6796,74852,5328673,71.6,72.4,70.1,70.1,-2.9,93,604
2022-12-29,6796,68294,4792143,70.1,71.9,69.6,71.3,1.2,240,614
2022-12-30,6796,22443,1618714,73.5,73.5,71.5,71.6,0.3,67,741
2023-01-03,6796,38400,2772520,72.5,73.3,71.6,71.9,0.3,39,669
2023-01-04,6796,19397,1403252,72.1,72.8,71.9,71.9,0.0,26,758
2023-01-05,6796,40613,2930745,72.0,72.5,71.8,72.5,0.6,44,683
2023-01-06,6796,37584,2727054,72.5,73.3,71.0,73.0,0.5,38,667
2023-01-09,6796,29381,2154219,73.4,73.7,73.0,73.7,0.7,86,761
2023-01-10,6796,50561,3744413,74.2,74.4,73.5,73.8,0.1,82,665
2023-01-11,6796,43548,3203615,76.4,76.4,73.0,73.8,0.0,58,673
2023-01-12,6796,25290,1865393,73.1,74.6,73.1,73.8,0.0,34,750
2023-01-13,6796,18789,1378816,73.7,74.1,73.0,73.1,-0.7,37,800
2023-01-16,6796,34968,2560882,73.2,74.0,73.0,73.1,0.0,61,698
2023-01-17,6796,62125,4603537,73.0,75.0,73.0,74.9,1.8,115,601
2023-01-30,6796,87521,6666413,77.0,77.0,75.0,75.3,0.4,194,634
2023-01-31,6796,73829,5551301,76.8,76.8,74.7,75.8,0.5,147,638
2023-02-01,6796,390088,32272523,78.9,83.3,78.9,83.3,7.5,290,410
2023-02-02,6796,982581,87752011,87.0,91.6,86.7,91.6,8.3,771,300
2023-02-03,6796,2108291,201512552,97.0,100.5,89.7,90.4,-1.2,1907,172
2023-02-06,6796,1196566,113250558,90.3,97.8,88.6,95.2,4.8,1341,219
2023-02-07,6796,2565977,260720402,96.0,104.5,96.0,102.5,7.3,2228,127
2023-02-08,6796,1033911,103946961,102.5,102.5,99.0,100.5,-2.0,854,239
2023-02-09,6796,525367,52924771,100.5,102.5,99.5,99.7,-0.8,613,310
2023-02-10,6796,822063,77775145,99.7,99.7,90.9,90.9,-8.8,860,281
2023-02-13,6796,437937,43687700,99.8,99.9,97.2,99.9,9.0,302,325
2023-02-14,6796,2951540,311614524,105.0,108.5,101.0,102.5,2.6,2665,109
2023-02-15,6796,1152695,117918923,103.0,106.0,99.0,99.9,-2.6,1079,208
2023-02-16,6796,463176,46649570,100.5,102.0,99.7,100.0,0.1,457,320
2023-02-17,6796,1604581,167419655,100.0,107.0,99.7,102.5,2.5,1376,165
2023-02-20,6796,725041,75184341,103.0,105.5,102.0,102.5,0.0,887,298
2023-02-21,6796,519830,52169668,102.5,102.5,99.5,99.7,-2.8,608,333
2023-02-22,6796,497403,50038861,99.5,102.5,99.0,99.7,0.0,460,353
2023-02-23,6796,581109,59394560,101.0,104.5,100.0,102.0,2.3,498,336
2023-02-24,6796,270461,27437140,103.0,103.0,100.5,100.5,-1.5,226,468
2023-03-01,6796,394453,40410734,101.5,104.0,101.0,101.5,1.0,362,391
2023-03-02,6796,3793398,416415345,103.5,111.5,102.5,111.5,10.0,2513,100
2023-03-03,6796,3275060,374493081,114.0,117.5,111.5,111.5,0.0,2737,113
2023-03-06,6796,803658,88765696,111.0,113.0,108.0,111.5,0.0,737,313
2023-03-07,6796,1126722,129285578,111.0,118.5,111.0,112.5,1.0,1623,242
2023-03-08,6796,669561,76213154,112.0,117.0,111.0,113.0,0.5,630,329
2023-03-09,6796,630991,70269526,115.5,115.5,108.0,111.0,-2.0,603,345
2023-03-10,6796,591333,64656754,111.0,113.5,106.0,106.0,-5.0,561,378
2023-03-13,6796,444700,46132859,104.5,106.0,101.5,105.0,-1.0,417,402
2023-03-14,6796,386433,40587451,105.0,107.5,102.5,102.5,-2.5,404,372
2023-03-15,6796,146992,15259578,105.0,105.0,102.5,102.5,0.0,153,525
2023-03-16,6796,311009,31120221,100.5,102.0,98.0,100.0,-2.5,304,461
2023-03-17,6796,240590,24564664,102.0,104.0,101.0,101.5,1.5,225,454
2023-03-20,6796,201679,20416810,101.5,102.5,100.0,101.0,-0.5,183,459
2023-03-21,6796,319135,32071364,102.5,103.0,99.0,99.5,-1.5,308,420
2023-03-22,6796,517820,52702365,100.0,104.5,99.6,100.0,0.5,416,351
2023-03-23,6796,151972,15420390,100.0,102.5,100.0,101.5,1.5,154,528
2023-03-24,6796,287293,29198223,102.0,104.0,100.5,101.0,-0.5,258,453
2023-03-27,6796,406286,41757043,102.0,104.5,101.0,102.5,1.5,351,389
2023-03-28,6796,840428,88451348,105.0,109.0,102.5,102.5,0.0,740,275
2023-03-29,6796,261879,26932900,103.5,104.0,102.0,103.0,0.5,227,407
2023-03-30,6796,269624,27702934,104.0,104.5,102.0,102.5,-0.5,215,424
2023-03-31,6796,227614,23193794,102.5,103.0,101.5,102.0,-0.5,199,444
2023-04-06,6796,291588,30088813,102.5,105.5,100.5,102.5,0.5,262,430
2023-04-07,6796,162343,16829682,103.5,105.5,102.5,103.0,0.5,173,506
2023-04-10,6796,260704,26990295,103.5,105.0,102.0,104.5,1.5,438,455
2023-04-11,6796,194571,20138767,105.0,105.0,103.0,103.0,-1.5,181,506
2023-04-12,6796,756824,80655139,104.5,109.5,104.0,106.0,3.0,663,329
2023-04-13,6796,862926,94071130,107.0,112.0,105.5,108.5,2.5,795,321
2023-04-14,6796,512518,54940797,111.5,112.0,105.5,105.5,-3.0,535,380
2023-04-17,6796,273358,28998982,106.5,107.0,105.5,105.5,0.0,193,481
2023-04-18,6796,415231,44751603,106.0,110.0,106.0,107.0,1.5,345,417
2023-04-19,6796,1358620,152583741,109.0,117.0,109.0,111.5,4.5,1114,265
2023-04-20,6796,771403,85595097,112.5,115.0,108.0,108.0,-3.5,785,337
2023-04-21,6796,454410,47788457,109.0,109.5,102.5,102.5,-5.5,399,430
2023-04-24,6796,162219,16796727,102.0,104.5,102.0,103.0,0.5,132,504
2023-04-25,6796,373696,37206792,103.5,104.0,97.6,97.6,-5.4,370,445
2023-04-26,6796,261621,24883304,97.0,97.0,93.8,96.1,-1.5,269,446
2023-04-27,6796,118905,11462716,94.5,97.7,94.5,97.2,1.1,144,520
2023-04-28,6796,139576,13753654,98.0,100.0,97.6,97.8,0.6,128,533
2023-05-02,6796,72783,7222682,97.8,99.9,97.8,99.2,1.4,82,627
2023-05-03,6796,179509,18002772,100.0,102.5,99.2,99.2,0.0,168,476
2023-05-04,6796,111626,11180630,100.5,101.5,98.4,100.5,1.3,132,555
2023-05-05,6796,117527,11932498,101.0,103.5,100.0,100.0,-0.5,212,540
2023-05-08,6796,125120,12802332,100.5,104.0,100.5,101.5,1.5,127,546
2023-05-09,6796,154860,15558053,101.5,103.5,99.3,99.3,-2.2,137,535
2023-05-10,6796,98041,9839940,99.5,101.5,99.2,100.5,1.2,83,572
2023-05-11,6796,223325,21562313,100.5,101.0,94.8,96.1,-4.4,241,531
2023-05-12,6796,63059,6122607,96.0,97.8,96.0,97.2,1.1,70,636
2023-05-15,6796,61785,5923471,97.3,97.3,95.3,95.6,-1.6,272,665
2023-05-16,6796,30639,2941278,96.8,96.8,95.1,95.8,0.2,45,794
2023-05-17,6796,35262,3407207,95.8,97.3,95.8,95.8,0.0,40,819
2023-05-18,6796,76364,7316766,95.8,96.3,95.1,95.7,-0.1,88,666
2023-05-19,6796,112171,10593384,95.8,97.8,93.5,94.1,-1.6,134,593
2023-05-22,6796,51144,4849974,95.0,95.8,94.2,95.0,0.9,63,698
2023-05-23,6796,57826,5517066,95.0,96.5,94.6,95.4,0.4,69,696
2023-05-24,6796,83882,7948432,95.4,96.0,94.1,96.0,0.6,85,630
2023-05-25,6796,42762,4049585,94.5,95.7,94.2,95.1,-0.9,47,726
2023-05-26,6796,141495,13145279,94.5,94.5,92.0,92.1,-3.0,189,582
2023-05-29,6796,113944,10424511,91.1,92.4,90.6,91.7,-0.4,110,603
2023-05-30,6796,55846,5092752,91.7,92.0,90.8,90.8,-0.9,97,680
2023-05-31,6796,49607,4514597,90.8,91.6,89.8,91.2,0.4,54,716
2023-06-01,6796,42276,3905179,91.2,93.2,91.2,92.4,1.2,57,757
2023-06-02,6796,268166,25972583,93.4,98.8,93.4,97.8,5.4,272,496
2023-06-05,6796,151137,15007485,98.8,102.0,98.1,98.2,0.4,243,588
2023-06-06,6796,414337,41907031,99.7,103.0,99.5,99.6,1.4,500,419
2023-06-07,6796,96778,9623052,101.5,101.5,98.7,98.7,-0.9,186,645
2023-06-08,6796,207733,20241066,98.7,98.7,97.0,97.3,-1.4,146,535
2023-06-09,6796,33089,3236596,97.4,98.4,97.4,98.1,0.8,33,808
2023-06-12,6796,85763,8390924,98.3,98.5,97.3,97.3,-0.8,118,686
2023-06-13,6796,74095,7163830,97.3,97.6,95.0,96.0,-1.3,80,702
2023-06-14,6796,56640,5489264,96.0,97.5,96.0,97.0,1.0,65,739
2023-06-15,6796,40773,3933753,96.4,97.1,96.0,96.5,-0.5,51,776
2023-06-16,6796,70509,6839706,96.5,97.7,96.5,96.6,0.1,68,725
2023-06-19,6796,38661,3725015,96.6,96.9,96.0,96.1,-0.5,122,787
2023-06-20,6796,43534,4204231,96.5,97.2,95.6,97.2,1.1,43,748
2023-06-21,6796,279890,28160147,98.5,102.0,97.8,100.0,2.8,475,489
2023-06-26,6796,387881,40160696,100.5,106.0,100.0,102.5,2.5,796,430
2023-06-27,6796,201774,20707832,103.0,104.5,100.5,101.0,-1.5,239,540
2023-06-28,6796,360099,37796608,103.5,107.0,102.0,107.0,6.0,469,421
2023-06-29,6796,443033,47121554,107.0,110.0,104.0,104.0,-3.0,585,388
2023-06-30,6796,117523,12240667,105.0,105.5,103.0,104.5,0.5,162,576
2023-07-03,6796,211529,21613604,105.5,105.5,101.5,102.0,-2.5,577,545
2023-07-04,6796,162919,16593811,103.0,104.0,100.0,101.0,-1.0,156,583
2023-07-05,6796,92277,9399274,101.5,103.0,101.0,101.5,0.5,100,667
2023-07-06,6796,78652,8016700,102.5,104.0,100.5,100.5,-1.0,90,705
2023-07-07,6796,101220,10189510,102.0,102.0,99.3,102.0,1.5,128,666
