date,stock_id,Trading_Volume,Trading_money,open,max,min,close,spread,Trading_turnover,Trading_money_rank
2022-05-12,6799,1603306,247221903,151.0,161.0,148.5,153.0,0.0,1294,154
2022-05-13,6799,1808450,294309538,157.5,169.5,155.5,167.5,14.5,1354,127
2022-05-16,6799,1932382,343377695,170.0,188.0,170.0,179.0,11.5,1555,121
2022-05-17,6799,1265642,231236061,178.0,188.0,174.0,186.0,7.0,1173,147
2022-05-18,6799,1721493,333876633,190.0,200.5,186.0,200.0,14.0,1556,132
2022-05-19,6799,1403786,281790652,192.0,214.5,192.0,214.0,14.0,1415,136
2022-05-20,6799,1248779,258853248,206.0,214.0,200.5,201.0,-13.0,1307,136
2022-05-23,6799,732989,145181428,201.5,205.0,193.0,193.0,-8.0,751,186
2022-05-24,6799,813602,153531279,193.0,196.5,183.0,184.5,-8.5,763,180
2022-05-25,6799,1189758,232211742,184.5,202.5,180.0,202.0,17.5,944,145
2022-05-26,6799,830543,163092222,198.5,204.0,190.5,193.5,-8.5,849,177
2022-05-27,6799,794084,157958956,195.5,203.0,193.5,202.0,8.5,731,178
2022-05-30,6799,1554339,334453155,203.0,222.0,200.0,220.0,18.0,1635,143
2022-05-31,6799,1060699,229844014,215.0,222.5,211.5,216.0,-4.0,1097,172
2022-06-01,6799,1269763,280639311,216.0,229.5,212.0,218.0,2.0,1197,146
2022-06-02,6799,498606,108199935,220.5,220.5,215.0,215.5,-2.5,1130,222
2022-06-06,6799,827016,170832872,215.0,215.5,201.0,203.5,-12.0,794,171
2022-06-07,6799,682001,143690346,204.0,217.0,202.5,213.0,9.5,642,177
2022-06-08,6799,556299,115109654,208.5,213.0,202.0,204.0,-9.0,592,217
2022-06-09,6799,449697,90627869,206.5,206.5,198.5,202.0,-2.0,441,232
2022-06-10,6799,604118,125570623,203.0,212.0,200.5,208.0,6.0,724,194
2022-06-13,6799,412570,82633196,198.0,203.5,197.5,200.5,-7.5,542,273
2022-06-14,6799,745418,142004269,199.0,201.0,181.5,194.5,-6.0,734,201
2022-06-15,6799,630188,117445964,194.5,194.5,181.5,182.5,-12.0,1004,226
2022-06-16,6799,932159,164619167,187.0,187.0,169.0,169.5,-13.0,863,203
2022-06-17,6799,500242,85016483,166.0,176.0,164.0,171.0,1.5,462,281
2022-06-20,6799,513882,83914071,170.5,170.5,158.0,160.0,-11.0,459,289
2022-06-21,6799,332663,53615169,163.0,166.5,155.0,163.0,3.0,800,309
2022-06-22,6799,529035,80864471,163.0,163.0,149.0,149.0,-14.0,490,270
2022-06-23,6799,347970,52891155,153.0,157.5,148.5,153.5,4.5,382,313
2022-06-24,6799,339397,53364540,154.0,161.5,152.0,155.0,1.5,324,302
2022-06-27,6799,239079,38368790,156.5,163.5,156.5,158.5,3.5,270,346
2022-06-28,6799,262352,40189702,158.5,158.5,151.0,152.0,-6.5,265,294
2022-06-29,6799,245553,36600691,151.5,151.5,147.0,148.0,-4.0,218,324
2022-06-30,6799,350564,49300363,149.0,149.0,137.5,137.5,-10.5,355,341
2022-07-01,6799,244106,32673639,139.0,141.0,129.5,129.5,-8.0,271,429
2022-07-04,6799,135476,17304236,133.5,133.5,123.5,126.0,-3.5,154,465
2022-07-05,6799,264648,33552183,130.5,131.5,121.5,131.5,5.5,274,364
2022-07-06,6799,230768,29355639,132.5,132.5,122.5,127.5,-4.0,247,372
2022-07-07,6799,294400,38935642,130.0,136.0,123.5,136.0,8.5,354,333
2022-07-08,6799,382942,52131071,133.5,140.0,131.5,139.5,3.5,469,307
2022-07-11,6799,195426,26220926,137.5,139.5,130.0,132.5,-7.0,197,375
2022-07-12,6799,275427,33860197,128.0,128.5,119.5,120.0,-12.5,269,368
2022-07-13,6799,150036,18649326,124.0,126.0,122.0,123.5,3.5,160,429
2022-07-14,6799,175964,22377832,121.5,130.5,120.5,130.5,7.0,185,384
2022-07-15,6799,197824,26073108,128.0,134.5,124.5,133.5,3.0,185,378
2022-07-18,6799,168592,22979914,134.0,139.5,133.0,134.0,0.5,204,398
2022-07-19,6799,135903,18524648,133.5,138.0,133.5,135.0,1.0,134,419
2022-07-20,6799,206871,29164442,141.5,143.5,138.5,141.0,6.0,310,392
2022-07-21,6799,241961,35259015,141.0,150.0,139.0,149.5,8.5,258,349
2022-07-22,6799,301576,44350010,150.0,153.5,141.5,141.5,-8.0,331,323
2022-07-25,6799,103538,14354675,141.5,141.5,136.5,138.0,-3.5,121,431
2022-07-26,6799,227379,29636112,138.0,138.0,128.0,129.0,-9.0,230,354
2022-07-27,6799,140806,18565842,130.0,135.0,129.0,134.0,5.0,152,389
2022-07-28,6799,183351,24361703,137.5,138.0,130.5,130.5,-3.5,161,363
2022-07-29,6799,131746,17605579,133.5,135.5,131.5,132.0,1.5,136,422
2022-08-01,6799,133292,17346234,132.0,133.5,127.5,129.5,-2.5,113,442
2022-08-02,6799,146690,17984611,124.0,125.5,121.0,122.5,0.0,143,462
2022-08-03,6799,134001,16453628,123.5,126.0,121.0,121.5,-1.0,113,451
2022-08-04,6799,175466,20826543,122.0,123.5,115.0,118.5,-3.0,161,436
2022-08-05,6799,99537,12161000,121.0,124.0,121.0,124.0,5.5,98,502
2022-08-08,6799,167785,20802440,122.0,126.5,119.0,125.5,1.5,139,417
2022-08-09,6799,334672,45695736,130.0,138.0,130.0,138.0,12.5,213,296
2022-08-10,6799,775763,110155510,138.0,147.0,135.5,142.0,4.0,668,214
2022-08-11,6799,410067,58312272,143.0,146.0,139.0,141.5,-0.5,454,316
2022-08-12,6799,285583,40558281,142.0,145.0,139.0,141.0,-0.5,273,356
2022-08-15,6799,204811,28778962,139.5,142.0,139.0,140.5,-0.5,204,436
2022-08-16,6799,303119,43137066,140.5,145.0,140.0,140.5,0.0,287,347
2022-08-17,6799,438996,60680726,138.0,144.0,132.5,141.0,0.5,415,298
2022-08-18,6799,155367,21665724,138.0,141.0,138.0,140.0,-1.0,162,446
2022-08-19,6799,832154,123002464,140.0,154.0,140.0,153.5,13.5,652,224
2022-08-22,6799,460147,67250380,148.5,149.5,143.0,143.0,-10.5,510,281
2022-08-23,6799,218380,30722464,143.0,143.0,138.5,141.0,-2.0,219,372
2022-08-24,6799,189841,26948805,141.5,144.0,139.5,142.0,1.0,349,404
2022-08-25,6799,201798,28662721,143.5,144.5,140.0,142.0,0.0,237,404
2022-08-26,6799,233937,33085013,143.5,144.5,139.5,140.5,-1.5,264,395
2022-08-29,6799,180978,24060647,134.0,135.0,131.0,133.0,-7.5,198,457
2022-08-30,6799,305352,41800866,137.5,143.0,133.0,143.0,10.0,257,312
2022-08-31,6799,379368,53644403,139.0,144.5,138.0,141.0,-2.0,366,311
2022-09-01,6799,324161,43835605,140.5,140.5,131.5,133.0,-8.0,368,341
2022-09-02,6799,240846,31971016,134.5,135.5,130.5,131.0,-2.0,207,368
2022-09-05,6799,224512,28276612,132.5,132.5,123.0,125.0,-6.0,215,389
2022-09-06,6799,120091,14985984,126.0,126.5,122.0,123.0,-2.0,131,509
2022-09-07,6799,122010,14596700,122.5,123.0,118.0,119.5,-3.5,127,476
2022-09-08,6799,170466,20455090,119.5,122.5,117.5,121.0,1.5,159,418
2022-09-12,6799,114906,13762082,122.0,122.0,118.5,119.0,-2.0,130,514
2022-09-13,6799,344355,40859054,119.5,121.0,118.0,120.0,1.0,211,342
2022-09-14,6799,182011,21371467,116.5,119.5,115.0,117.5,-2.5,172,411
2022-09-15,6799,236339,28097441,118.0,121.0,117.0,117.0,-0.5,246,380
2022-09-16,6799,258076,28975897,115.5,116.0,109.0,110.0,-7.0,287,392
2022-09-19,6799,344727,35499006,111.0,111.0,99.0,102.5,-7.5,346,347
2022-09-20,6799,244352,24568469,103.5,103.5,98.7,101.0,-1.5,310,355
2022-09-21,6799,92196,9176941,100.0,100.5,98.8,99.2,-1.8,121,533
2022-09-22,6799,356162,34380340,98.6,98.6,95.5,96.7,-2.5,315,345
2022-09-23,6799,275725,25832972,97.3,97.4,91.5,92.2,-4.5,324,388
2022-09-26,6799,367429,32804707,89.0,92.0,88.0,88.8,-3.4,267,426
2022-09-27,6799,156142,13848667,89.5,92.0,87.5,88.8,0.0,147,470
2022-09-28,6799,212581,17886693,89.4,89.4,81.6,82.2,-6.6,222,503
2022-09-29,6799,306331,26075363,85.0,87.4,83.6,85.5,3.3,279,386
2022-09-30,6799,218887,18973740,84.7,89.1,81.6,89.0,3.5,236,424
2022-10-03,6799,124238,11001216,88.0,90.4,87.0,87.5,-1.5,154,463
2022-10-04,6799,302101,27453903,90.1,92.7,88.7,92.4,4.9,229,333
2022-10-05,6799,334729,31594343,94.9,95.8,91.5,92.4,0.0,294,342
2022-10-06,6799,151094,14216204,93.9,96.0,92.4,95.9,3.5,202,405
2022-10-07,6799,177800,17213066,93.7,99.0,93.7,99.0,3.1,174,389
2022-10-11,6799,160263,14810673,95.0,95.4,89.9,91.9,-7.1,204,499
2022-10-12,6799,190145,17874581,94.6,95.3,92.4,94.3,2.4,151,410
2022-10-13,6799,149020,13574529,94.2,95.6,88.0,90.0,-4.3,137,564
2022-10-14,6799,297639,28508734,94.0,98.5,91.8,96.1,6.1,178,349
2022-10-17,6799,113499,10484235,95.4,95.4,90.0,95.0,-1.1,140,493
2022-10-18,6799,130094,12542042,96.9,99.6,94.5,95.9,0.9,88,440
2022-10-19,6799,203814,19613853,95.0,98.0,93.6,94.3,-1.6,215,370
2022-10-20,6799,126251,11830770,93.4,95.7,92.5,95.4,1.1,130,538
2022-10-21,6799,56031,5284939,95.0,96.0,93.2,93.5,-1.9,56,571
2022-10-24,6799,103601,9968700,97.8,97.8,95.1,95.1,1.6,133,486
2022-10-25,6799,172398,16021949,97.0,97.0,90.5,95.2,0.1,229,400
2022-10-26,6799,122411,11711021,95.0,97.0,93.0,97.0,1.8,97,433
2022-10-27,6799,466522,47293963,95.6,105.0,95.6,104.0,7.0,354,261
2022-10-28,6799,300953,31454023,103.5,106.0,102.0,104.5,0.5,265,299
2022-10-31,6799,96560,10072856,104.5,105.5,102.5,105.0,0.5,101,433
2022-11-01,6799,131717,13849716,105.0,106.5,103.5,103.5,-1.5,144,410
2022-11-02,6799,73412,7594141,104.0,104.0,102.5,103.5,0.0,72,505
2022-11-03,6799,41302,4273602,103.0,105.0,103.0,104.0,0.5,102,580
2022-11-04,6799,50751,5226402,104.0,104.0,102.5,103.5,-0.5,54,577
2022-11-07,6799,291269,31101505,104.0,110.5,103.5,106.0,2.5,208,349
2022-11-08,6799,435001,46020437,107.5,109.5,100.5,105.5,-0.5,302,318
2022-11-09,6799,520752,57521687,106.5,114.5,104.5,111.0,5.5,300,302
2022-11-10,6799,83904,8906701,109.0,109.0,105.0,106.5,-4.5,230,517
2022-11-11,6799,161786,17628115,110.0,112.5,107.0,107.5,1.0,162,491
2022-11-14,6799,291398,33118048,108.5,117.0,108.5,114.0,6.5,338,383
2022-11-15,6799,81853,9324917,114.0,116.0,111.5,114.0,0.0,242,570
2022-11-16,6799,95389,10956896,113.5,116.5,113.0,115.5,1.5,173,551
2022-11-17,6799,69570,8024334,115.0,117.0,114.5,115.5,0.0,135,549
2022-11-18,6799,81702,9216973,114.5,116.5,111.0,111.0,-4.5,309,533
2022-11-21,6799,117616,12826502,111.0,112.0,106.5,108.0,-3.0,141,447
2022-11-22,6799,71442,7755887,108.0,110.0,106.0,109.0,1.0,141,517
2022-11-23,6799,55531,6061513,109.0,110.0,108.0,110.0,1.0,64,557
2022-11-24,6799,645152,76260805,112.0,121.0,109.0,121.0,11.0,431,260
2022-11-25,6799,453134,54047367,120.0,121.5,116.5,117.5,-3.5,1248,293
2022-11-28,6799,216691,24834904,114.0,117.0,112.0,115.5,-2.0,295,379
2022-11-29,6799,194709,22194563,115.0,117.0,112.0,115.5,0.0,219,404
2022-11-30,6799,160777,18587425,115.0,117.5,114.5,116.0,0.5,290,484
2022-12-01,6799,354192,43038118,119.0,126.0,118.0,123.5,7.5,759,381
2022-12-02,6799,246235,29770990,124.0,124.0,119.5,120.5,-3.0,758,405
2022-12-05,6799,224490,27131083,120.0,123.0,119.0,120.0,-0.5,314,424
2022-12-06,6799,220920,25290340,118.0,118.0,112.0,112.0,-8.0,1023,434
2022-12-07,6799,261252,28521538,112.0,112.5,106.5,108.0,-4.0,229,411
2022-12-08,6799,142002,15163109,106.0,112.5,104.0,112.5,4.5,129,452
2022-12-09,6799,192025,21100499,112.0,114.0,108.0,108.0,-4.5,161,416
2022-12-12,6799,297196,30570531,107.0,107.0,100.5,102.0,-6.0,222,375
2022-12-13,6799,169262,17282461,103.0,105.0,99.8,99.9,-2.1,145,472
2022-12-14,6799,126613,13026790,100.5,105.0,99.9,104.0,4.1,132,506
2022-12-15,6799,49962,5143883,104.0,104.0,102.0,102.0,-2.0,63,626
2022-12-16,6799,1367451,132703091,100.0,100.5,99.1,99.6,-2.4,71,236
2022-12-19,6799,90495,9048859,99.8,100.5,99.6,100.5,0.9,100,533
2022-12-20,6799,84166,8359657,100.5,101.5,97.0,97.1,-3.4,96,612
2022-12-21,6799,79509,7681536,98.6,98.6,95.5,95.5,-1.6,108,540
2022-12-22,6799,118376,11437786,96.5,99.8,95.0,95.5,0.0,118,460
2022-12-23,6799,39518,3817320,95.0,97.9,95.0,96.1,0.6,36,610
2022-12-26,6799,33201,3145501,96.0,96.0,94.5,94.5,-1.6,67,616
2022-12-27,6799,21293,2030831,96.0,96.0,94.8,95.0,0.5,27,703
2022-12-28,6799,105735,9651889,93.3,93.3,90.5,92.0,-3.0,112,514
2022-12-29,6799,51160,4653980,90.0,92.0,90.0,91.9,-0.1,41,615
2022-12-30,6799,59072,5508322,94.9,95.2,92.2,93.1,1.2,47,546
2023-01-03,6799,23325,2168580,93.1,94.6,91.1,93.2,0.1,30,703
2023-01-04,6799,45391,4350905,93.2,96.8,93.2,96.8,3.6,92,594
2023-01-05,6799,45262,4416515,99.0,99.0,96.1,98.0,1.2,57,611
2023-01-06,6799,194082,19479836,95.7,103.0,95.5,101.0,3.0,158,362
2023-01-09,6799,125924,12868669,103.5,104.0,101.0,101.5,0.5,251,480
2023-01-10,6799,46157,4637531,100.5,102.5,99.0,100.0,-1.5,50,627
2023-01-11,6799,74584,7355297,98.8,99.8,98.3,98.6,-1.4,63,557
2023-01-12,6799,52014,5144579,98.9,99.8,98.2,99.0,0.4,41,593
2023-01-13,6799,53229,5237926,99.0,99.5,97.6,97.7,-1.3,57,592
2023-01-16,6799,22170,2165544,97.3,98.0,97.3,97.9,0.2,25,723
2023-01-17,6799,43472,4233868,97.0,98.0,96.4,97.8,-0.1,49,615
2023-01-30,6799,290729,30005093,99.5,105.0,99.5,104.0,6.2,226,404
2023-01-31,6799,171931,17765393,104.0,105.5,101.5,105.5,1.5,153,467
2023-02-01,6799,1527066,176285149,110.0,116.0,110.0,116.0,10.5,1081,202
2023-02-02,6799,2481209,312160786,122.0,127.5,120.0,127.5,11.5,2124,151
2023-02-03,6799,2498582,324517492,127.5,136.0,124.5,131.0,3.5,2116,125
2023-02-06,6799,1517879,200098126,131.0,137.5,128.0,128.0,-3.0,1108,162
2023-02-07,6799,1089346,142750986,128.0,134.0,128.0,130.5,2.5,889,196
2023-02-08,6799,1952238,266558361,131.0,141.5,130.5,135.0,4.5,1927,128
2023-02-09,6799,3596994,517434867,136.5,148.5,136.0,145.5,10.5,2905,67
2023-02-10,6799,3387554,490786659,145.5,152.5,140.0,140.5,-5.0,3314,80
2023-02-13,6799,1467018,205298601,142.0,145.0,136.0,136.0,-4.5,1178,148
2023-02-14,6799,1080739,145055499,138.0,139.0,132.0,133.0,-3.0,917,181
2023-02-15,6799,1130719,148086577,134.0,136.0,126.5,127.5,-5.5,916,189
2023-02-16,6799,1407949,186105934,128.0,135.5,128.0,134.5,7.0,1079,178
2023-02-17,6799,1399511,190582503,132.0,139.0,132.0,138.0,3.5,1004,155
2023-02-20,6799,693127,95305456,140.0,140.0,135.0,136.5,-1.5,578,261
2023-02-21,6799,1140250,150421989,136.5,137.5,129.0,129.0,-7.5,1046,197
2023-02-22,6799,573062,73858179,126.5,131.5,126.5,127.5,-1.5,492,292
2023-02-23,6799,1116567,148485234,128.0,136.5,127.5,133.5,6.0,924,219
2023-02-24,6799,2819326,386726620,137.0,141.0,131.5,131.5,-2.0,2202,133
2023-03-01,6799,3366664,470340455,131.5,143.5,130.5,140.0,8.5,2453,103
2023-03-02,6799,6653433,989878304,142.5,154.0,141.5,154.0,14.0,4993,51
2023-03-03,6799,13864155,2271561174,160.5,169.0,156.0,157.0,3.0,9370,23
2023-03-06,6799,4879471,786023117,162.5,165.5,157.0,161.5,4.5,3488,63
2023-03-07,6799,3117221,503731693,161.0,167.5,156.0,167.0,5.5,2599,97
2023-03-08,6799,3499997,574650788,164.5,167.0,160.5,163.0,-4.0,2732,104
2023-03-09,6799,7169367,1181355023,171.0,174.0,156.0,156.0,-7.0,5797,49
2023-03-10,6799,3032492,470808171,156.5,160.0,149.0,151.5,-4.5,2652,119
2023-03-13,6799,1889154,278030338,147.5,151.5,143.0,148.0,-3.5,1583,162
2023-03-14,6799,3600146,554228098,147.5,159.5,146.5,152.5,4.5,3031,85
2023-03-15,6799,7877057,1295255028,157.0,167.5,156.5,167.5,15.0,5576,33
2023-03-16,6799,7140476,1190402461,167.5,170.0,163.5,165.0,-2.5,5428,41
2023-03-17,6799,3329828,509346690,161.5,161.5,148.5,148.5,-16.5,3738,118
2023-03-20,6799,2983635,424398167,146.0,147.0,139.0,141.0,-7.5,2375,97
2023-03-21,6799,1296366,184165237,143.0,144.5,140.0,140.0,-1.0,1069,183
2023-03-22,6799,3199459,472541749,144.0,152.0,144.0,148.0,8.0,2677,102
2023-03-23,6799,3681002,570681931,152.5,157.5,152.0,154.5,6.5,3120,80
2023-03-24,6799,3893302,615658595,158.0,163.5,154.0,154.0,-0.5,3510,81
2023-03-27,6799,2849271,454884003,158.0,163.0,156.0,156.0,2.0,2692,100
2023-03-28,6799,1581885,242503696,156.5,157.0,150.0,152.0,-4.0,2609,167
2023-03-29,6799,1353282,208989736,154.5,157.0,151.5,155.5,3.5,1506,177
2023-03-30,6799,3089262,493465998,158.5,162.0,156.0,159.0,3.5,2571,88
2023-03-31,6799,9038281,1497377195,163.0,171.0,158.0,159.0,0.0,7426,28
2023-04-06,6799,1347921,211999612,159.5,160.5,154.5,158.5,-0.5,1277,178
2023-04-07,6799,1766450,273523717,158.5,159.5,152.0,152.5,-6.0,1648,131
2023-04-10,6799,1638483,247121951,152.5,155.0,147.5,155.0,2.5,1678,137
2023-04-11,6799,985869,151225233,155.5,156.5,150.5,151.5,-3.5,967,221
2023-04-12,6799,924302,141762838,152.0,155.5,150.0,154.5,3.0,797,247
2023-04-13,6799,755341,114088387,152.5,153.5,149.5,151.5,-3.0,705,287
2023-04-14,6799,1000692,153825319,153.0,156.0,151.5,152.0,0.5,887,242
2023-04-17,6799,4472048,721054015,151.0,166.0,151.0,164.5,12.5,3817,74
2023-04-18,6799,8515996,1494765637,164.0,180.5,163.0,180.5,16.0,6137,35
2023-04-19,6799,7657908,1402602271,188.0,189.0,179.0,181.0,0.5,7477,43
2023-04-20,6799,4324825,747436285,183.5,184.0,165.5,166.0,-15.0,3327,72
2023-04-21,6799,8940493,1567603567,167.0,182.5,166.5,178.5,12.5,7758,40
2023-04-24,6799,11890365,2189679273,175.5,192.5,171.5,192.5,14.0,10742,18
2023-04-25,6799,6766302,1231436925,188.5,191.0,173.5,173.5,-19.0,5247,44
2023-04-26,6799,6614315,1063476736,169.5,170.0,156.5,157.0,-16.5,4950,45
2023-04-27,6799,5781297,923036914,159.0,165.0,154.5,157.5,0.5,5153,52
2023-04-28,6799,5110622,809813507,159.5,165.5,153.5,154.0,-3.5,4322,67
2023-05-02,6799,3231475,519105541,157.0,164.5,155.5,162.5,8.5,2594,87
2023-05-03,6799,4032875,628903908,161.5,163.0,153.0,154.5,-8.0,3570,63
2023-05-04,6799,2282114,356289469,154.0,159.0,152.0,158.0,3.5,1897,128
2023-05-05,6799,1784893,278979360,158.0,160.0,153.5,156.5,-1.5,1493,135
2023-05-08,6799,1031017,162742472,159.0,160.0,156.5,156.5,0.0,938,212
2023-05-09,6799,2145134,320656340,157.5,158.0,147.0,147.5,-9.0,2013,135
2023-05-10,6799,849965,125418145,148.5,150.0,146.0,146.5,-1.0,806,229
2023-05-11,6799,2168445,308088905,149.5,149.5,139.0,140.5,-6.0,2202,138
2023-05-12,6799,1847428,260627222,138.5,145.5,136.5,144.0,3.5,1437,150
2023-05-15,6799,909245,127849040,141.0,145.5,138.0,139.5,-4.5,847,216
2023-05-16,6799,529843,75100785,143.5,143.5,139.5,139.5,0.0,514,281
2023-05-17,6799,563637,80062271,140.5,144.0,140.0,142.0,2.5,510,304
2023-05-18,6799,675788,96424861,144.5,144.5,141.0,142.5,0.5,552,279
2023-05-19,6799,658382,93528047,144.5,144.5,140.0,140.0,-2.5,543,287
2023-05-22,6799,3241583,487166482,144.5,153.0,144.5,150.0,10.0,2606,94
2023-05-23,6799,3999951,627479885,152.0,160.0,152.0,158.0,8.0,3344,79
2023-05-24,6799,2010040,318150709,156.5,161.5,154.0,160.0,2.0,2516,139
2023-05-25,6799,1179057,187140162,162.0,164.0,156.5,156.5,-3.5,1063,205
2023-05-26,6799,1286187,199550886,158.5,160.5,150.0,151.5,-5.0,1151,206
2023-05-29,6799,2185591,347696414,154.0,161.5,153.5,158.0,6.5,1881,139
2023-05-30,6799,5420017,892955629,163.5,169.5,160.0,160.0,2.0,5216,72
2023-05-31,6799,2068874,335518368,160.5,165.0,160.0,160.0,0.0,1990,171
2023-06-01,6799,2381444,392694841,160.0,167.5,159.5,167.5,7.5,2091,139
2023-06-02,6799,1179286,194491024,167.5,168.5,163.5,163.5,-4.0,1805,236
2023-06-05,6799,1442745,239334552,164.0,168.5,163.5,163.5,0.0,1232,200
2023-06-06,6799,766471,122660264,164.5,165.0,158.0,158.0,-5.5,936,285
2023-06-07,6799,1063740,172675021,161.0,165.0,159.5,161.5,3.5,988,244
2023-06-08,6799,642092,101619507,161.0,161.5,156.5,158.5,-3.0,733,326
2023-06-09,6799,733407,118194160,161.0,163.0,158.5,163.0,4.5,669,305
2023-06-12,6799,696867,111547403,163.5,164.5,158.0,160.5,-2.5,656,313
2023-06-13,6799,1246736,204661087,163.5,167.0,160.5,163.5,3.0,1122,241
2023-06-14,6799,1578031,248153481,164.0,165.0,152.5,154.0,-9.5,1628,210
2023-06-15,6799,1396105,210686155,154.5,155.0,149.0,152.5,-1.5,1335,225
2023-06-16,6799,793065,119462289,152.0,153.0,149.0,150.0,-2.5,684,326
2023-06-19,6799,635480,96736362,151.0,155.0,149.5,151.0,1.0,557,322
2023-06-20,6799,769598,113100577,151.0,151.0,145.0,146.5,-4.5,872,286
2023-06-21,6799,316234,45985927,146.5,147.0,143.5,146.0,-0.5,356,412
2023-06-26,6799,304787,43456629,145.0,145.0,141.5,141.5,-4.5,390,422
2023-06-27,6799,615257,88017136,142.0,146.5,139.5,143.0,1.5,592,322
2023-06-28,6799,339051,48428089,144.0,144.5,141.5,141.5,-1.5,320,381
2023-06-29,6799,1039257,153651876,143.0,151.5,143.0,147.0,5.5,959,239
2023-06-30,6799,928517,139910823,150.5,152.0,149.0,151.0,4.0,801,252
2023-07-03,6799,421499,63309811,152.5,153.0,149.0,149.0,-2.0,419,386
2023-07-04,6799,380986,56239680,149.5,149.5,146.5,147.0,-2.0,343,404
2023-07-05,6799,346356,51359846,148.5,151.0,147.0,147.0,0.0,302,426
2023-07-06,6799,1521149,231651094,145.5,157.5,144.5,148.5,0.0,1184,223
2023-07-07,6799,659897,99148726,152.5,152.5,148.5,148.5,0.0,565,343
