date,stock_id,Trading_Volume,Trading_money,open,max,min,close,spread,Trading_turnover,Trading_money_rank
2022-04-25,6807,1893451,75440981,39.4,40.6,38.8,40.35,0.0,901,334
2022-04-26,6807,986103,40489867,40.8,41.75,40.6,40.6,0.25,678,362
2022-04-27,6807,363534,14346129,39.3,40.0,38.95,39.3,-1.3,275,572
2022-04-28,6807,240000,9476250,39.9,39.9,39.25,39.25,-0.05,148,535
2022-04-29,6807,542468,20875686,39.1,39.25,37.95,38.0,-1.25,371,433
2022-05-03,6807,293507,10744259,38.0,38.0,36.15,36.2,-1.8,226,493
2022-05-04,6807,117175,4264994,36.9,36.9,36.15,36.4,0.2,80,623
2022-05-05,6807,67382,2463551,36.5,36.75,36.45,36.45,0.05,69,724
2022-05-06,6807,95020,3397370,36.05,36.05,35.6,36.0,-0.45,71,697
2022-05-09,6807,142000,5039100,35.65,35.75,35.4,35.45,-0.55,84,700
2022-05-10,6807,177000,6089850,34.95,34.95,34.1,34.6,-0.85,115,636
2022-05-11,6807,44001,1519534,34.6,34.6,34.45,34.45,-0.15,30,799
2022-05-12,6807,133000,4488700,34.05,34.35,32.2,33.7,-0.75,88,735
2022-05-13,6807,917247,28354707,32.8,32.8,30.35,30.35,-3.35,494,398
2022-05-16,6807,316481,9067554,30.0,30.0,27.5,28.75,-1.6,219,568
2022-05-17,6807,170000,4838200,28.1,29.0,27.65,29.0,0.25,100,642
2022-05-18,6807,126000,3717950,29.5,29.95,29.25,29.7,0.7,97,716
2022-05-19,6807,36000,1050250,28.8,29.5,28.8,29.45,-0.25,30,826
2022-05-20,6807,87095,2535771,29.2,29.25,29.0,29.2,-0.25,73,706
2022-05-23,6807,36000,1047550,29.1,29.35,29.0,29.3,0.1,29,824
2022-05-24,6807,52000,1510850,29.3,29.35,28.8,28.95,-0.35,40,788
2022-05-25,6807,25000,725850,28.9,29.2,28.9,28.95,0.0,19,855
2022-05-26,6807,56048,1625044,29.0,29.1,28.9,28.95,0.0,43,778
2022-05-27,6807,42199,1225120,29.0,29.1,29.0,29.0,0.05,24,823
2022-05-30,6807,28000,818950,29.3,29.75,29.1,29.5,0.5,22,878
2022-05-31,6807,26191,770441,29.5,29.5,29.25,29.25,-0.25,29,850
2022-06-01,6807,32000,929950,29.05,29.15,29.0,29.0,-0.25,25,858
2022-06-02,6807,47000,1368050,28.95,29.4,28.95,29.2,0.2,32,803
2022-06-06,6807,104046,3139143,29.2,30.9,29.2,30.75,1.55,88,701
2022-06-07,6807,50512,1535017,31.0,31.0,30.2,30.25,-0.5,33,797
2022-06-08,6807,22001,663030,30.0,30.4,30.0,30.4,0.15,20,879
2022-06-09,6807,22000,663050,30.4,30.4,30.05,30.1,-0.3,19,882
2022-06-10,6807,341326,11202788,31.95,33.1,31.4,33.1,3.0,257,515
2022-06-13,6807,213793,6721337,31.5,33.05,30.2,32.2,-0.9,164,650
2022-06-14,6807,91268,2826956,31.4,31.6,30.75,30.95,-1.25,91,773
2022-06-15,6807,48002,1496962,31.0,32.0,30.9,31.65,0.7,47,854
2022-06-16,6807,71347,2217452,31.9,31.9,30.8,30.8,-0.85,70,790
2022-06-17,6807,93075,2795776,30.0,30.55,29.8,30.1,-0.7,67,757
2022-06-20,6807,70062,2081556,30.1,30.5,29.45,29.5,-0.6,49,812
2022-06-21,6807,11000,330000,30.0,30.05,29.9,30.05,0.55,11,935
2022-06-22,6807,4000,118850,29.7,29.75,29.7,29.7,-0.35,4,941
2022-06-23,6807,8002,237259,29.7,29.7,29.55,29.7,0.0,8,944
2022-06-24,6807,12000,361350,30.5,30.5,29.85,30.1,0.4,12,928
2022-06-27,6807,28000,847300,30.1,30.5,30.05,30.5,0.4,26,886
2022-06-28,6807,20238,608411,30.9,30.9,29.8,30.0,-0.5,19,868
2022-06-29,6807,16238,485390,30.4,30.4,29.7,29.8,-0.2,15,880
2022-06-30,6807,12000,358400,29.9,30.0,29.55,29.55,-0.25,12,928
2022-07-01,6807,22020,650490,29.95,29.95,29.25,29.25,-0.3,21,927
2022-07-04,6807,20000,591400,30.25,30.25,29.25,29.25,0.0,16,901
2022-07-05,6807,18000,529050,29.95,29.95,29.25,29.8,0.55,12,909
2022-07-06,6807,37000,1071000,29.85,29.85,28.5,29.2,-0.6,26,850
2022-07-07,6807,15000,440400,29.0,29.7,29.0,29.65,0.45,14,905
2022-07-08,6807,28003,821638,29.6,29.6,29.15,29.5,-0.15,22,862
2022-07-11,6807,28032,833438,29.5,29.95,29.5,29.5,0.0,21,843
2022-07-12,6807,15132,438451,29.0,29.4,28.75,29.4,-0.1,14,918
2022-07-13,6807,24105,714450,30.2,30.2,29.1,29.15,-0.25,19,871
2022-07-14,6807,23030,672287,28.85,29.5,28.85,29.5,0.35,23,855
2022-07-15,6807,53044,1550171,29.5,29.75,29.0,29.75,0.25,55,774
2022-07-18,6807,30000,842200,27.45,28.5,27.45,28.0,0.0,26,855
2022-07-19,6807,83101,2287131,27.8,27.8,27.3,27.3,-0.7,64,715
2022-07-20,6807,19000,522300,27.7,27.7,27.3,27.7,0.4,18,919
2022-07-21,6807,7000,194800,27.95,27.95,27.5,27.5,-0.2,6,933
2022-07-22,6807,1000,27850,27.85,27.85,27.85,27.85,0.35,1,959
2022-07-25,6807,12005,333890,27.8,27.85,27.8,27.85,0.0,11,902
2022-07-26,6807,17000,477250,27.95,28.25,27.45,28.25,0.4,15,914
2022-07-27,6807,6212,174705,28.0,28.2,28.0,28.2,-0.05,7,931
2022-07-28,6807,16000,444600,28.35,28.35,27.6,27.6,-0.6,13,916
2022-07-29,6807,5000,139650,27.8,28.1,27.7,28.05,0.45,5,944
2022-08-01,6807,12000,332950,28.05,28.05,27.3,28.0,-0.05,11,914
2022-08-02,6807,24000,657800,27.55,27.7,26.8,27.7,-0.3,18,876
2022-08-03,6807,42000,1156700,27.3,28.45,27.2,28.15,0.45,34,823
2022-08-04,6807,17103,467486,27.2,27.9,27.2,27.75,-0.4,19,909
2022-08-05,6807,12000,332800,27.9,27.95,27.4,27.7,-0.05,9,927
2022-08-08,6807,4000,110700,27.7,27.7,27.6,27.6,-0.1,4,946
2022-08-09,6807,6000,166600,27.65,27.95,27.65,27.75,0.15,6,935
2022-08-10,6807,17000,474150,27.7,27.95,27.7,27.95,0.2,14,914
2022-08-11,6807,32000,904000,28.25,28.45,28.0,28.05,0.1,24,878
2022-08-12,6807,10000,280450,28.05,28.1,28.0,28.1,0.05,9,932
2022-08-15,6807,28000,786800,28.4,28.4,28.05,28.05,-0.05,16,905
2022-08-16,6807,19000,534950,28.0,28.5,27.9,28.5,0.45,14,912
2022-08-17,6807,7004,199266,28.8,28.8,28.2,28.2,-0.3,10,950
2022-08-18,6807,13008,368428,28.4,28.4,28.2,28.4,0.2,16,912
2022-08-19,6807,13000,367950,28.6,28.6,28.2,28.2,-0.2,13,926
2022-08-22,6807,8000,223600,27.85,28.2,27.85,27.95,-0.25,8,940
2022-08-23,6807,26091,727652,27.95,27.95,27.75,27.95,0.0,21,875
2022-08-24,6807,11172,311098,27.75,27.9,27.75,27.9,-0.05,17,929
2022-08-25,6807,25050,708850,28.1,28.5,28.1,28.15,0.25,23,903
2022-08-26,6807,13201,371248,28.3,28.3,27.95,28.0,-0.15,13,934
2022-08-29,6807,45474,1297471,28.2,28.9,28.15,28.8,0.8,48,874
2022-08-30,6807,38140,1090816,28.9,28.9,28.45,28.75,-0.05,39,871
2022-08-31,6807,22170,629540,28.25,28.7,28.25,28.7,-0.05,24,898
2022-09-01,6807,35001,990579,28.45,28.45,28.25,28.3,-0.4,26,904
2022-09-02,6807,12213,345406,28.3,28.3,28.25,28.25,-0.05,15,927
2022-09-05,6807,22000,634900,28.75,29.15,28.35,28.9,0.65,21,889
2022-09-06,6807,22146,634879,29.0,29.05,28.4,28.4,-0.5,28,892
2022-09-07,6807,16000,449650,28.1,28.15,28.05,28.1,-0.3,10,920
2022-09-08,6807,9001,255078,28.25,28.5,28.25,28.3,0.2,8,922
2022-09-12,6807,14577,413294,28.3,28.65,28.25,28.65,0.35,18,921
2022-09-13,6807,21021,601754,28.6,28.65,28.5,28.65,0.0,17,897
2022-09-14,6807,12048,338198,27.8,28.2,27.8,28.2,-0.45,11,923
2022-09-15,6807,14000,393450,28.1,28.2,28.05,28.1,-0.1,11,932
2022-09-16,6807,21067,589729,28.0,28.15,27.8,28.15,0.05,20,901
2022-09-19,6807,33000,911300,27.9,27.95,27.0,27.55,-0.6,22,873
2022-09-20,6807,4000,112000,27.65,28.35,27.65,28.35,0.8,3,947
2022-09-21,6807,9200,254318,27.6,27.8,27.6,27.8,-0.55,9,940
2022-09-22,6807,6000,165600,27.65,27.75,27.5,27.75,-0.05,6,941
2022-09-23,6807,35000,954900,27.45,27.6,27.1,27.6,-0.15,23,856
2022-09-26,6807,10000,271000,27.2,27.3,27.0,27.1,-0.5,10,943
2022-09-27,6807,12046,324714,27.0,27.05,26.8,27.0,-0.1,13,914
2022-09-28,6807,17100,457000,27.0,27.0,26.45,26.7,-0.3,15,939
2022-09-29,6807,2089,55961,26.7,26.9,26.7,26.9,0.2,5,952
2022-09-30,6807,6000,159600,26.2,27.45,26.15,27.45,0.55,5,932
2022-10-03,6807,2000,53850,26.95,26.95,26.9,26.9,-0.55,2,951
2022-10-04,6807,16030,430237,26.9,26.9,26.7,26.9,0.0,9,903
2022-10-05,6807,33029,890829,27.1,27.2,26.6,26.6,-0.3,21,872
2022-10-06,6807,4136,110003,26.6,26.6,26.6,26.6,0.0,7,929
2022-10-07,6807,16000,421800,26.6,26.6,26.2,26.6,0.0,11,875
2022-10-11,6807,12033,313461,26.2,26.25,25.85,26.25,-0.35,8,934
2022-10-12,6807,20000,514200,26.1,26.1,25.6,25.95,-0.3,19,884
2022-10-13,6807,28000,705600,25.6,25.6,25.0,25.45,-0.5,22,914
2022-10-14,6807,25114,627451,25.45,25.45,24.6,24.95,-0.5,25,891
2022-10-17,6807,14000,343100,25.05,25.05,24.2,24.8,-0.15,14,907
2022-10-18,6807,1000,24950,24.95,24.95,24.95,24.95,0.15,1,959
2022-10-19,6807,40,1000,0.0,0.0,0.0,0.0,0.0,4,959
2022-10-20,6807,3000,74100,24.85,24.85,24.45,24.45,0.0,3,947
2022-10-21,6807,8001,195476,24.55,24.55,24.3,24.3,-0.15,9,926
2022-10-24,6807,3001,74174,24.7,24.75,24.7,24.7,0.4,4,947
2022-10-25,6807,8000,198950,24.85,24.9,24.85,24.85,0.15,8,945
2022-10-26,6807,4000,99600,25.0,25.0,24.8,24.8,-0.05,4,949
2022-10-27,6807,10000,245350,24.2,24.95,24.2,24.75,-0.05,10,923
2022-10-28,6807,15000,364500,24.25,24.4,24.25,24.25,-0.5,11,875
2022-10-31,6807,17032,411261,24.25,24.25,24.0,24.15,-0.1,11,877
2022-11-01,6807,28000,669400,24.1,24.1,23.8,23.85,-0.3,18,842
2022-11-02,6807,26200,629789,24.0,24.3,24.0,24.2,0.35,25,850
2022-11-03,6807,11000,266450,24.65,24.65,23.9,24.3,0.1,11,908
2022-11-04,6807,6000,146350,24.55,24.55,24.3,24.3,0.0,5,940
2022-11-07,6807,37000,917150,24.4,25.7,24.4,25.5,1.2,23,849
2022-11-08,6807,35080,903309,25.6,25.95,25.4,25.95,0.45,22,849
2022-11-09,6807,31000,798950,26.45,26.45,25.6,25.95,0.0,19,874
2022-11-10,6807,33064,845782,25.7,25.8,25.5,25.75,-0.2,17,834
2022-11-11,6807,36000,928300,26.0,26.05,25.15,25.65,-0.1,21,881
2022-11-14,6807,2000,51250,25.6,25.65,25.6,25.65,0.0,2,959
2022-11-15,6807,24198,627828,25.9,26.2,25.65,26.2,0.55,25,902
2022-11-16,6807,74,1928,0.0,0.0,0.0,0.0,0.0,6,963
2022-11-17,6807,9642,248012,26.1,26.1,25.6,25.95,0.0,12,931
2022-11-18,6807,2090,54485,26.15,26.15,26.0,26.0,0.05,3,957
2022-11-21,6807,1000,25950,25.95,25.95,25.95,25.95,-0.05,1,959
2022-11-22,6807,3000,77550,26.0,26.0,25.6,25.95,0.0,3,953
2022-11-23,6807,10001,254125,25.5,25.5,25.4,25.4,-0.55,7,921
2022-11-24,6807,6000,155700,26.1,26.1,25.8,25.8,0.4,5,946
2022-11-25,6807,5000,127350,25.75,25.75,25.25,25.75,-0.05,5,933
2022-11-28,6807,12000,308650,25.9,25.9,25.5,25.5,-0.25,9,918
2022-11-29,6807,3050,77725,25.75,25.75,25.15,25.55,0.05,4,956
2022-11-30,6807,13000,335450,25.75,26.0,25.35,26.0,0.45,13,933
2022-12-01,6807,88,2288,0.0,0.0,0.0,0.0,0.0,1,963
2022-12-02,6807,52062,1340196,25.45,26.1,25.45,26.1,0.0,21,837
2022-12-05,6807,21109,540184,25.5,25.95,25.5,25.6,-0.5,23,920
2022-12-06,6807,7001,179227,25.85,25.85,25.3,25.75,0.15,7,949
2022-12-07,6807,18051,463976,25.75,25.85,25.6,25.6,-0.15,16,917
2022-12-08,6807,10000,254650,25.75,25.75,25.3,25.4,-0.2,10,929
2022-12-09,6807,6000,153750,25.75,25.75,25.45,25.45,0.05,6,943
2022-12-12,6807,4000,101600,25.45,25.45,25.35,25.35,-0.1,4,950
2022-12-13,6807,6002,152600,25.45,25.6,25.35,25.45,0.1,8,945
2022-12-14,6807,43175,1086403,25.2,25.45,25.1,25.2,-0.25,29,856
2022-12-15,6807,9001,226575,25.25,25.25,25.1,25.2,0.0,10,947
2022-12-16,6807,12050,303159,25.0,25.25,25.0,25.15,-0.05,14,944
2022-12-19,6807,5000,126200,25.4,25.4,25.15,25.15,0.0,5,943
2022-12-20,6807,30003,755525,25.65,25.65,24.9,25.3,0.15,21,894
2022-12-21,6807,24000,595700,25.0,25.0,24.6,24.6,-0.7,17,881
2022-12-22,6807,16147,403248,25.25,25.3,24.65,25.0,0.4,18,883
2022-12-23,6807,8000,197950,25.1,25.1,24.6,25.05,0.05,8,932
2022-12-26,6807,4000,99100,24.75,24.95,24.65,24.95,-0.1,4,944
2022-12-27,6807,3000,75000,25.0,25.0,25.0,25.0,0.05,3,952
2022-12-28,6807,9101,225553,25.0,25.0,24.7,24.95,-0.05,9,934
2022-12-29,6807,22,547,0.0,0.0,0.0,0.0,0.0,3,966
2022-12-30,6807,2002,49948,24.95,24.95,24.95,24.95,0.0,4,956
2023-01-03,6807,5007,123922,24.7,24.95,24.6,24.9,-0.05,8,948
2023-01-04,6807,10000,246450,24.8,24.8,24.5,24.75,-0.15,10,911
2023-01-05,6807,11082,272300,24.5,24.65,24.5,24.65,-0.1,12,921
2023-01-06,6807,27100,661400,24.65,24.65,24.1,24.5,-0.15,22,851
2023-01-09,6807,5199,127675,24.8,24.8,24.3,24.6,0.1,8,954
2023-01-10,6807,14204,348446,24.7,24.7,24.35,24.5,-0.1,19,915
2023-01-11,6807,7224,176700,24.5,24.55,24.35,24.55,0.05,10,934
2023-01-12,6807,3000,74150,24.55,24.8,24.55,24.8,0.25,3,956
2023-01-13,6807,3000,74350,24.85,24.85,24.7,24.8,0.0,3,954
2023-01-16,6807,11000,274050,24.8,25.0,24.8,25.0,0.2,10,923
2023-01-17,6807,25100,628154,24.95,25.1,24.95,25.0,0.0,14,873
2023-01-30,6807,2000,50150,25.2,25.2,24.95,24.95,-0.05,2,964
2023-01-31,6807,32100,815270,25.2,25.55,25.2,25.55,0.6,29,867
2023-02-01,6807,7000,178500,25.7,25.7,25.35,25.6,0.05,6,950
2023-02-02,6807,11000,281350,25.7,25.7,25.3,25.6,0.0,10,935
2023-02-03,6807,17000,429350,25.6,25.6,25.1,25.45,-0.15,10,920
2023-02-06,6807,19100,478708,25.1,25.55,24.95,25.05,-0.4,23,908
2023-02-07,6807,11000,275800,25.05,25.25,25.0,25.0,-0.05,11,930
2023-02-08,6807,38000,954800,25.45,25.45,24.9,25.45,0.45,27,874
2023-02-09,6807,20000,500450,25.05,25.35,24.95,25.35,-0.1,17,910
2023-02-10,6807,0,0,0.0,0.0,0.0,0.0,0.0,0,966
2023-02-13,6807,2000,50200,25.1,25.1,25.1,25.1,0.0,2,961
2023-02-14,6807,15100,379450,25.3,25.35,25.0,25.3,0.2,14,921
2023-02-15,6807,11005,275130,25.05,25.05,24.95,24.95,-0.35,7,940
2023-02-16,6807,37000,921500,25.3,25.3,24.5,24.5,-0.45,29,878
2023-02-17,6807,28050,696900,24.5,25.0,24.5,24.85,0.35,21,879
2023-02-20,6807,23000,574550,25.1,25.15,24.7,25.0,0.15,20,928
2023-02-21,6807,8000,200550,25.2,25.2,24.85,25.1,0.1,8,957
2023-02-22,6807,14000,347800,24.8,25.1,24.7,24.85,-0.25,11,943
2023-02-23,6807,35161,879730,24.75,25.35,24.75,24.95,0.1,23,910
2023-02-24,6807,48159,1207845,25.0,25.3,24.9,25.0,0.05,36,866
2023-03-01,6807,28007,698032,24.9,25.0,24.9,24.95,-0.05,27,905
2023-03-02,6807,29000,730950,24.95,25.4,24.95,25.1,0.15,24,898
2023-03-03,6807,28060,709165,25.1,25.4,25.05,25.3,0.2,18,907
2023-03-06,6807,75142,1953842,25.4,26.7,25.4,26.65,1.35,66,860
2023-03-07,6807,52090,1381210,26.65,26.8,26.1,26.45,-0.2,39,879
2023-03-08,6807,22084,582392,26.35,26.75,26.1,26.75,0.3,24,925
2023-03-09,6807,14274,378275,26.75,26.75,26.3,26.5,-0.25,22,944
2023-03-10,6807,12006,312256,26.15,26.2,25.55,26.05,-0.45,17,949
2023-03-13,6807,25429,647504,25.55,25.95,25.35,25.95,-0.1,21,926
2023-03-14,6807,11000,285500,26.35,26.35,25.7,25.95,0.0,10,945
2023-03-15,6807,22000,576800,26.2,26.4,26.0,26.4,0.45,15,927
2023-03-16,6807,7000,182500,26.4,26.4,25.9,26.1,-0.3,6,959
2023-03-17,6807,35000,898250,26.35,26.35,25.5,25.55,-0.55,23,881
2023-03-20,6807,5028,128713,25.7,25.75,25.45,25.75,0.2,7,955
2023-03-21,6807,24000,612600,25.45,25.9,25.4,25.75,0.0,12,921
2023-03-22,6807,4015,103042,25.75,25.75,25.55,25.75,0.0,5,967
2023-03-23,6807,12000,308700,25.75,25.9,25.5,25.8,0.05,11,948
2023-03-24,6807,348043,9687210,26.55,28.35,26.5,28.35,2.55,220,623
2023-03-27,6807,290789,8254636,28.95,29.4,27.5,27.9,-0.45,222,644
2023-03-28,6807,122550,3363756,27.65,27.85,27.35,27.4,-0.5,101,777
2023-03-29,6807,41076,1129652,27.35,27.8,27.35,27.7,0.3,36,861
2023-03-30,6807,39090,1081344,27.9,27.9,27.5,27.8,0.1,33,866
2023-03-31,6807,29160,807512,27.8,28.05,27.55,27.9,0.1,31,904
2023-04-06,6807,89212,2512742,28.0,28.35,27.85,28.35,0.45,57,801
2023-04-07,6807,46041,1306462,28.3,28.55,28.15,28.5,0.15,31,863
2023-04-10,6807,53104,1501062,28.35,28.6,28.15,28.4,-0.1,27,862
2023-04-11,6807,43299,1222988,28.6,28.6,28.15,28.4,0.0,28,888
2023-04-12,6807,403097,12235550,29.0,31.2,29.0,31.0,2.6,287,608
2023-04-13,6807,135207,4061114,30.7,30.8,29.5,30.3,-0.7,108,780
2023-04-14,6807,50268,1514071,30.3,30.5,29.8,29.8,-0.5,38,884
2023-04-17,6807,57205,1732774,29.8,31.55,29.6,31.0,1.2,57,877
2023-04-18,6807,66086,2053695,31.0,31.25,30.5,31.2,0.2,43,854
2023-04-19,6807,89259,2734131,31.25,31.65,30.4,30.4,-0.8,50,835
2023-04-20,6807,68000,2058000,30.4,30.7,30.05,30.05,-0.35,26,845
2023-04-21,6807,56230,1671523,30.05,30.05,29.6,29.65,-0.4,35,870
2023-04-24,6807,17031,508989,29.7,30.0,29.7,30.0,0.35,15,916
2023-04-25,6807,34298,1014338,30.0,30.0,29.3,29.7,-0.3,37,897
2023-04-26,6807,15078,440645,29.6,29.6,29.0,29.45,-0.25,16,924
2023-04-27,6807,15087,440352,29.3,29.35,29.1,29.35,-0.1,11,914
2023-04-28,6807,7000,206400,29.35,29.75,29.2,29.55,0.2,7,953
2023-05-02,6807,100000,3071400,29.85,31.1,29.85,30.85,1.3,64,775
2023-05-03,6807,23019,704836,30.6,30.8,30.5,30.7,-0.15,12,893
2023-05-04,6807,16011,488739,30.65,30.75,30.4,30.55,-0.15,13,930
2023-05-05,6807,28070,854235,30.75,30.75,30.4,30.4,-0.15,11,879
2023-05-08,6807,2028,61712,30.45,30.45,30.4,30.4,0.0,5,966
2023-05-09,6807,13000,393000,30.65,30.65,30.05,30.35,-0.05,12,931
2023-05-10,6807,52000,1511850,28.85,29.65,28.85,29.0,-1.35,28,830
2023-05-11,6807,241168,6636838,28.95,29.0,26.95,26.95,-2.05,145,726
2023-05-12,6807,107000,2845250,27.0,27.2,26.15,26.95,0.0,68,758
2023-05-15,6807,29000,784100,27.3,27.3,26.95,27.1,0.15,21,902
2023-05-16,6807,24433,668819,27.4,27.55,27.0,27.5,0.4,26,924
2023-05-17,6807,28080,781318,27.5,28.1,27.5,27.65,0.15,34,931
2023-05-18,6807,15000,416600,27.75,27.9,27.55,27.85,0.2,11,946
2023-05-19,6807,24020,670458,27.95,28.05,27.6,28.0,0.15,20,924
2023-05-22,6807,12289,346717,28.0,28.45,28.0,28.15,0.15,27,944
2023-05-23,6807,5200,147270,28.3,28.4,28.3,28.4,0.25,7,964
2023-05-24,6807,53456,1514158,28.3,28.6,28.0,28.55,0.15,41,867
2023-05-25,6807,16066,453981,28.5,28.5,28.0,28.35,-0.2,17,931
2023-05-26,6807,8005,225290,28.45,28.45,28.05,28.2,-0.15,9,962
2023-05-29,6807,6060,172563,28.6,28.6,28.2,28.2,0.0,11,959
2023-05-30,6807,5000,140900,28.2,28.3,28.1,28.3,0.1,4,959
2023-05-31,6807,14000,392150,28.25,28.25,27.9,28.05,-0.25,12,934
2023-06-01,6807,1000,28100,28.1,28.1,28.1,28.1,0.05,1,969
2023-06-02,6807,29088,814937,28.3,28.3,27.8,27.95,-0.15,30,922
2023-06-05,6807,34000,962200,28.2,28.4,28.0,28.2,0.25,19,913
2023-06-06,6807,15000,421400,28.2,28.2,28.0,28.1,-0.1,9,943
2023-06-07,6807,27000,754400,27.9,28.25,27.8,28.0,-0.1,24,930
2023-06-08,6807,14027,393063,28.0,28.2,28.0,28.0,0.0,12,941
2023-06-09,6807,15000,417750,27.8,28.05,27.8,27.85,-0.15,13,954
2023-06-12,6807,31000,872450,28.2,28.3,28.0,28.15,0.3,22,920
2023-06-13,6807,6000,168650,28.15,28.2,28.0,28.1,-0.05,6,960
2023-06-14,6807,20000,560150,28.0,28.15,28.0,28.15,0.05,10,928
2023-06-15,6807,40000,1118950,28.05,28.15,27.8,28.1,-0.05,25,914
2023-06-16,6807,12015,336878,28.1,28.2,27.95,28.0,-0.1,10,961
2023-06-19,6807,1000,28000,28.0,28.0,28.0,28.0,0.0,1,971
2023-06-20,6807,23000,646650,28.3,28.35,28.0,28.05,0.05,20,922
