date,stock_id,Trading_Volume,Trading_money,open,max,min,close,spread,Trading_turnover,Trading_money_rank
2022-08-31,6830,1461648,174954406,117.0,124.5,115.0,124.5,0.0,1362,174
2022-09-01,6830,592362,71843766,122.5,124.0,119.0,121.0,-3.5,596,279
2022-09-02,6830,508705,58608471,120.0,120.0,111.5,115.0,-6.0,531,289
2022-09-05,6830,255357,28617439,115.0,115.0,111.0,111.0,-4.0,294,384
2022-09-06,6830,349111,37990749,113.0,113.5,106.0,106.5,-4.5,473,354
2022-09-07,6830,226999,23870115,106.5,108.0,104.0,106.0,-0.5,271,400
2022-09-08,6830,164664,17544139,107.0,108.0,105.5,106.0,0.0,181,439
2022-09-12,6830,169025,17902647,108.5,108.5,104.0,105.5,-0.5,176,463
2022-09-13,6830,476175,53924595,106.5,116.0,106.5,115.5,10.0,478,307
2022-09-14,6830,302797,33488893,109.5,114.0,107.5,111.5,-4.0,331,354
2022-09-15,6830,540111,62901406,111.5,118.5,111.5,115.5,4.0,490,292
2022-09-16,6830,775872,93479941,114.0,124.0,114.0,121.5,6.0,709,262
2022-09-19,6830,400634,47374831,122.5,122.5,114.0,115.0,-6.5,429,307
2022-09-20,6830,375010,44670146,118.5,122.0,118.0,119.0,4.0,344,290
2022-09-21,6830,247104,28749413,118.0,119.5,114.0,114.5,-4.5,249,358
2022-09-22,6830,146845,16570653,114.5,115.0,110.5,113.5,-1.0,154,452
2022-09-23,6830,228067,24933054,113.5,113.5,106.0,107.0,-6.5,346,395
2022-09-26,6830,215835,22624305,107.0,107.0,103.0,103.5,-3.5,204,489
2022-09-27,6830,141790,14819561,104.0,106.5,103.5,105.0,1.5,129,462
2022-09-28,6830,259586,26117790,105.0,105.0,98.3,98.3,-6.7,266,440
2022-09-29,6830,192857,19244854,100.0,102.5,98.2,98.3,0.0,162,429
2022-09-30,6830,226468,21941302,98.3,99.2,95.0,97.0,-1.3,220,396
2022-10-03,6830,335937,31572302,96.8,97.0,91.8,91.8,-5.2,308,315
2022-10-04,6830,280284,26567761,93.6,97.9,92.0,96.5,4.7,244,339
2022-10-05,6830,360986,36417357,98.0,104.5,97.3,100.0,3.5,350,322
2022-10-06,6830,101332,10091899,100.0,101.0,97.6,100.0,0.0,98,464
2022-10-07,6830,135359,13825808,100.0,103.5,99.3,102.5,2.5,136,421
2022-10-11,6830,243468,22932349,98.5,98.5,92.6,93.5,-9.0,241,422
2022-10-12,6830,132959,12592018,94.9,96.4,93.0,95.0,1.5,121,471
2022-10-13,6830,127626,11643595,94.0,94.2,89.3,89.3,-5.7,174,602
2022-10-14,6830,131637,12288123,90.7,95.0,90.5,93.6,4.3,146,488
2022-10-17,6830,100409,9085716,89.1,92.0,89.1,90.4,-3.2,103,511
2022-10-18,6830,79203,7274227,92.7,92.7,90.6,92.5,2.1,68,530
2022-10-19,6830,66692,6099159,92.3,93.5,90.3,91.1,-1.4,79,547
2022-10-20,6830,620834,52143989,89.4,89.4,82.0,82.0,-9.1,545,350
2022-10-21,6830,204699,16137669,82.0,82.0,77.6,78.7,-3.3,242,411
2022-10-24,6830,155743,12432411,79.7,81.0,78.5,78.5,-0.2,159,442
2022-10-25,6830,149603,11598531,80.3,80.3,76.0,77.8,-0.7,163,452
2022-10-26,6830,80824,6265696,77.9,78.8,76.5,77.0,-0.8,91,545
2022-10-27,6830,141414,11258039,78.1,82.6,77.8,81.2,4.2,151,445
2022-10-28,6830,73531,5822320,80.5,80.5,78.6,78.6,-2.6,139,542
2022-10-31,6830,178801,14569568,79.9,83.2,78.9,82.9,4.3,218,378
2022-11-01,6830,106192,8604748,82.9,82.9,80.2,81.6,-1.3,284,482
2022-11-02,6830,71205,5803088,82.0,82.0,80.3,81.3,-0.3,56,549
2022-11-03,6830,69660,5614173,79.6,80.9,79.6,80.9,-0.4,176,538
2022-11-04,6830,99742,8180947,81.2,82.7,80.8,82.5,1.6,113,497
2022-11-07,6830,264167,22821089,85.4,88.0,85.2,86.1,3.6,381,391
2022-11-08,6830,154813,13296945,86.1,87.3,84.8,84.8,-1.3,242,458
2022-11-09,6830,140664,12049359,85.0,86.5,84.3,86.0,1.2,234,504
2022-11-10,6830,42276,3590950,86.0,86.0,84.5,85.0,-1.0,59,655
2022-11-11,6830,107469,9313369,88.5,88.8,86.0,86.0,1.0,93,588
2022-11-14,6830,214530,18577553,86.1,87.6,84.9,87.5,1.5,173,468
2022-11-15,6830,217079,19511594,88.2,92.5,88.2,90.5,3.0,203,454
2022-11-16,6830,284314,26300756,90.0,95.6,89.9,92.4,1.9,201,405
2022-11-17,6830,183765,16863492,90.3,93.9,89.7,92.7,0.3,326,444
2022-11-18,6830,73077,6771398,92.8,93.0,92.0,92.0,-0.7,86,578
2022-11-21,6830,81522,7529424,92.0,93.1,92.0,92.5,0.5,68,526
2022-11-22,6830,93235,8491503,92.5,92.5,89.2,92.5,0.0,173,503
2022-11-23,6830,115558,10668561,93.6,93.6,91.5,93.2,0.7,105,473
2022-11-24,6830,67382,6278307,93.9,93.9,92.5,93.1,-0.1,63,595
2022-11-25,6830,65899,6026047,93.0,93.1,90.8,90.9,-2.2,678,610
2022-11-28,6830,56745,5082144,90.6,90.6,89.1,89.1,-1.8,172,620
2022-11-29,6830,39406,3484134,87.9,89.1,87.8,88.7,-0.4,42,676
2022-11-30,6830,54762,4967085,88.4,92.2,88.4,92.2,3.5,65,689
2022-12-01,6830,51190,4740891,92.5,94.0,92.1,92.2,0.0,55,715
2022-12-02,6830,55942,5170659,92.0,92.9,92.0,92.9,0.7,60,666
2022-12-05,6830,149123,14083785,92.9,95.5,92.9,95.4,2.5,130,519
2022-12-06,6830,241537,23748829,95.5,101.5,95.0,99.6,4.2,290,443
2022-12-07,6830,642819,68071753,101.0,109.5,100.0,105.5,5.9,1157,309
2022-12-08,6830,427267,44534579,102.0,108.0,100.0,104.0,-1.5,430,307
2022-12-09,6830,436872,46382792,105.0,108.5,104.0,104.0,0.0,625,328
2022-12-12,6830,208340,20795165,103.5,103.5,99.0,99.0,-5.0,296,422
2022-12-13,6830,120483,11921266,99.5,101.0,98.0,98.2,-0.8,108,524
2022-12-14,6830,97624,9774450,99.3,102.5,98.8,99.1,0.9,104,547
2022-12-15,6830,106716,10462044,98.0,99.0,97.1,98.0,-1.1,121,523
2022-12-16,6830,77431,7494726,96.6,98.0,95.1,96.5,-1.5,80,614
2022-12-19,6830,47920,4619359,95.2,97.5,95.2,96.0,-0.5,81,627
2022-12-20,6830,116818,11139482,96.0,97.8,93.0,93.6,-2.4,125,567
2022-12-21,6830,54394,5151007,94.0,95.3,94.0,94.6,1.0,61,587
2022-12-22,6830,140405,13902352,96.1,101.0,96.1,98.1,3.5,161,436
2022-12-23,6830,48634,4744532,96.0,98.6,95.5,98.0,-0.1,139,578
2022-12-26,6830,20257,1996350,99.0,99.0,98.0,98.4,0.4,35,689
2022-12-27,6830,50926,5042491,98.0,100.0,98.0,98.6,0.2,61,570
2022-12-28,6830,27610,2698145,98.6,98.6,96.8,98.0,-0.6,104,702
2022-12-29,6830,18556,1804388,96.7,97.9,96.7,97.9,-0.1,134,746
2022-12-30,6830,65351,6452095,98.0,100.0,97.1,97.1,-0.8,72,517
2023-01-03,6830,125851,12605504,97.7,101.5,97.6,101.0,3.9,141,422
2023-01-04,6830,292167,30704729,106.5,107.0,103.0,106.0,5.0,363,318
2023-01-05,6830,128388,13479730,106.0,106.5,103.0,105.0,-1.0,393,446
2023-01-06,6830,75573,7835400,104.0,105.0,102.5,104.5,-0.5,172,481
2023-01-09,6830,130015,13384132,104.5,104.5,100.0,103.5,-1.0,138,472
2023-01-10,6830,51833,5297313,101.5,103.5,101.0,101.5,-2.0,137,608
2023-01-11,6830,64077,6510776,100.5,102.5,100.5,102.5,1.0,77,572
2023-01-12,6830,63925,6485168,103.5,103.5,100.5,101.5,-1.0,62,562
2023-01-13,6830,44401,4499983,102.0,102.0,100.5,101.0,-0.5,53,618
2023-01-16,6830,173903,18095317,102.0,106.5,101.5,104.5,3.5,157,377
2023-01-17,6830,705662,77558449,108.0,112.0,107.0,112.0,7.5,718,208
2023-01-30,6830,812105,95802727,117.0,122.5,114.0,121.0,9.0,1101,249
2023-01-31,6830,861854,106402857,120.5,128.0,118.5,123.5,2.5,768,260
2023-02-01,6830,362949,43819514,122.5,122.5,119.0,122.0,-1.5,402,374
2023-02-02,6830,311312,38234442,124.5,124.5,121.5,122.0,0.0,261,393
2023-02-03,6830,221418,26472368,122.5,122.5,117.5,119.0,-3.0,297,442
2023-02-06,6830,215221,25740591,118.5,122.0,116.5,122.0,3.0,208,414
2023-02-07,6830,304839,37257595,122.0,124.0,120.0,123.0,1.0,290,349
2023-02-08,6830,533438,64962513,124.0,125.0,119.5,124.0,1.0,417,300
2023-02-09,6830,843068,107286865,122.5,131.0,122.5,130.5,6.5,835,223
2023-02-10,6830,653939,84070915,129.5,131.5,126.5,128.5,-2.0,522,274
2023-02-13,6830,306832,38125877,128.0,128.0,123.0,123.0,-5.5,368,341
2023-02-14,6830,148353,18249360,124.5,124.5,121.5,124.0,1.0,154,435
2023-02-15,6830,194696,23715171,122.0,123.5,121.0,121.5,-2.5,195,406
2023-02-16,6830,137806,16895407,122.5,123.5,121.0,123.5,2.0,163,472
2023-02-17,6830,178254,21647166,121.5,122.0,121.0,122.0,-1.5,199,419
2023-02-20,6830,565665,72096123,123.5,130.0,123.5,129.0,7.0,523,302
2023-02-21,6830,243234,31089505,127.0,130.0,126.0,129.0,0.0,260,421
2023-02-22,6830,321937,41077330,127.5,130.0,125.0,130.0,1.0,294,389
2023-02-23,6830,652062,86733083,130.5,137.5,128.0,137.5,7.5,630,284
2023-02-24,6830,633827,87022815,140.0,140.0,134.0,138.0,0.5,556,278
2023-03-01,6830,305630,40980053,136.0,137.0,133.0,134.0,-4.0,329,388
2023-03-02,6830,264883,34928975,135.0,135.0,129.5,132.5,-1.5,264,393
2023-03-03,6830,127529,16920508,133.5,134.5,131.5,132.5,0.0,142,526
2023-03-06,6830,349838,46537074,132.0,135.0,131.0,135.0,2.5,290,412
2023-03-07,6830,198778,26787281,134.5,136.0,133.5,135.0,0.0,212,486
2023-03-08,6830,366862,48660906,133.0,135.0,130.5,134.0,-1.0,339,394
2023-03-09,6830,205273,27213733,134.0,134.5,131.0,132.0,-2.0,258,483
2023-03-10,6830,806379,100399531,129.5,129.5,120.0,123.0,-9.0,810,316
2023-03-13,6830,321662,38732963,122.5,123.0,118.5,121.0,-2.0,314,432
2023-03-14,6830,139455,16809507,120.0,121.5,119.0,121.5,0.5,127,509
2023-03-15,6830,143989,17686028,123.0,124.0,121.5,123.0,1.5,140,506
2023-03-16,6830,213627,25588837,122.5,123.0,117.5,121.5,-1.5,242,500
2023-03-17,6830,123663,15023208,122.0,124.0,120.0,121.0,-0.5,120,524
2023-03-20,6830,499012,63287601,122.0,129.0,121.0,128.5,7.5,409,304
2023-03-21,6830,424074,55558897,129.0,133.0,128.0,132.0,3.5,422,343
2023-03-22,6830,185185,24579905,132.5,134.5,131.0,132.5,0.5,180,475
2023-03-23,6830,308526,41273762,132.0,135.0,131.0,134.0,1.5,309,388
2023-03-24,6830,152772,20275381,134.0,135.0,132.0,132.0,-2.0,241,509
2023-03-27,6830,178206,23805330,131.5,135.0,131.5,134.0,2.0,197,480
2023-03-28,6830,226177,29824857,134.0,134.5,130.0,133.0,-1.0,207,444
2023-03-29,6830,187488,24742605,133.0,133.5,130.5,133.5,0.5,146,425
2023-03-30,6830,409550,55522631,133.5,137.0,133.0,136.0,2.5,370,329
2023-03-31,6830,304808,41712532,136.0,138.5,135.0,138.5,2.5,304,371
2023-04-06,6830,727688,103808383,138.5,148.5,138.5,140.0,1.5,661,258
2023-04-07,6830,634521,89492018,139.0,144.5,137.0,140.0,0.0,670,258
2023-04-10,6830,636178,91860390,145.0,147.0,140.5,140.5,0.5,623,252
2023-04-11,6830,561645,80333966,141.0,146.0,139.5,143.0,2.5,507,303
2023-04-12,6830,642363,93118271,144.5,147.5,141.5,146.5,3.5,528,301
2023-04-13,6830,754917,110430004,146.0,149.5,142.5,145.5,-1.0,663,293
2023-04-14,6830,603488,90021209,148.0,152.0,146.0,147.0,1.5,521,314
2023-04-17,6830,793097,120888405,149.0,155.0,148.0,154.0,7.0,675,284
2023-04-18,6830,629424,95894220,152.0,156.5,148.5,150.5,-3.5,616,328
2023-04-19,6830,644020,99737574,150.5,157.0,149.5,155.0,4.5,591,323
2023-04-20,6830,606123,91429785,155.0,155.5,147.0,147.5,-7.5,539,326
2023-04-21,6830,1037073,159135080,152.5,157.0,149.5,151.5,4.0,957,259
2023-04-24,6830,644951,99686804,155.0,157.0,152.5,153.5,2.0,600,251
2023-04-25,6830,807985,123653348,154.0,156.5,150.5,150.5,-3.0,697,285
2023-04-26,6830,519674,77452640,151.5,153.0,145.0,150.5,0.0,615,294
2023-04-27,6830,488619,74710272,151.0,156.5,148.0,152.5,2.0,444,277
2023-04-28,6830,968424,145063421,148.5,153.0,143.5,152.0,-0.5,717,219
2023-05-02,6830,426715,65724723,149.5,156.0,149.5,154.5,2.5,340,313
2023-05-03,6830,554052,85108972,154.0,155.5,152.0,154.5,0.0,402,271
2023-05-04,6830,415632,63150700,154.5,155.5,149.5,150.5,-4.0,369,308
2023-05-05,6830,233532,35145144,150.5,152.5,149.0,150.5,0.0,252,396
2023-05-08,6830,966845,140368821,152.0,152.0,142.0,143.0,-7.5,867,229
2023-05-09,6830,398306,56355141,145.0,145.5,138.0,142.5,-0.5,369,349
2023-05-10,6830,291204,41025010,142.5,143.0,138.0,142.0,-0.5,276,359
2023-05-11,6830,310274,43938213,142.5,143.5,138.5,142.0,0.0,302,401
2023-05-12,6830,173497,24760536,142.0,144.0,141.0,144.0,2.0,185,425
2023-05-15,6830,488613,67653176,142.5,145.0,136.5,137.0,-7.0,449,290
2023-05-16,6830,242155,33921809,138.5,142.5,138.0,140.5,3.5,232,404
2023-05-17,6830,126090,17717414,141.0,141.5,140.0,140.5,0.0,128,545
2023-05-18,6830,155926,21979613,143.0,143.0,139.5,141.0,0.5,163,489
2023-05-19,6830,172284,24214242,143.0,143.0,138.5,139.5,-1.5,164,460
2023-05-22,6830,150389,21283490,141.0,143.0,140.5,141.5,2.0,143,470
2023-05-23,6830,155652,21920008,142.5,142.5,139.5,142.0,0.5,150,481
2023-05-24,6830,326445,46454963,141.5,143.5,140.5,143.0,1.0,246,363
2023-05-25,6830,462701,66670385,144.5,146.0,142.5,144.5,1.5,316,327
2023-05-26,6830,577351,85185610,146.0,149.0,145.0,148.5,4.0,507,304
2023-05-29,6830,419341,62524583,150.0,151.0,147.5,147.5,-1.0,322,336
2023-05-30,6830,333418,48749977,148.0,149.5,144.5,146.0,-1.5,281,363
2023-05-31,6830,1063680,163959972,145.0,159.0,145.0,156.0,10.0,902,246
2023-06-01,6830,1000547,158622283,156.0,161.5,155.0,158.5,2.5,869,240
2023-06-02,6830,1429232,235737147,162.0,168.0,161.0,166.0,7.5,1496,207
2023-06-05,6830,973644,165524201,170.0,172.5,167.5,168.0,2.0,1394,246
2023-06-06,6830,511974,86142945,168.0,170.0,165.0,169.5,1.5,1226,334
2023-06-07,6830,869816,150295883,170.0,176.0,170.0,170.5,1.0,1777,263
2023-06-08,6830,702812,118573284,170.5,172.0,166.0,170.0,-0.5,1681,309
2023-06-09,6830,886973,153995169,171.5,176.5,169.5,175.0,5.0,2990,268
2023-06-12,6830,1242024,225023347,177.0,178.0,173.0,178.0,3.0,2052,210
2023-06-13,6830,2989165,562379945,182.0,193.0,182.0,187.0,9.0,2416,113
2023-06-14,6830,1400266,254016732,189.0,189.5,177.0,177.5,-9.5,1547,207
2023-06-15,6830,1008371,182144396,181.0,183.5,177.5,180.0,2.5,955,245
2023-06-16,6830,1312770,239051671,183.0,184.5,179.0,182.0,2.0,1100,238
2023-06-19,6830,791641,143463530,180.5,184.5,177.0,180.5,-1.5,716,263
2023-06-20,6830,981508,178508179,182.0,184.0,179.0,184.0,3.5,770,228
