date,stock_id,Trading_Volume,Trading_money,open,max,min,close,spread,Trading_turnover,Trading_money_rank
2022-09-01,6834,3011547,91663764,30.4,31.05,29.5,30.6,0.0,1761,255
2022-09-02,6834,1478858,44296149,30.65,30.8,29.55,29.6,-1.0,934,325
2022-09-05,6834,830813,24243579,29.65,30.35,28.55,29.4,-0.2,584,414
2022-09-06,6834,311764,9206485,29.85,29.95,29.0,29.5,0.1,266,588
2022-09-07,6834,166485,4859449,29.45,29.45,29.0,29.2,-0.3,126,676
2022-09-08,6834,212673,6225599,29.45,29.45,29.05,29.15,-0.05,173,594
2022-09-12,6834,467139,13410889,28.95,28.95,28.6,28.6,-0.55,369,517
2022-09-13,6834,200289,5727734,28.6,28.8,28.5,28.6,0.0,141,621
2022-09-14,6834,171825,4830065,28.0,28.3,27.95,28.2,-0.4,109,662
2022-09-15,6834,105410,2988810,28.4,28.5,28.2,28.4,0.2,83,724
2022-09-16,6834,78616,2241056,28.6,28.65,28.4,28.6,0.2,73,756
2022-09-19,6834,156202,4400780,28.6,28.6,28.0,28.1,-0.5,125,676
2022-09-20,6834,43040,1215975,28.15,28.4,28.15,28.35,0.25,39,815
2022-09-21,6834,98098,2752458,28.35,28.35,28.0,28.05,-0.3,72,736
2022-09-22,6834,120000,3356050,28.0,28.0,27.85,27.95,-0.1,75,718
2022-09-23,6834,217010,6010928,28.0,28.05,27.45,27.5,-0.45,126,622
2022-09-26,6834,210065,5573887,27.45,27.45,26.3,26.35,-1.15,131,725
2022-09-27,6834,188323,4838602,26.15,26.15,25.4,25.7,-0.65,114,655
2022-09-28,6834,393621,9609200,25.6,25.6,23.8,23.9,-1.8,199,623
2022-09-29,6834,152539,3710863,24.0,24.8,24.0,24.7,0.8,80,696
2022-09-30,6834,27725,669795,24.0,24.45,24.0,24.4,-0.3,32,872
2022-10-03,6834,102100,2546084,24.3,25.5,24.3,25.4,1.0,64,686
2022-10-04,6834,63905,1613815,25.55,25.55,24.6,25.25,-0.15,107,788
2022-10-05,6834,53389,1360280,25.6,25.6,25.35,25.4,0.15,47,828
2022-10-06,6834,36032,914762,25.35,25.45,25.2,25.45,0.05,27,806
2022-10-07,6834,54051,1393580,25.2,26.15,25.2,25.65,0.2,50,762
2022-10-11,6834,78059,1933950,25.2,25.2,24.55,24.7,-0.95,64,808
2022-10-12,6834,115000,2817100,24.8,24.85,24.3,24.35,-0.35,71,719
2022-10-13,6834,162001,3832076,24.5,24.5,23.2,23.35,-1.0,94,761
2022-10-14,6834,91171,2156735,24.0,24.0,23.55,23.7,0.35,56,764
2022-10-17,6834,45229,1033547,23.45,23.45,22.55,22.9,-0.8,31,816
2022-10-18,6834,43000,982550,22.95,23.0,22.75,22.9,0.0,36,825
2022-10-19,6834,37000,847950,22.9,23.0,22.85,22.9,0.0,30,826
2022-10-20,6834,26040,594520,22.9,22.9,22.8,22.9,0.0,23,868
2022-10-21,6834,46000,1037650,22.9,22.9,22.25,22.8,-0.1,33,785
2022-10-24,6834,51000,1169000,22.9,23.0,22.85,22.85,0.05,26,797
2022-10-25,6834,28104,640808,22.9,22.9,22.7,22.7,-0.15,23,877
2022-10-26,6834,81000,1817700,22.55,22.55,22.15,22.5,-0.2,54,736
2022-10-27,6834,45000,1010300,22.2,22.6,22.2,22.55,0.05,27,811
2022-10-28,6834,16000,358800,22.6,22.6,22.25,22.45,-0.1,16,880
2022-10-31,6834,11001,246623,22.4,22.5,22.3,22.5,0.05,11,913
2022-11-01,6834,55356,1262900,22.3,23.6,22.3,23.25,0.75,42,777
2022-11-02,6834,44000,1014800,23.3,23.3,22.85,23.0,-0.25,26,807
2022-11-03,6834,28004,651992,23.3,23.4,23.2,23.3,0.3,23,829
2022-11-04,6834,83020,2006240,23.4,24.5,23.4,24.5,1.2,61,716
2022-11-07,6834,79077,1986753,24.55,25.45,24.5,25.0,0.5,58,760
2022-11-08,6834,76406,1926264,24.5,25.5,24.5,25.0,0.0,62,773
2022-11-09,6834,41154,1033650,25.3,25.3,25.0,25.1,0.1,34,860
2022-11-10,6834,36000,893950,25.1,25.1,24.5,24.75,-0.35,22,825
2022-11-11,6834,53000,1318600,25.75,25.75,24.75,24.95,0.2,30,845
2022-11-14,6834,58000,1448600,25.0,25.15,24.8,24.85,-0.1,42,837
2022-11-15,6834,50300,1263749,25.3,25.3,25.0,25.2,0.35,36,850
2022-11-16,6834,64200,1594390,25.2,25.2,24.5,25.15,-0.05,42,826
2022-11-17,6834,24271,602620,24.7,25.0,24.7,25.0,-0.15,46,877
2022-11-18,6834,23000,570950,25.0,25.2,24.55,24.8,-0.2,19,892
2022-11-21,6834,35000,865300,25.0,25.0,24.6,24.6,-0.2,22,822
2022-11-22,6834,36010,883550,24.6,24.6,24.5,24.6,0.0,22,833
2022-11-23,6834,47438,1171735,24.6,25.0,24.55,24.6,0.0,46,821
2022-11-24,6834,42016,1036543,24.65,24.9,24.5,24.9,0.3,38,858
2022-11-25,6834,39007,966622,24.7,24.95,24.7,24.8,-0.1,30,850
2022-11-28,6834,54000,1327200,24.55,24.8,24.5,24.8,0.0,20,800
2022-11-29,6834,98000,2452150,24.8,25.35,24.75,25.25,0.45,47,720
2022-11-30,6834,122702,3210112,25.3,27.35,25.2,27.0,1.75,121,748
2022-12-01,6834,163055,4449043,27.3,28.25,26.8,26.85,-0.15,129,727
2022-12-02,6834,56005,1504786,26.5,27.1,26.5,27.0,0.15,45,825
2022-12-05,6834,81160,2163348,27.0,27.2,26.45,26.85,-0.15,55,801
2022-12-06,6834,58021,1537227,26.5,26.9,26.3,26.3,-0.55,47,826
2022-12-07,6834,84175,2197171,26.3,26.3,26.0,26.0,-0.3,67,771
2022-12-08,6834,14036,363476,26.4,26.4,25.8,25.85,-0.15,15,908
2022-12-09,6834,24205,624843,25.85,25.85,25.75,25.85,0.0,39,884
2022-12-12,6834,24000,623000,26.5,26.5,25.8,26.0,0.15,15,870
2022-12-13,6834,17018,445110,26.0,26.3,26.0,26.3,0.3,16,905
2022-12-14,6834,32000,840250,26.3,26.3,26.05,26.05,-0.25,13,879
2022-12-15,6834,28005,722030,25.6,26.15,25.5,25.9,-0.15,28,875
2022-12-16,6834,19094,492918,25.8,25.85,25.8,25.8,-0.1,26,920
2022-12-19,6834,6003,154878,25.8,25.9,25.7,25.7,-0.1,8,941
2022-12-20,6834,51101,1310410,25.7,25.95,25.5,25.5,-0.2,36,850
2022-12-21,6834,16000,398700,24.65,25.4,24.65,25.3,-0.2,15,906
2022-12-22,6834,5200,132270,25.3,25.7,25.3,25.45,0.15,6,938
2022-12-23,6834,20000,501300,25.1,25.25,24.65,25.1,-0.35,19,873
2022-12-26,6834,28000,697700,25.05,25.05,24.8,25.0,-0.1,20,841
2022-12-27,6834,8077,201925,24.9,25.1,24.9,25.0,0.0,14,933
2022-12-28,6834,24000,596850,24.85,25.0,24.8,24.85,-0.15,17,879
2022-12-29,6834,46000,1128150,24.8,24.8,24.3,24.6,-0.25,35,799
2022-12-30,6834,19001,472025,25.0,25.2,24.55,24.7,0.1,17,875
2023-01-03,6834,11000,270350,24.5,24.7,24.5,24.55,-0.15,7,916
2023-01-04,6834,6000,147750,24.55,24.7,24.55,24.6,0.05,6,935
2023-01-05,6834,12700,313069,24.65,24.8,24.55,24.8,0.2,17,911
2023-01-06,6834,54000,1358800,25.0,25.3,25.0,25.0,0.2,37,770
2023-01-09,6834,20000,497900,25.0,25.0,24.75,25.0,0.0,18,912
2023-01-10,6834,17200,430150,25.0,25.1,24.95,25.1,0.1,9,903
2023-01-11,6834,24083,598124,24.85,24.9,24.7,24.9,-0.2,25,883
2023-01-12,6834,10000,248500,24.65,25.1,24.65,25.1,0.2,5,933
2023-01-13,6834,20000,504150,25.5,25.5,24.9,25.3,0.2,17,890
2023-01-16,6834,34000,853250,25.0,25.5,24.85,25.3,0.0,23,838
2023-01-17,6834,49060,1222818,24.9,25.4,24.75,25.2,-0.1,40,804
2023-01-30,6834,35100,893019,25.5,25.5,25.3,25.5,0.3,29,890
2023-01-31,6834,29078,747346,26.05,26.05,25.5,25.9,0.4,29,871
2023-02-01,6834,71400,1871020,25.9,26.45,25.9,26.45,0.55,41,801
2023-02-02,6834,76197,2055070,26.6,27.25,26.6,26.95,0.5,67,803
2023-02-03,6834,78080,2074277,27.1,27.1,26.25,26.6,-0.35,63,782
2023-02-06,6834,45000,1172550,25.9,26.3,25.9,26.3,-0.3,37,831
2023-02-07,6834,16000,416500,26.3,26.3,25.8,26.05,-0.25,14,906
2023-02-08,6834,35000,912100,26.1,26.1,26.0,26.0,-0.05,26,877
2023-02-09,6834,29101,758910,26.5,26.5,25.9,26.1,0.1,33,880
2023-02-10,6834,30000,783850,26.3,26.3,25.95,26.1,0.0,27,889
2023-02-13,6834,53032,1375883,25.6,26.35,25.55,26.3,0.2,39,835
2023-02-14,6834,22204,589448,26.5,26.7,25.9,26.6,0.3,24,900
2023-02-15,6834,40026,1049740,26.1,26.55,26.0,26.0,-0.6,32,867
2023-02-16,6834,44000,1158250,26.05,26.55,26.05,26.4,0.4,28,854
2023-02-17,6834,91114,2449932,26.4,27.3,26.4,26.95,0.55,73,761
2023-02-20,6834,166218,4556953,27.0,27.7,27.0,27.4,0.45,131,732
2023-02-21,6834,54147,1484271,27.2,27.65,27.2,27.4,0.0,41,853
2023-02-22,6834,59302,1610636,27.2,27.4,26.9,27.4,0.0,74,844
2023-02-23,6834,76082,2086396,27.4,27.55,27.05,27.55,0.15,48,845
2023-02-24,6834,39000,1077000,27.6,27.8,27.5,27.5,-0.05,36,877
2023-03-01,6834,106047,2954362,27.5,28.1,27.5,27.8,0.3,84,775
2023-03-02,6834,35057,973670,27.6,28.0,27.6,27.75,-0.05,30,869
2023-03-03,6834,60000,1659150,27.55,28.0,27.5,28.0,0.25,49,841
2023-03-06,6834,178943,5068782,28.0,29.2,27.7,29.0,1.0,169,771
2023-03-07,6834,106423,3082177,28.75,29.05,28.7,28.9,-0.1,83,811
2023-03-08,6834,216949,6379627,29.25,29.7,29.15,29.7,0.8,169,709
2023-03-09,6834,215164,6300642,29.6,30.0,28.6,30.0,0.3,151,727
2023-03-10,6834,276290,8245751,29.6,30.1,29.3,30.05,0.05,151,724
2023-03-13,6834,134461,4005715,30.0,30.05,29.5,29.8,-0.25,109,791
2023-03-14,6834,163407,4907293,30.6,30.6,29.5,29.9,0.1,120,705
2023-03-15,6834,69400,2052611,30.3,30.3,29.3,29.5,-0.4,72,821
2023-03-16,6834,91160,2600879,29.65,29.65,28.1,28.3,-1.2,73,826
2023-03-17,6834,52140,1468481,28.15,28.3,28.1,28.25,-0.05,37,826
2023-03-20,6834,39005,1090750,28.25,28.25,27.75,27.75,-0.5,34,850
2023-03-21,6834,35319,980471,27.9,27.9,27.7,27.7,-0.05,33,890
2023-03-22,6834,74014,2101587,27.7,28.8,27.7,28.65,0.95,62,825
2023-03-23,6834,98106,2905730,28.65,30.2,28.15,30.05,1.4,77,782
2023-03-24,6834,73027,2155633,30.0,30.0,29.2,29.65,-0.4,140,815
2023-03-27,6834,96001,2747529,29.25,29.25,28.3,28.4,-1.25,74,806
2023-03-28,6834,32001,901378,28.4,28.4,28.1,28.15,-0.25,24,891
2023-03-29,6834,23000,660200,28.4,29.0,28.25,28.55,0.4,18,904
2023-03-30,6834,67012,1962452,29.05,29.6,29.05,29.25,0.7,50,805
2023-03-31,6834,130300,3832750,29.05,29.55,29.05,29.5,0.25,61,727
2023-04-06,6834,23100,677513,29.5,29.65,29.05,29.65,0.15,22,911
2023-04-07,6834,1979011,57690324,29.65,29.65,29.0,29.0,-0.65,25,310
2023-04-10,6834,127440,3771685,29.5,29.8,29.1,29.4,0.4,95,760
2023-04-11,6834,46010,1350959,29.3,29.75,29.2,29.2,-0.2,34,883
2023-04-12,6834,74000,2176600,29.4,29.5,29.2,29.5,0.3,47,858
2023-04-13,6834,84200,2452059,29.5,29.5,29.0,29.0,-0.5,64,840
2023-04-14,6834,45050,1312750,29.05,29.35,29.0,29.15,0.15,31,894
2023-04-17,6834,47189,1362481,28.8,29.15,28.7,29.0,-0.15,41,893
2023-04-18,6834,53000,1525700,28.7,29.0,28.7,28.8,-0.2,32,873
2023-04-19,6834,52000,1484850,28.5,28.8,28.4,28.55,-0.25,37,891
2023-04-20,6834,31200,880159,28.5,28.5,27.8,28.4,-0.15,29,906
2023-04-21,6834,50176,1401498,28.2,28.3,27.6,27.6,-0.8,38,886
2023-04-24,6834,14101,405590,28.5,29.3,28.5,28.5,0.9,14,927
2023-04-25,6834,49001,1394677,28.5,28.6,27.9,28.1,-0.4,35,880
2023-04-26,6834,24000,674200,28.0,28.45,28.0,28.05,-0.05,15,905
2023-04-27,6834,5000,140650,28.15,28.2,28.05,28.05,0.0,5,950
2023-04-28,6834,42200,1177108,28.05,28.05,27.7,27.7,-0.35,31,865
2023-05-02,6834,86000,2381150,27.75,28.0,27.0,28.0,0.3,51,809
2023-05-03,6834,64000,1760750,27.5,27.9,27.5,27.55,-0.45,11,808
2023-05-04,6834,99181,2709663,27.2,28.05,27.1,27.3,-0.25,44,770
2023-05-05,6834,37169,1011639,27.3,27.3,27.1,27.2,-0.1,35,867
2023-05-08,6834,33000,892050,27.1,27.2,26.9,27.2,0.0,21,901
2023-05-09,6834,41050,1091383,27.1,27.1,26.4,26.4,-0.8,40,879
2023-05-10,6834,21030,551437,26.35,26.35,26.2,26.25,-0.15,13,910
2023-05-11,6834,46050,1216250,26.5,26.7,26.1,26.1,-0.15,20,896
2023-05-12,6834,69919,1802684,26.0,26.05,25.5,25.7,-0.4,45,812
2023-05-15,6834,27000,689900,25.65,26.0,25.5,26.0,0.3,17,905
2023-05-16,6834,33000,869850,26.0,26.65,26.0,26.6,0.6,25,910
2023-05-17,6834,23235,621945,27.3,27.3,26.55,26.55,-0.05,21,943
2023-05-18,6834,2000,53100,26.55,26.55,26.55,26.55,0.0,2,969
2023-05-19,6834,76000,2014950,26.5,26.85,26.45,26.5,-0.05,32,832
2023-05-22,6834,17630,465629,26.3,26.5,26.3,26.5,0.0,17,926
2023-05-23,6834,22000,587500,26.9,26.9,26.65,26.65,0.15,20,927
2023-05-24,6834,33058,881103,26.4,26.8,26.4,26.8,0.15,26,898
2023-05-25,6834,17001,453626,26.8,26.8,26.5,26.75,-0.05,13,933
2023-05-26,6834,63020,1690371,26.8,26.9,26.75,26.75,0.0,27,851
2023-05-29,6834,24140,651135,26.85,27.55,26.85,26.9,0.15,48,924
2023-05-30,6834,25000,671850,26.9,27.0,26.55,26.6,-0.3,14,901
2023-05-31,6834,7100,189090,26.95,26.95,26.55,26.6,0.0,7,950
2023-06-01,6834,27000,724650,26.55,27.0,26.55,26.75,0.15,23,909
2023-06-02,6834,63112,1702024,26.7,27.2,26.7,26.8,0.05,59,880
2023-06-05,6834,77050,2088850,27.3,27.3,26.8,26.8,0.0,44,851
2023-06-06,6834,100200,2728750,27.25,27.45,27.1,27.15,0.35,40,802
2023-06-07,6834,38000,1034500,27.1,27.45,27.1,27.3,0.15,24,910
2023-06-08,6834,22111,604424,27.3,27.5,27.25,27.25,-0.05,19,923
2023-06-09,6834,46000,1269150,27.3,27.9,27.25,27.7,0.45,26,909
2023-06-12,6834,27186,751041,27.65,27.7,27.5,27.7,0.0,26,931
2023-06-13,6834,58543,1580391,27.45,27.45,26.95,27.35,-0.35,49,881
2023-06-14,6834,35000,956900,27.3,27.8,27.05,27.05,-0.3,25,913
2023-06-15,6834,53170,1436540,27.05,27.1,26.85,27.05,0.0,56,899
2023-06-16,6834,61084,1656522,27.3,27.3,26.95,27.0,-0.05,59,877
2023-06-19,6834,40059,1060945,26.7,26.7,26.2,26.3,0.0,28,899
2023-06-20,6834,106001,2833426,26.35,27.5,26.15,26.55,0.25,59,798
2023-06-21,6834,48033,1290012,26.55,27.0,26.55,27.0,0.45,72,923
2023-06-26,6834,46025,1238811,27.0,27.1,26.5,27.05,0.05,37,899
2023-06-27,6834,28002,755302,26.9,27.1,26.85,27.05,0.0,21,924
2023-06-28,6834,16331,438110,26.8,27.0,26.7,26.8,-0.25,49,933
2023-06-29,6834,29040,785382,27.1,27.1,26.85,27.05,0.25,14,907
2023-06-30,6834,24000,643250,26.95,27.0,26.6,26.95,-0.1,19,919
2023-07-03,6834,47000,1266500,26.9,27.0,26.9,26.9,-0.05,19,900
2023-07-04,6834,31002,830152,26.9,26.95,26.7,26.95,0.05,18,922
2023-07-05,6834,28002,751252,27.0,27.0,26.7,26.8,-0.15,21,923
2023-07-06,6834,79002,2063202,26.8,26.95,25.3,26.7,-0.1,70,860
2023-07-07,6834,26000,691300,26.15,26.8,26.15,26.45,-0.25,20,929
2023-07-10,6834,16001,424276,26.45,26.95,26.15,26.5,0.05,14,955
2023-07-11,6834,22003,583328,26.35,26.95,26.3,26.65,0.15,17,940
2023-07-12,6834,19001,503776,26.45,26.85,26.45,26.5,-0.15,13,938
2023-07-13,6834,34002,900552,26.6,26.6,26.4,26.45,-0.05,23,927
2023-07-14,6834,53300,1408581,26.3,26.5,26.3,26.4,-0.05,26,-1
