date,stock_id,Trading_Volume,Trading_money,open,max,min,close,spread,Trading_turnover,Trading_money_rank
2022-11-10,6835,2415704,90232235,36.8,39.15,35.1,38.65,0.0,1493,230
2022-11-11,6835,2009175,82339352,39.0,43.0,38.7,41.1,2.45,1279,293
2022-11-14,6835,837037,33577622,41.5,41.5,39.35,40.0,-1.1,548,381
2022-11-15,6835,354632,14234918,40.3,40.9,39.95,40.05,0.05,280,495
2022-11-16,6835,554564,22124185,40.2,40.3,39.35,40.05,0.0,385,435
2022-11-17,6835,394624,15995226,40.0,41.5,39.9,40.6,0.55,295,450
2022-11-18,6835,281515,11315445,40.6,40.65,40.1,40.1,-0.5,198,497
2022-11-21,6835,311901,12492110,40.15,40.2,40.0,40.0,-0.1,138,452
2022-11-22,6835,400093,16369226,40.05,41.45,39.9,40.65,0.65,328,399
2022-11-23,6835,415535,17198820,41.0,41.9,41.0,41.25,0.6,300,407
2022-11-24,6835,338110,13819175,41.4,41.65,40.4,40.7,-0.55,219,468
2022-11-25,6835,336118,13795501,40.75,41.65,40.5,40.8,0.1,202,492
2022-11-28,6835,309944,12281701,40.6,40.6,38.5,39.2,-1.6,269,471
2022-11-29,6835,211928,8246961,39.4,39.6,38.65,38.65,-0.55,250,555
2022-11-30,6835,149513,5818662,39.55,39.55,38.6,38.8,0.15,118,658
2022-12-01,6835,279412,10806201,39.15,39.15,38.5,38.6,-0.2,232,594
2022-12-02,6835,163018,6384761,38.65,39.45,38.65,39.15,0.55,131,626
2022-12-05,6835,542662,22081056,39.6,41.45,39.5,41.05,1.9,373,456
2022-12-06,6835,356092,14354268,40.8,41.05,39.9,40.15,-0.9,284,522
2022-12-07,6835,176193,7058720,40.5,40.5,39.75,39.75,-0.4,135,621
2022-12-08,6835,149300,5898762,39.75,39.75,39.25,39.5,-0.25,108,579
2022-12-09,6835,102206,3994987,39.5,39.5,38.65,39.2,-0.3,108,652
2022-12-12,6835,117200,4527949,39.2,39.2,38.55,38.6,-0.6,79,640
2022-12-13,6835,170013,6572733,38.9,38.9,38.5,38.65,0.05,111,615
2022-12-14,6835,100635,3906704,38.7,39.2,38.6,39.0,0.35,74,687
2022-12-15,6835,115059,4517960,39.0,39.6,39.0,39.1,0.1,93,639
2022-12-16,6835,191064,7334553,39.0,39.0,38.1,38.3,-0.8,137,623
2022-12-19,6835,53160,2029624,38.45,38.45,38.0,38.0,-0.3,53,733
2022-12-20,6835,215212,8063013,38.1,38.1,37.0,37.0,-1.0,140,618
2022-12-21,6835,81600,2998152,37.0,37.5,36.5,36.5,-0.5,83,672
2022-12-22,6835,645582,25432222,36.5,40.15,36.5,40.0,3.5,477,361
2022-12-23,6835,415101,16042891,38.5,39.7,38.2,39.2,-0.8,241,422
2022-12-26,6835,65100,2562042,39.5,39.55,39.05,39.25,0.05,63,650
2022-12-27,6835,60403,2348702,39.65,39.65,38.5,38.95,-0.3,79,682
2022-12-28,6835,51100,1959000,38.5,38.5,38.15,38.25,-0.7,47,754
2022-12-29,6835,25140,958826,38.5,38.5,38.0,38.1,-0.15,42,825
2022-12-30,6835,258076,10148456,38.5,39.65,38.45,39.45,1.35,164,455
2023-01-03,6835,39473,1556409,39.45,39.65,39.25,39.25,-0.2,39,753
2023-01-04,6835,36101,1414057,39.1,39.4,38.75,39.35,0.1,38,756
2023-01-05,6835,54206,2139610,39.4,39.75,39.15,39.2,-0.15,47,734
2023-01-06,6835,23070,902553,39.2,39.2,39.05,39.2,0.0,20,828
2023-01-09,6835,28430,1115254,39.65,39.65,39.05,39.25,0.05,26,841
2023-01-10,6835,18000,704000,39.35,39.35,39.0,39.0,-0.25,15,849
2023-01-11,6835,276220,10884136,38.95,40.05,38.5,39.75,0.75,164,493
2023-01-12,6835,229323,9172107,39.95,40.15,39.85,39.95,0.2,140,496
2023-01-13,6835,92289,3694539,40.05,40.1,39.85,40.1,0.15,58,653
2023-01-16,6835,141000,5696300,40.45,40.65,40.1,40.25,0.15,55,564
2023-01-17,6835,26220,1051850,40.5,40.5,40.0,40.0,-0.25,27,824
2023-01-30,6835,34005,1355649,40.1,40.1,39.65,39.65,-0.35,29,846
2023-01-31,6835,22050,877550,39.85,39.95,39.6,39.9,0.25,24,860
2023-02-01,6835,98161,3853621,39.7,39.7,38.8,39.4,-0.5,65,714
2023-02-02,6835,17146,675365,39.05,39.55,39.05,39.55,0.15,37,900
2023-02-03,6835,20000,789550,39.55,39.65,39.35,39.65,0.1,17,874
2023-02-06,6835,24000,946500,39.4,39.65,39.0,39.65,0.0,20,850
2023-02-07,6835,130000,5194250,39.25,40.1,39.25,40.0,0.35,84,655
2023-02-08,6835,182174,7289470,40.0,40.15,39.8,40.15,0.15,108,615
2023-02-09,6835,84140,3370850,40.15,40.25,40.0,40.1,-0.05,44,702
2023-02-10,6835,103483,4144180,40.1,40.3,40.0,40.3,0.2,104,708
2023-02-13,6835,359234,14743616,40.3,42.0,40.15,41.35,1.05,242,485
2023-02-14,6835,183331,7499322,41.3,41.3,40.6,41.0,-0.35,147,574
2023-02-15,6835,163427,6727876,41.35,41.65,40.8,40.85,-0.15,125,611
2023-02-16,6835,165200,6785604,40.85,41.4,40.75,41.15,0.3,110,608
2023-02-17,6835,97020,3986670,41.2,41.35,40.9,41.3,0.15,71,704
2023-02-20,6835,567974,24171625,41.5,43.85,41.4,43.85,2.55,361,468
2023-02-21,6835,340377,14585610,43.85,43.85,42.2,42.7,-1.15,442,543
2023-02-22,6835,244337,10264899,42.5,42.5,41.35,42.5,-0.2,221,595
2023-02-23,6835,158330,6778354,42.5,43.2,42.4,42.8,0.3,126,674
2023-02-24,6835,424599,18415230,42.8,44.8,42.2,44.8,2.0,250,530
2023-03-01,6835,1392060,67364459,45.2,49.25,45.2,49.2,4.4,777,310
2023-03-02,6835,824749,37623351,46.05,46.95,44.5,45.95,-3.25,634,382
2023-03-03,6835,289311,13260846,45.95,46.4,45.0,46.05,0.1,201,576
2023-03-06,6835,199303,9191383,46.05,46.7,45.75,45.95,-0.1,151,687
2023-03-07,6835,134103,6198876,45.9,46.7,45.8,46.2,0.25,110,733
2023-03-08,6835,116056,5349726,46.05,46.4,45.55,46.1,-0.1,80,740
2023-03-09,6835,147765,6793016,46.15,46.2,45.7,46.1,0.0,129,719
2023-03-10,6835,196304,8872311,45.65,46.0,44.7,44.8,-1.3,146,709
2023-03-13,6835,203738,8577514,43.0,43.65,41.5,42.4,-2.4,180,681
2023-03-14,6835,71060,2977114,41.8,42.15,41.7,42.15,-0.25,64,782
2023-03-15,6835,121801,5120877,42.15,42.7,41.8,41.85,-0.3,123,708
2023-03-16,6835,205194,8439296,41.7,42.05,40.0,41.0,-0.85,112,679
2023-03-17,6835,39007,1609337,41.25,41.8,40.85,41.8,0.8,37,821
2023-03-20,6835,80079,3341139,41.8,42.4,41.5,42.2,0.4,54,730
2023-03-21,6835,60055,2522551,42.5,42.5,41.5,42.3,0.1,45,787
2023-03-22,6835,116198,4959173,42.6,43.0,42.3,43.0,0.7,94,718
2023-03-23,6835,123000,5334700,42.95,43.8,42.9,43.25,0.25,103,690
2023-03-24,6835,203799,8704401,42.9,42.9,42.55,42.6,-0.65,142,637
2023-03-27,6835,530189,23135739,43.2,44.5,42.95,43.8,1.2,351,487
2023-03-28,6835,128823,5635678,43.8,44.2,43.3,43.8,0.0,116,693
2023-03-29,6835,149000,6539650,43.8,44.1,43.7,43.95,0.15,100,642
2023-03-30,6835,181082,7891828,44.2,44.2,43.5,43.5,-0.45,91,600
2023-03-31,6835,127739,5498904,43.9,43.9,41.8,43.35,-0.15,100,649
2023-04-06,6835,46100,1971674,43.2,43.65,42.5,42.8,-0.55,44,828
2023-04-07,6835,103000,4451450,42.75,44.25,42.6,43.25,0.45,63,714
2023-04-10,6835,77060,3373509,43.35,44.3,43.35,43.7,0.45,59,783
2023-04-11,6835,139410,5998927,43.95,43.95,42.75,42.85,-0.85,103,701
2023-04-12,6835,72100,3103943,43.1,43.2,42.9,43.2,0.35,54,815
2023-04-13,6835,96310,4142928,43.1,43.35,42.8,43.0,-0.2,90,777
2023-04-14,6835,175260,7588950,43.35,43.5,43.0,43.4,0.4,108,673
2023-04-17,6835,284071,12447786,43.55,44.4,43.25,44.4,1.0,218,621
2023-04-18,6835,522400,23735223,44.8,46.6,44.5,44.7,0.3,395,509
2023-04-19,6835,168566,7425860,45.3,45.3,43.5,44.0,-0.7,202,692
2023-04-20,6835,113603,4908249,43.95,43.95,42.7,43.35,-0.65,113,750
2023-04-21,6835,82000,3500650,43.2,43.2,42.3,42.6,-0.75,70,814
2023-04-24,6835,49119,2069413,42.1,42.55,42.0,42.45,-0.15,43,798
2023-04-25,6835,183471,7495805,42.15,42.15,40.05,40.5,-1.95,134,697
2023-04-26,6835,51224,2052749,40.45,40.75,39.8,40.75,0.25,40,810
2023-04-27,6835,51010,2077161,40.55,41.4,40.3,40.8,0.05,45,780
2023-04-28,6835,60174,2452296,41.1,41.1,40.55,40.8,0.0,53,782
2023-05-02,6835,801187,35738081,41.9,44.85,41.9,44.85,4.05,417,395
2023-05-03,6835,692917,31324931,45.9,46.75,43.55,44.6,-0.25,546,390
2023-05-04,6835,244239,10584032,44.1,44.1,43.05,43.3,-1.3,325,564
2023-05-05,6835,102945,4461368,44.0,44.0,43.0,43.15,-0.15,172,693
2023-05-08,6835,107105,4597685,43.2,43.2,41.95,43.2,0.05,99,710
2023-05-09,6835,87362,3703307,43.2,43.25,41.9,42.0,-1.2,80,758
2023-05-10,6835,72052,3036889,42.05,43.0,41.5,43.0,1.0,76,749
2023-05-11,6835,111231,4659738,43.1,43.1,41.5,41.55,-1.45,123,767
2023-05-12,6835,35200,1467768,41.85,41.9,41.15,41.65,0.1,34,834
2023-05-15,6835,74160,3075755,41.8,42.3,41.0,42.25,0.6,79,768
2023-05-16,6835,53215,2257632,42.25,42.75,42.2,42.25,0.0,42,828
2023-05-17,6835,126048,5367586,42.4,42.9,42.35,42.35,0.1,97,750
2023-05-18,6835,54021,2297738,42.8,42.8,42.25,42.65,0.3,50,834
2023-05-19,6835,43270,1835737,42.5,42.65,42.3,42.6,-0.05,78,850
2023-05-22,6835,73080,3133828,42.6,43.0,42.5,42.95,0.35,59,766
2023-05-23,6835,71333,3037209,43.0,43.0,42.45,42.6,-0.35,89,785
2023-05-24,6835,1362543,63809075,46.65,46.85,46.05,46.85,4.25,626,323
2023-05-25,6835,4193424,208849649,48.95,51.0,48.3,50.5,3.65,2908,189
2023-05-26,6835,1476719,73370786,50.7,51.5,48.25,49.5,-1.0,1119,323
2023-05-29,6835,777724,38091133,49.8,50.0,48.2,49.15,-0.35,584,400
2023-05-30,6835,721324,35867016,49.45,50.6,49.0,49.0,-0.15,646,403
2023-05-31,6835,522343,25501430,49.4,49.55,48.35,48.85,-0.15,403,471
2023-06-01,6835,2514839,128043435,49.5,52.0,49.5,50.0,1.15,1948,267
2023-06-02,6835,1020561,50686640,50.2,51.0,48.8,48.9,-1.1,759,399
2023-06-05,6835,641776,30761082,49.0,49.0,47.15,47.5,-1.4,611,488
2023-06-06,6835,272482,12888348,48.0,48.0,47.0,47.1,-0.4,256,593
2023-06-07,6835,661654,32171455,47.5,49.4,47.15,48.7,1.6,518,463
2023-06-08,6835,294249,14242068,48.4,48.9,48.05,48.05,-0.65,245,583
2023-06-09,6835,156480,7520006,48.6,48.6,47.75,48.1,0.05,139,699
2023-06-12,6835,175254,8360449,48.1,48.25,47.05,47.2,-0.9,165,687
2023-06-13,6835,226310,10518199,47.15,47.6,46.15,46.2,-1.0,200,645
2023-06-14,6835,293865,13410672,46.2,46.4,45.0,45.05,-1.15,251,594
2023-06-15,6835,143282,6550145,45.3,46.05,45.15,46.05,1.0,132,714
2023-06-16,6835,159551,7361045,46.4,47.15,45.4,45.4,-0.65,158,712
2023-06-19,6835,82110,3738114,46.3,46.3,45.15,45.2,-0.2,75,786
2023-06-20,6835,143389,6413159,45.5,45.5,44.45,44.65,-0.55,155,690
