date,stock_id,Trading_Volume,Trading_money,open,max,min,close,spread,Trading_turnover,Trading_money_rank
2023-03-27,6861,1399729,175077720,120.0,129.0,120.0,128.0,0.0,1340,208
2023-03-28,6861,697203,87493024,125.0,128.5,123.5,125.0,-3.0,661,276
2023-03-29,6861,730060,94577137,125.0,134.0,125.0,130.0,5.0,734,263
2023-03-30,6861,628540,82006165,129.0,134.0,128.0,129.5,-0.5,602,278
2023-03-31,6861,396122,50631888,130.0,131.0,125.0,130.0,0.5,410,343
2023-04-06,6861,1045608,145475976,130.5,143.0,130.0,143.0,13.0,929,217
2023-04-07,6861,2226375,343218081,152.0,157.0,147.5,156.5,13.5,1941,106
2023-04-10,6861,1334702,199115382,150.0,153.5,145.0,153.0,-3.5,1349,160
2023-04-11,6861,999246,152649430,149.0,158.5,147.0,150.5,-2.5,949,219
2023-04-12,6861,652150,97339589,149.0,152.5,147.0,147.5,-3.0,706,296
2023-04-13,6861,1286421,177028341,143.0,144.0,133.5,135.5,-12.0,1467,230
2023-04-14,6861,561246,74766182,135.5,136.5,130.0,132.5,-3.0,763,337
2023-04-17,6861,454233,59904737,132.0,134.0,129.5,132.5,0.0,593,386
2023-04-18,6861,552536,71367923,132.5,132.5,127.0,127.0,-5.5,687,363
2023-04-19,6861,387682,50658488,128.0,133.0,128.0,130.5,3.5,445,419
2023-04-20,6861,418855,53560799,131.5,131.5,125.0,125.5,-5.0,516,408
2023-04-21,6861,269176,33292139,125.0,127.0,121.5,123.5,-2.0,378,491
2023-04-24,6861,184816,22363340,123.0,123.0,120.0,120.0,-3.5,266,455
2023-04-25,6861,488785,54955582,120.0,121.0,108.0,110.0,-10.0,662,386
2023-04-26,6861,207957,22113667,109.0,109.5,105.0,107.0,-3.0,330,467
2023-04-27,6861,265365,30033390,106.5,117.5,105.0,117.5,10.5,365,392
2023-04-28,6861,338377,40063020,119.5,121.0,115.5,117.5,0.0,425,377
2023-05-02,6861,156361,17937826,117.5,118.5,112.5,113.5,-4.0,269,510
2023-05-03,6861,69163,7833649,114.0,114.5,112.5,112.5,-1.0,105,591
2023-05-04,6861,111040,12831525,112.0,117.5,112.0,117.5,5.0,163,533
2023-05-05,6861,92041,10589220,116.5,117.5,114.0,114.0,-3.5,150,557
2023-05-08,6861,60279,6897554,115.0,115.5,113.0,113.5,-0.5,91,638
2023-05-09,6861,127513,14013565,112.5,113.0,107.5,109.5,-4.0,239,548
2023-05-10,6861,73418,7912761,109.0,109.0,107.0,107.5,-2.0,116,602
2023-05-11,6861,211647,21849835,107.5,107.5,101.0,101.0,-6.5,333,524
2023-05-12,6861,106638,10847982,101.0,106.0,99.1,105.0,4.0,176,555
2023-05-15,6861,68728,7099678,104.5,105.0,101.0,104.0,-1.0,127,642
2023-05-16,6861,21196,2187005,105.0,105.0,102.0,103.5,-0.5,81,832
2023-05-17,6861,87958,9105879,105.0,105.0,102.0,103.5,0.0,137,652
2023-05-18,6861,75340,7885374,103.5,106.0,103.5,106.0,2.5,125,658
2023-05-19,6861,84590,8782673,106.0,106.5,102.0,103.0,-3.0,195,618
2023-05-22,6861,44284,4633366,104.0,106.0,103.5,104.0,1.0,73,705
2023-05-23,6861,55216,5775856,104.0,105.5,104.0,105.5,1.5,87,688
2023-05-24,6861,57312,6074863,105.5,106.5,105.5,106.5,1.0,127,683
2023-05-25,6861,63112,6601269,106.5,106.5,103.5,104.0,-2.5,145,653
2023-05-26,6861,60156,6169136,104.0,104.0,102.0,102.5,-1.5,142,696
2023-05-29,6861,42704,4375419,102.0,104.0,101.5,103.5,1.0,89,730
2023-05-30,6861,42971,4449435,104.5,104.5,103.0,103.0,-0.5,79,702
2023-05-31,6861,263400,28948524,102.5,113.0,102.5,113.0,10.0,327,455
2023-06-01,6861,644887,75911040,114.0,123.5,112.5,118.0,5.0,814,329
2023-06-02,6861,269620,30804208,116.5,117.0,111.0,113.5,-4.5,405,473
2023-06-05,6861,109948,12609004,114.0,116.0,113.5,114.0,0.5,161,607
2023-06-06,6861,75559,8511750,114.0,114.5,112.0,112.0,-2.0,134,645
2023-06-07,6861,107422,12042338,112.0,113.0,111.5,111.5,-0.5,154,615
2023-06-08,6861,102007,11284689,111.5,112.0,109.5,109.5,-2.0,155,616
2023-06-09,6861,52421,5728999,108.5,110.0,108.5,109.5,0.0,93,731
2023-06-12,6861,61456,6661516,110.0,111.0,107.0,107.5,-2.0,119,728
2023-06-13,6861,63314,6824390,107.5,108.5,107.0,108.0,0.5,284,707
2023-06-14,6861,65090,6950679,107.0,107.5,105.5,106.0,-2.0,192,701
2023-06-15,6861,73291,7640131,105.5,105.5,103.5,104.5,-1.5,145,695
2023-06-16,6861,40678,4248663,104.5,105.0,104.0,104.5,0.0,60,789
2023-06-19,6861,39825,4209752,104.5,106.0,104.5,106.0,1.5,73,768
2023-06-20,6861,27547,2893886,106.0,106.0,104.5,104.5,-1.5,51,796
