date,stock_id,Trading_Volume,Trading_money,open,max,min,close,spread,Trading_turnover,Trading_money_rank
2023-03-21,6863,3978987,778653589,200.0,207.0,185.5,202.0,0.0,2925,66
2023-03-22,6863,2450368,480968873,201.0,201.5,190.0,196.0,-6.0,2502,99
2023-03-23,6863,3081965,624043044,192.0,215.0,188.5,213.0,17.0,2713,72
2023-03-24,6863,2018343,411457590,206.0,211.5,196.5,200.0,-13.0,2294,114
2023-03-27,6863,1020686,200644696,198.5,203.5,192.0,201.5,1.5,1261,193
2023-03-28,6863,1747627,327790867,200.0,201.0,181.5,186.5,-15.0,2035,129
2023-03-29,6863,1374562,244108811,186.5,187.0,172.0,176.0,-10.5,1651,158
2023-03-30,6863,1083365,198968357,174.0,188.0,174.0,187.0,11.0,1352,181
2023-03-31,6863,760428,139731657,184.5,187.0,181.0,184.5,-2.5,860,219
2023-04-06,6863,447019,82901719,185.0,188.0,183.0,184.0,-0.5,526,288
2023-04-07,6863,747478,134235606,184.0,185.0,177.0,178.0,-6.0,890,203
2023-04-10,6863,1501172,282499988,179.0,195.5,178.5,192.0,14.0,1537,127
2023-04-11,6863,1061839,202677569,188.0,196.5,186.5,189.5,-2.5,1075,193
2023-04-12,6863,1608988,317206503,190.0,204.5,188.5,198.5,9.0,1663,152
2023-04-13,6863,802579,157829501,195.0,201.5,193.0,193.0,-5.5,953,244
2023-04-14,6863,511227,98052613,195.5,195.5,189.0,189.5,-3.5,568,300
2023-04-17,6863,1004682,196995876,189.5,200.0,189.0,200.0,10.5,1059,219
2023-04-18,6863,2235174,473940085,200.0,220.0,197.0,220.0,20.0,1635,111
2023-04-19,6863,2863387,661328149,228.0,242.0,220.0,237.0,17.0,2853,96
2023-04-20,6863,2140082,471652586,227.0,228.5,213.5,215.5,-21.5,2277,111
2023-04-21,6863,1315866,277599716,218.0,222.5,200.5,207.0,-8.5,1542,186
2023-04-24,6863,592082,119341482,201.0,205.5,194.5,203.5,-3.5,768,225
2023-04-25,6863,1112787,215076120,206.0,207.0,183.5,190.5,-13.0,1286,201
2023-04-26,6863,624100,117002670,188.0,194.0,180.0,191.5,1.0,818,233
2023-04-27,6863,619181,115418768,188.0,190.5,184.5,185.0,-6.5,743,224
2023-04-28,6863,1131690,220690561,186.0,202.5,186.0,198.0,13.0,1136,171
2023-05-02,6863,701133,134355682,192.0,195.0,188.5,192.0,-6.0,808,239
2023-05-03,6863,265178,50305767,188.5,191.5,188.0,189.5,-2.5,327,330
2023-05-04,6863,290487,55289628,190.0,192.0,189.5,190.0,0.5,372,326
2023-05-05,6863,429393,80056116,190.5,190.5,185.0,185.0,-5.0,512,290
2023-05-08,6863,252402,46881673,186.0,187.0,185.0,185.5,0.5,311,368
2023-05-09,6863,322205,58790308,186.0,186.5,180.0,180.0,-5.5,418,341
2023-05-10,6863,343923,61500719,180.0,183.0,176.5,178.5,-1.5,505,316
2023-05-11,6863,1095242,185322995,179.0,180.0,162.0,165.5,-13.0,1371,202
2023-05-12,6863,351671,59446701,165.0,172.5,164.0,171.0,5.5,529,306
2023-05-15,6863,1062659,167567678,169.5,169.5,154.0,155.5,-15.5,1389,182
2023-05-16,6863,254596,40234498,155.5,159.0,155.5,158.0,2.5,412,376
2023-05-17,6863,407363,66274015,158.0,166.0,158.0,165.0,7.0,522,328
2023-05-18,6863,329954,54073229,165.5,168.0,161.5,162.0,-3.0,488,344
2023-05-19,6863,222203,35932674,163.5,164.0,160.5,162.0,0.0,301,401
2023-05-22,6863,409432,68935762,164.0,173.0,163.0,170.5,8.5,621,313
2023-05-23,6863,227189,38403793,170.5,170.5,167.0,168.5,-2.0,343,392
2023-05-24,6863,217653,36207777,169.0,169.5,164.5,167.0,-1.5,429,395
2023-05-25,6863,147071,24330329,167.0,167.5,164.0,164.0,-3.0,235,467
2023-05-26,6863,127188,20867540,165.0,166.0,162.0,162.0,-2.0,299,525
2023-05-29,6863,211842,34160397,164.0,164.0,159.5,161.0,-1.0,348,418
2023-05-30,6863,400734,67091389,163.0,170.0,162.5,168.5,7.5,601,325
2023-05-31,6863,861503,150396961,167.0,178.0,166.5,176.5,8.0,1157,251
2023-06-01,6863,898738,164193038,179.5,186.0,177.0,183.0,6.5,1700,232
2023-06-02,6863,556135,99741171,180.0,185.0,176.5,177.5,-5.5,798,315
2023-06-05,6863,199146,35394837,178.0,180.0,175.5,177.0,-0.5,307,462
2023-06-06,6863,277153,48373463,178.0,178.0,172.0,177.0,0.0,910,396
2023-06-07,6863,242733,42600409,177.0,177.5,174.0,174.5,-2.5,348,433
2023-06-08,6863,602364,108371871,174.5,182.0,174.0,182.0,7.5,717,317
2023-06-09,6863,931850,175104999,188.5,192.5,183.0,187.0,5.0,1121,243
2023-06-12,6863,703983,129020681,188.5,189.5,179.5,187.0,0.0,1217,296
2023-06-13,6863,836267,158145854,187.0,192.0,184.0,190.5,3.5,991,270
2023-06-14,6863,462009,86892772,190.5,191.0,186.0,186.5,-4.0,2569,335
2023-06-15,6863,285511,53078778,188.0,188.0,184.0,185.0,-1.5,772,395
2023-06-16,6863,241898,44745382,185.0,187.0,183.5,183.5,-1.5,343,447
2023-06-19,6863,219057,40183557,183.5,185.5,181.5,181.5,-2.0,785,437
2023-06-20,6863,152348,27462095,182.0,183.5,178.5,181.0,-0.5,747,474
2023-06-21,6863,158164,28415244,181.5,182.5,178.5,180.0,-1.0,985,488
2023-06-26,6863,700309,120235512,178.5,178.5,168.0,169.5,-10.5,1053,270
2023-06-27,6863,385636,65181850,169.5,173.0,165.0,165.5,-4.0,623,372
2023-06-28,6863,318386,52454421,167.5,168.0,162.5,167.5,2.0,595,369
2023-06-29,6863,195740,32749100,167.5,168.5,166.5,167.0,-0.5,295,444
2023-06-30,6863,195159,32701746,168.5,170.0,166.0,166.0,-1.0,287,433
2023-07-03,6863,467881,80175523,168.0,173.5,168.0,172.5,6.5,562,354
2023-07-04,6863,384714,65592454,173.5,173.5,168.0,170.0,-2.5,449,377
2023-07-05,6863,571873,99489091,173.0,177.5,171.0,172.0,2.0,644,341
2023-07-06,6863,490526,83113361,170.0,173.5,166.5,168.5,-3.5,588,367
2023-07-07,6863,201137,33680983,167.0,170.0,166.0,166.5,-2.0,298,487
2023-07-10,6863,128454,21466903,168.5,168.5,166.0,166.0,-0.5,186,530
2023-07-11,6863,308774,52458582,169.0,173.0,166.5,169.5,3.5,405,397
2023-07-12,6863,244817,41168654,171.5,171.5,166.5,166.5,-3.0,407,436
2023-07-13,6863,655380,107941504,166.5,168.5,162.5,163.0,-3.5,651,308
2023-07-14,6863,254508,41544376,165.0,165.0,162.0,162.5,-0.5,343,-1
