date,stock_id,Trading_Volume,Trading_money,open,max,min,close,spread,Trading_turnover,Trading_money_rank
2018-07-10,8028,10236883,402334903,38.0,41.7,36.85,41.7,0.0,4379,69
2018-07-11,8028,14223056,651979700,41.7,51.0,41.0,50.0,8.3,7520,35
2018-07-12,8028,7497647,352043660,49.0,49.0,45.1,45.5,-4.5,4816,74
2018-07-13,8028,5749350,268681150,46.1,48.25,44.6,47.0,1.5,3586,91
2018-07-16,8028,3598970,163365554,46.3,46.55,44.5,44.5,-2.5,2499,125
2018-07-17,8028,2956827,132482705,44.45,46.2,43.25,43.55,-0.95,1949,146
2018-07-18,8028,3432161,147074488,44.0,44.7,41.05,41.8,-1.75,2306,155
2018-07-19,8028,5593649,248207931,42.1,45.95,41.35,45.95,4.15,3503,97
2018-07-20,8028,9576723,464248101,46.8,49.95,46.8,49.75,3.8,5909,60
2018-07-23,8028,4435332,206087622,48.5,48.5,45.2,46.0,-3.75,2927,113
2018-07-24,8028,2187701,98735866,45.8,46.8,43.8,46.5,0.5,1651,165
2018-07-25,8028,1710240,77581850,46.0,46.0,45.0,45.0,-1.5,1186,181
2018-07-26,8028,4974601,231713315,45.3,48.05,44.2,47.7,2.7,3117,102
2018-07-27,8028,8832590,431607725,48.35,50.0,47.8,49.4,1.7,5184,67
2018-07-30,8028,3084196,145581846,48.0,48.5,46.5,47.2,-2.2,2054,139
2018-07-31,8028,6020417,295038447,47.0,50.3,46.4,49.95,2.75,3541,92
2018-08-01,8028,7626546,383873790,50.0,52.0,48.6,48.9,-1.05,4687,66
2018-08-02,8028,2950450,140621450,48.1,48.4,47.25,47.45,-1.45,1931,146
2018-08-03,8028,1715873,81475090,48.05,48.2,46.65,47.1,-0.35,1145,185
2018-08-06,8028,1164918,54538559,46.8,47.5,46.6,46.8,-0.3,824,218
2018-08-07,8028,1358300,64362144,47.05,48.0,47.0,47.05,0.25,888,195
2018-08-08,8028,2376142,109513527,47.05,47.2,45.25,45.3,-1.75,1567,162
2018-08-09,8028,1738810,77099591,45.3,45.3,43.7,44.5,-0.8,1169,174
2018-08-10,8028,1140868,51104002,45.0,45.7,43.8,44.1,-0.4,783,228
2018-08-13,8028,1856762,78144049,43.8,43.9,41.0,41.9,-2.2,1176,225
2018-08-14,8028,659000,27983200,41.8,43.05,41.8,42.45,0.55,488,298
2018-08-15,8028,844199,35146357,43.4,43.4,41.0,41.5,-0.95,548,295
2018-08-16,8028,791230,32517710,41.2,42.0,40.2,41.0,-0.5,533,288
2018-08-17,8028,485000,20151950,41.7,42.45,41.0,41.05,0.05,376,328
2018-08-20,8028,765888,31173027,41.2,41.55,40.05,41.0,-0.05,420,282
2018-08-21,8028,372700,15426039,41.0,41.75,40.9,41.5,0.5,248,354
2018-08-22,8028,408637,16740169,41.5,41.65,40.7,40.7,-0.8,250,337
2018-08-23,8028,932473,36900738,40.7,40.85,38.5,39.0,-1.7,677,245
2018-08-24,8028,451100,17485125,38.7,39.5,38.6,38.7,-0.3,319,330
2018-08-27,8028,441180,17592301,39.55,40.8,39.3,40.6,1.9,333,335
2018-08-28,8028,408003,16555432,40.7,41.4,40.2,40.2,-0.4,306,359
2018-08-29,8028,665000,26261899,40.2,40.5,39.2,39.35,-0.85,446,290
2018-08-30,8028,755102,30655812,39.45,41.35,39.45,40.5,1.15,542,266
2018-08-31,8028,370143,14914798,40.5,40.7,40.05,40.45,-0.05,262,346
2018-09-03,8028,445177,17763559,40.5,40.85,39.3,39.35,-1.1,299,340
2018-09-04,8028,255501,10190115,39.55,40.25,39.5,40.2,0.85,206,382
2018-09-05,8028,215500,8566574,40.3,40.3,39.5,39.6,-0.6,170,435
2018-09-06,8028,385610,15403525,40.1,40.4,39.6,39.8,0.2,295,358
2018-09-07,8028,729000,28089250,40.3,40.3,37.5,38.0,-1.8,463,327
2018-09-10,8028,1018103,36285661,38.1,38.15,34.4,35.05,-2.95,635,288
2018-09-11,8028,371526,13213662,35.05,35.9,35.05,35.75,0.7,225,390
2018-09-12,8028,401301,14139532,35.8,36.25,34.85,35.05,-0.7,236,374
2018-09-13,8028,209124,7346814,34.6,35.8,34.6,35.0,-0.05,156,453
2018-09-14,8028,366100,13191965,35.65,36.6,35.2,36.3,1.3,255,375
2018-09-17,8028,299000,10637150,36.1,36.1,35.3,35.3,-1.0,199,347
2018-09-18,8028,331312,11469463,35.2,35.2,34.0,34.15,-1.15,250,361
2018-09-19,8028,317445,10909910,34.35,34.95,34.05,34.05,-0.1,210,404
2018-09-20,8028,499551,16462975,34.25,34.25,32.0,32.45,-1.6,368,330
2018-09-21,8028,345550,11292650,33.1,33.1,32.5,32.55,0.1,235,398
2018-09-25,8028,369253,12313376,32.7,33.8,32.6,33.8,1.25,279,371
2018-09-26,8028,191000,6366800,33.4,33.75,33.15,33.2,-0.6,164,444
2018-09-27,8028,237000,7853400,33.2,33.5,32.8,32.8,-0.4,161,433
2018-09-28,8028,275280,8972990,33.1,33.2,32.25,32.3,-0.5,202,435
2018-10-01,8028,188000,6082650,32.8,32.8,32.1,32.5,0.2,133,459
2018-10-02,8028,170000,5560700,32.5,33.0,32.5,32.55,0.05,140,466
2018-10-03,8028,168221,5488893,32.85,32.9,32.55,32.55,0.0,136,485
2018-10-04,8028,157600,5090459,32.8,32.8,32.15,32.25,-0.3,122,488
2018-10-05,8028,380251,11735359,32.2,32.2,30.0,30.65,-1.6,250,475
2018-10-08,8028,279010,8816360,30.65,32.0,30.65,31.4,0.75,215,428
2018-10-09,8028,458760,13951825,31.6,31.7,30.0,30.25,-1.15,271,373
2018-10-11,8028,732969,20078903,27.3,28.3,27.25,27.3,-2.95,370,487
2018-10-12,8028,421081,11702699,27.2,29.0,26.2,29.0,1.7,265,468
2018-10-15,8028,264002,7589258,27.35,29.3,27.35,28.7,-0.3,159,463
2018-10-16,8028,288002,8666262,29.5,31.4,29.0,29.9,1.2,228,411
2018-10-17,8028,270100,8255160,30.45,30.85,30.1,30.1,0.2,191,432
2018-10-18,8028,149100,4446548,30.1,30.2,29.55,29.7,-0.4,86,477
2018-10-19,8028,194053,5714284,29.2,30.1,28.9,29.8,0.1,125,495
2018-10-22,8028,138144,4153064,29.7,30.5,29.7,29.9,0.1,99,485
2018-10-23,8028,162500,4815874,29.9,30.1,29.4,29.45,-0.45,112,488
2018-10-24,8028,125030,3691138,29.5,30.0,29.2,29.55,0.1,90,529
2018-10-25,8028,326298,9190873,28.8,28.8,27.0,28.1,-1.45,185,456
2018-10-26,8028,203000,5660350,28.15,28.9,27.3,27.5,-0.6,135,515
2018-10-29,8028,162500,4505500,27.65,28.1,27.5,27.65,0.15,99,489
2018-10-30,8028,89200,2443727,27.5,27.9,27.2,27.4,-0.25,76,613
2018-10-31,8028,168089,4766981,27.6,28.7,27.6,28.5,1.1,135,490
2018-11-01,8028,227001,6618529,28.55,29.8,28.55,29.6,1.1,172,427
2018-11-02,8028,304001,9074682,30.0,30.3,29.5,29.6,0.0,201,401
2018-11-05,8028,95006,2804142,29.1,29.75,29.1,29.65,0.05,70,534
2018-11-06,8028,341210,10430329,29.85,31.3,29.85,30.15,0.5,273,366
2018-11-07,8028,201005,6164810,30.25,30.9,30.25,30.7,0.55,147,433
2018-11-08,8028,233750,7188348,31.4,31.4,30.2,30.5,-0.2,168,441
2018-11-09,8028,228152,6773433,30.05,30.3,29.4,29.45,-1.05,157,400
2018-11-12,8028,87005,2536460,28.8,29.5,28.8,29.2,-0.25,73,569
2018-11-13,8028,87001,2496132,28.5,29.0,28.3,29.0,-0.2,73,562
2018-11-14,8028,78000,2288350,29.0,29.55,29.0,29.35,0.35,64,585
2018-11-15,8028,109300,3184599,29.35,29.35,28.9,29.2,-0.15,79,546
2018-11-16,8028,154202,4471130,29.15,29.5,28.75,28.9,-0.3,131,509
2018-11-19,8028,132000,3820900,28.9,29.2,28.75,29.2,0.3,90,504
2018-11-20,8028,236878,6988724,29.25,29.9,29.0,29.55,0.35,188,396
2018-11-21,8028,787760,25037399,29.15,32.5,29.15,32.5,2.95,535,269
2018-11-22,8028,941894,30072501,32.0,32.8,31.3,31.4,-1.1,620,258
2018-11-23,8028,530261,16671732,31.0,31.95,30.8,31.75,0.35,348,306
2018-11-26,8028,326200,10400289,31.7,32.35,31.5,31.65,-0.1,253,362
2018-11-27,8028,1474203,49130412,31.7,34.8,30.9,34.8,3.15,844,214
2018-11-28,8028,2533016,93126419,35.5,38.0,35.3,36.05,1.25,1522,182
2018-11-29,8028,1209784,43657345,36.0,37.0,35.2,35.75,-0.3,842,249
2018-11-30,8028,2760694,106944390,36.7,39.3,36.35,38.95,3.2,1491,198
2018-12-03,8028,2040673,79997859,39.75,40.1,38.35,38.95,0.0,1183,224
2018-12-04,8028,938849,36525342,39.3,39.55,38.35,38.5,-0.45,601,293
2018-12-05,8028,824429,30815365,36.5,38.35,36.5,37.5,-1.0,562,282
2018-12-06,8028,1159710,41692150,37.3,37.95,35.0,35.05,-2.45,786,272
2018-12-07,8028,501398,18196316,37.0,37.0,35.7,36.75,1.7,378,302
2018-12-10,8028,290551,10412325,35.5,36.5,35.5,35.8,-0.95,252,390
2018-12-11,8028,738440,27525070,36.75,38.05,35.9,37.8,2.0,523,259
2018-12-12,8028,1049769,40470541,38.3,38.95,37.8,38.95,1.15,710,253
2018-12-13,8028,798153,30791544,38.95,38.95,38.05,38.35,-0.6,519,282
2018-12-14,8028,2454660,97858550,39.35,40.85,38.6,40.0,1.65,1466,161
2018-12-17,8028,900300,34855580,39.05,39.55,38.05,38.5,-1.5,671,256
2018-12-18,8028,896600,33232007,37.4,37.9,36.05,36.7,-1.8,591,274
2018-12-19,8028,399287,14615023,36.7,37.35,36.1,36.4,-0.3,298,354
2018-12-20,8028,408000,14954450,36.0,37.1,36.0,36.2,-0.2,314,361
2018-12-21,8028,1074250,40423850,36.5,38.1,36.5,38.0,1.8,668,248
2018-12-22,8028,351050,13145418,37.6,37.8,37.1,37.5,-0.5,224,260
2018-12-24,8028,619309,23510276,38.0,38.5,37.3,38.4,0.9,443,261
2018-12-25,8028,640430,23773115,37.0,37.6,36.8,36.95,-1.45,456,283
2018-12-26,8028,444198,16346967,37.5,37.5,36.1,36.2,-0.75,261,313
2018-12-27,8028,355403,13111459,37.05,37.35,36.5,36.5,0.3,239,339
2018-12-28,8028,1725890,66532987,37.0,39.95,36.7,39.0,2.5,1077,165
2019-01-02,8028,1366162,53409011,39.1,39.9,38.55,38.9,-0.1,753,183
2019-01-03,8028,672274,25558962,39.0,39.0,37.4,38.0,-0.9,513,247
2019-01-04,8028,784300,28686532,37.2,37.2,36.1,36.8,-1.2,520,252
2019-01-07,8028,308756,11534633,37.45,37.6,37.1,37.35,0.55,234,354
2019-01-08,8028,267000,9963747,37.65,37.65,37.05,37.05,-0.3,192,364
2019-01-09,8028,464016,17416542,37.3,38.1,37.2,37.3,0.25,318,352
2019-01-10,8028,375120,13833590,37.2,37.3,36.4,36.7,-0.6,246,341
2019-01-11,8028,232006,8534572,36.9,37.4,36.6,36.7,0.0,167,414
2019-01-14,8028,671534,25351585,36.9,38.2,36.9,37.9,1.2,454,259
2019-01-15,8028,423150,15988433,37.9,38.15,37.4,37.9,0.0,266,316
2019-01-16,8028,399035,15079213,37.85,38.0,37.55,37.55,-0.35,265,345
2019-01-17,8028,548003,20309211,37.5,37.6,36.7,36.8,-0.75,298,315
2019-01-18,8028,370155,13601385,36.85,37.35,36.5,36.65,-0.15,210,345
2019-01-21,8028,890014,33350318,38.0,38.3,36.65,37.1,0.45,618,253
2019-01-22,8028,482361,17633943,37.0,37.0,36.3,36.5,-0.6,305,309
2019-01-23,8028,194001,7121686,36.45,37.0,36.4,36.85,0.35,136,389
2019-01-24,8028,410044,14948097,37.2,37.2,36.1,36.5,-0.35,299,321
2019-01-25,8028,1469339,55128725,36.85,38.0,36.85,37.2,0.7,909,219
2019-01-28,8028,412280,15353285,37.5,37.7,37.0,37.0,-0.2,326,339
2019-01-29,8028,283716,10443439,37.0,37.0,36.6,36.95,-0.05,191,376
2019-01-30,8028,1549371,58734079,37.0,38.4,37.0,38.1,1.15,895,199
2019-02-11,8028,4856001,198007937,39.4,41.9,39.3,41.9,3.8,2335,125
2019-02-12,8028,15044380,662991633,42.85,45.45,42.85,43.75,1.85,8913,40
2019-02-13,8028,5705774,254059029,43.9,45.65,43.1,44.95,1.2,3668,120
2019-02-14,8028,2366093,106041381,45.2,45.45,44.3,44.7,-0.25,1550,185
2019-02-15,8028,3396808,150906893,44.55,45.55,43.45,44.8,0.1,2220,149
2019-02-18,8028,3959081,176697377,45.95,46.8,43.55,43.7,-1.1,2587,125
2019-02-19,8028,3523101,157008564,43.95,45.2,43.3,45.0,1.3,2175,134
2019-02-20,8028,7547502,345327673,45.6,46.7,44.5,46.0,1.0,4286,88
2019-02-21,8028,3358357,155194422,46.75,46.9,45.6,46.0,0.0,1844,151
2019-02-22,8028,1849500,84924470,46.0,46.45,45.55,45.55,-0.45,1077,197
2019-02-25,8028,10028289,481338301,45.8,49.8,45.3,48.0,2.45,5915,63
2019-02-26,8028,7212315,354235593,49.0,50.7,47.6,48.25,0.25,4538,84
2019-02-27,8028,3930213,185196169,48.75,48.9,46.1,47.0,-1.25,2443,139
2019-03-04,8028,2842500,131480005,46.8,47.0,45.5,46.35,-0.65,1714,164
2019-03-05,8028,1435645,66275646,46.4,46.8,45.8,45.8,-0.55,915,205
2019-03-06,8028,2889380,136415135,46.15,47.9,46.15,47.0,1.2,1916,143
2019-03-07,8028,2057371,95291081,47.5,47.65,45.6,46.0,-1.0,1318,191
2019-03-08,8028,2464157,114643156,46.0,47.3,45.0,46.95,0.95,1696,154
2019-03-11,8028,1202615,56979264,47.25,47.9,46.95,47.15,0.2,837,224
2019-03-12,8028,1633524,77863501,47.3,48.3,47.25,47.35,0.2,1109,208
2019-03-13,8028,4056319,197040792,47.4,49.35,46.95,48.9,1.55,2543,109
2019-03-14,8028,4076585,194773406,49.3,49.7,46.5,46.75,-2.15,2581,122
2019-03-15,8028,3056558,141283751,47.05,47.3,45.55,46.9,0.15,1985,186
2019-03-18,8028,806493,37456307,46.9,46.9,46.2,46.3,-0.6,642,299
2019-03-19,8028,1122067,52033485,46.45,47.25,45.9,45.9,-0.4,806,266
2019-03-20,8028,839736,38504342,46.25,46.35,45.65,45.65,-0.25,598,293
2019-03-21,8028,741720,33978797,45.65,46.25,45.6,45.8,0.15,509,310
2019-03-22,8028,686554,31491036,46.1,46.3,45.65,45.65,-0.15,524,343
2019-03-25,8028,1919367,84588881,44.0,44.9,43.5,43.75,-1.9,1135,204
2019-03-26,8028,801530,35361070,43.8,44.6,43.8,44.1,0.35,498,297
2019-03-27,8028,1078421,48705323,44.2,46.15,43.9,45.5,1.4,783,259
2019-03-28,8028,602383,27037291,45.1,45.2,44.65,44.75,-0.75,445,330
2019-03-29,8028,504552,22686940,44.95,45.55,44.6,44.95,0.2,366,362
2019-04-01,8028,1034730,47411899,45.1,46.45,45.05,45.5,0.55,698,284
2019-04-02,8028,613436,28024387,46.0,46.1,45.3,45.5,0.0,413,341
2019-04-03,8028,488452,22304275,45.85,45.85,45.5,45.8,0.3,343,371
2019-04-08,8028,1295840,60340435,46.1,47.1,46.1,46.3,0.5,833,278
2019-04-09,8028,5424127,260193760,47.8,48.5,47.45,47.65,1.35,3181,109
2019-04-10,8028,3850801,186269848,47.75,48.85,47.45,48.25,0.6,2284,140
2019-04-11,8028,4137500,201630739,48.75,49.75,47.55,47.9,-0.35,2533,130
2019-04-12,8028,1459497,70184724,48.25,48.7,47.7,47.85,-0.05,978,230
2019-04-15,8028,1824232,88230586,48.05,49.0,47.95,48.1,0.25,1177,207
2019-04-16,8028,1082641,52108898,48.3,48.7,47.6,48.05,-0.05,762,281
2019-04-17,8028,12819821,646569619,48.85,52.3,48.85,49.3,1.25,7626,50
2019-04-18,8028,4079221,202924197,49.9,51.0,48.7,48.8,-0.5,2619,157
2019-04-19,8028,4854901,245347745,49.85,51.8,49.3,50.5,1.7,3146,84
2019-04-22,8028,2503360,126407476,51.2,51.4,49.85,49.9,-0.6,1490,157
2019-04-23,8028,2473672,123418200,50.3,50.8,48.5,50.0,0.1,1569,165
2019-04-24,8028,4667302,238670355,50.8,52.1,50.0,50.2,0.2,2789,102
2019-04-25,8028,1273270,63549630,50.2,50.6,49.5,49.75,-0.45,868,226
2019-04-26,8028,1560116,76134669,49.75,49.75,48.5,48.6,-1.15,1037,209
2019-04-29,8028,1961094,92837418,48.6,48.85,46.6,46.8,-1.8,1152,197
2019-04-30,8028,835200,39495620,46.8,48.0,46.65,47.8,1.0,566,252
2019-05-02,8028,623006,29718638,47.8,48.15,47.15,48.0,0.2,444,283
2019-05-03,8028,709056,34246581,48.4,48.9,47.7,48.65,0.65,492,280
2019-05-06,8028,949407,45147229,47.6,48.35,47.1,47.1,-1.55,687,277
2019-05-07,8028,714200,34089778,47.15,48.15,47.15,47.55,0.45,565,276
2019-05-08,8028,809604,38720176,47.05,48.5,47.0,47.65,0.1,559,269
2019-05-09,8028,1873706,86995976,47.25,47.85,45.5,45.9,-1.75,1171,216
2019-05-10,8028,3065642,137061140,46.0,46.5,43.3,44.3,-1.6,1872,160
2019-05-13,8028,2456004,104676118,44.1,44.2,41.2,42.4,-1.9,1558,181
2019-05-14,8028,1678938,72061208,42.0,44.2,41.0,44.0,1.6,1120,225
2019-05-15,8028,1027002,45194438,43.6,44.55,43.6,43.8,-0.2,658,263
2019-05-16,8028,574000,25143650,43.75,44.2,43.15,43.2,-0.6,347,321
2019-05-17,8028,1142300,48470400,43.4,44.0,41.55,41.8,-1.4,716,258
2019-05-20,8028,1423000,58099100,41.8,42.4,40.0,40.55,-1.25,853,211
2019-05-21,8028,848501,34811692,40.2,42.15,39.85,41.8,1.25,563,283
2019-05-22,8028,576212,24617529,42.05,43.2,42.05,42.45,0.65,418,307
2019-05-23,8028,484409,20058772,42.05,42.05,41.05,41.3,-1.15,339,335
2019-05-24,8028,472201,19783662,41.25,42.55,41.25,42.25,0.95,341,323
2019-05-27,8028,973500,41928925,43.25,43.65,42.4,42.65,0.4,683,251
2019-05-28,8028,280000,11948900,42.75,42.9,42.45,42.75,0.1,178,432
2019-05-29,8028,218001,9283693,42.75,42.9,42.1,42.75,0.0,157,450
2019-05-30,8028,472332,20417941,42.7,43.4,42.7,43.4,0.65,287,327
2019-05-31,8028,444206,19309440,43.35,43.8,43.15,43.3,-0.1,294,346
2019-06-03,8028,695577,29534094,42.9,42.9,42.0,42.8,-0.5,508,262
2019-06-04,8028,406461,17558114,42.85,43.6,42.8,43.2,0.4,276,317
2019-06-05,8028,582001,25363293,44.0,44.2,43.1,43.15,-0.05,349,283
2019-06-06,8028,654150,28501439,43.6,43.85,43.2,43.6,0.45,410,263
2019-06-10,8028,686866,30500877,44.4,44.6,44.05,44.55,0.95,450,267
2019-06-11,8028,377001,16856244,44.8,45.2,44.4,44.7,0.15,263,361
2019-06-12,8028,308253,13710068,44.6,44.75,44.2,44.35,-0.35,233,366
2019-06-13,8028,493250,21965450,44.35,44.9,44.2,44.75,0.4,316,284
2019-06-14,8028,609351,27285589,45.0,45.15,44.6,44.75,0.0,421,257
2019-06-17,8028,434252,18665857,43.15,43.2,42.45,43.0,0.0,312,319
2019-06-18,8028,287001,12302942,43.25,43.3,42.6,42.7,-0.3,198,371
2019-06-19,8028,480032,20705785,43.05,43.4,42.95,43.0,0.3,326,357
2019-06-20,8028,371000,16175550,43.0,43.95,43.0,43.85,0.85,264,390
2019-06-21,8028,257151,11291364,43.85,44.35,43.7,43.7,-0.15,206,460
2019-06-24,8028,189120,8227680,44.1,44.3,43.1,43.5,-0.2,131,479
2019-06-25,8028,392180,16820848,43.3,43.45,42.5,42.65,-0.85,303,353
2019-06-26,8028,372000,15717800,42.6,42.6,42.0,42.25,-0.4,244,338
2019-06-27,8028,236400,10099440,42.9,43.15,42.3,42.5,0.25,191,441
2019-06-28,8028,631302,27241804,42.5,43.8,42.4,43.7,1.2,473,277
2019-07-01,8028,1714151,77803674,46.0,46.0,44.6,45.3,1.6,978,207
2019-07-02,8028,7806644,378624646,45.9,49.7,45.7,48.55,3.25,4250,60
2019-07-03,8028,3782205,186202742,49.2,49.9,48.6,48.75,0.2,2334,113
2019-07-04,8028,1797289,88847532,49.1,49.9,49.0,49.25,0.5,1188,179
2019-07-05,8028,4764560,237833991,49.0,50.8,48.65,50.6,1.35,2810,75
2019-07-08,8028,4317666,220463861,51.1,52.0,50.1,50.1,-0.5,2734,91
2019-07-09,8028,2800025,142786359,50.5,51.9,50.1,50.6,0.5,1759,133
2019-07-10,8028,11782562,627683405,51.3,54.9,51.2,54.5,3.9,7232,31
2019-07-11,8028,5873139,319013012,54.9,55.4,53.4,54.5,0.0,3773,84
2019-07-12,8028,8691048,480952839,55.0,56.7,54.0,55.4,0.9,5282,54
2019-07-15,8028,5379746,299817851,56.8,56.8,54.7,54.8,-0.6,3128,77
2019-07-16,8028,4600351,249683433,54.7,55.6,53.5,54.8,0.0,2723,102
2019-07-17,8028,4677102,253982868,55.3,55.5,53.5,54.3,-0.5,2981,99
2019-07-18,8028,4507309,248124202,54.5,55.9,54.2,54.7,0.4,2775,83
2019-07-19,8028,23506402,1392527752,56.2,60.1,56.2,60.1,5.4,10974,12
2019-07-22,8028,23597710,1530692025,62.0,66.1,62.0,66.1,6.0,11579,13
2019-07-23,8028,28954011,1954493906,66.9,70.2,65.7,66.0,-0.1,16644,13
2019-07-24,8028,15131229,1032784001,67.6,69.3,67.2,69.2,3.2,9515,24
2019-07-25,8028,10354396,706415963,70.5,70.5,67.1,67.6,-1.6,6599,38
2019-07-26,8028,8403960,567732557,66.5,68.4,66.0,68.4,0.8,4959,43
2019-07-29,8028,17309916,1217330568,70.4,72.4,68.6,69.1,0.7,10945,16
2019-07-30,8028,8018775,543407700,69.1,69.7,66.0,67.7,-1.4,5310,44
2019-07-31,8028,13386764,937514451,69.0,71.5,68.2,70.9,3.2,8329,29
2019-08-01,8028,11974653,851958437,70.0,72.4,69.4,72.4,1.5,7580,29
2019-08-02,8028,14507642,1053835484,71.9,73.6,71.2,72.1,-0.3,9716,28
2019-08-05,8028,8182338,572443622,71.8,72.5,67.9,68.5,-3.6,5559,39
2019-08-06,8028,17780311,1262371583,66.6,75.3,65.1,74.9,6.4,11406,16
2019-08-07,8028,17857033,1332396388,75.6,76.2,72.4,72.4,-2.5,11609,13
2019-08-08,8028,8872133,655741342,73.1,74.7,73.0,73.3,0.9,5995,36
2019-08-12,8028,5158109,382583602,73.8,75.1,72.8,74.5,1.2,3396,83
2019-08-13,8028,20525842,1607867185,75.2,80.1,75.2,77.3,2.8,13224,8
2019-08-14,8028,8548083,674780001,79.8,80.1,78.0,78.5,1.2,5484,49
2019-08-15,8028,6385272,501455795,76.8,79.9,76.5,79.9,1.4,4220,60
2019-08-16,8028,22048631,1866633855,81.8,87.5,81.8,86.1,6.2,13892,8
2019-08-19,8028,11510003,1000617944,87.9,88.9,85.2,85.2,-0.9,7395,18
2019-08-20,8028,10190605,875173820,85.7,87.7,84.0,84.1,-1.1,6631,26
2019-08-21,8028,10392070,899623380,85.3,88.2,84.2,88.2,4.1,6749,20
2019-08-22,8028,13175190,1149805130,88.0,89.1,86.1,86.2,-2.0,8856,17
2019-08-23,8028,15395493,1267163766,84.8,85.5,78.1,81.8,-4.4,10368,14
2019-08-26,8028,9114125,720334350,79.0,81.1,77.3,77.3,-4.5,5977,31
2019-08-27,8028,6816875,534796544,79.1,79.8,76.9,77.0,-0.3,4471,55
2019-08-28,8028,10330526,820343641,77.7,81.4,77.6,78.3,1.3,7035,19
2019-08-29,8028,18616747,1371270830,78.7,79.6,70.7,71.5,-6.8,11740,14
2019-08-30,8028,9499022,682934784,72.7,73.4,70.6,72.0,0.5,6443,40
2019-09-02,8028,5038857,366437074,72.0,73.6,71.5,73.5,1.5,3401,58
2019-09-03,8028,7201353,532485564,74.9,75.5,72.0,72.0,-1.5,4464,34
2019-09-04,8028,5807477,429021277,72.1,74.8,71.6,74.6,2.6,3931,48
2019-09-05,8028,7408044,560605601,75.8,76.7,74.8,75.1,0.5,4883,46
2019-09-06,8028,5124636,382292864,76.0,76.3,73.5,73.5,-1.6,3367,67
2019-09-09,8028,3001938,221427474,73.5,75.0,73.0,73.0,-0.5,2058,97
2019-09-10,8028,2263543,165213782,73.6,73.9,72.3,73.5,0.5,1480,134
2019-09-11,8028,10123906,735459676,74.3,75.5,70.5,71.2,-2.3,6486,30
2019-09-12,8028,3749425,268296143,71.9,72.4,71.0,71.2,0.0,2507,87
2019-09-16,8028,3486631,244724607,71.9,72.0,69.3,70.5,-0.7,2366,91
2019-09-17,8028,5478752,388444360,71.0,72.4,69.7,69.8,-0.7,3844,63
2019-09-18,8028,3834469,266632999,69.6,70.8,68.5,69.7,-0.1,2551,98
2019-09-19,8028,13321364,966045485,71.1,73.6,70.2,73.3,3.6,8968,21
2019-09-20,8028,6503852,466364367,72.7,72.9,70.9,71.3,-2.0,4381,75
2019-09-23,8028,3175103,227424473,71.5,72.2,71.0,72.2,0.9,2015,92
2019-09-24,8028,27363557,2083607492,73.5,78.2,73.5,74.9,2.7,17165,5
2019-09-25,8028,14257064,1073089667,75.1,76.6,74.0,74.0,-0.9,9041,15
2019-09-26,8028,5997450,444542690,75.0,75.6,72.9,73.2,-0.8,3971,50
2019-09-27,8028,6170240,442835680,74.0,74.4,70.7,71.0,-2.2,4330,58
2019-10-01,8028,4424401,314207272,71.0,72.2,70.0,71.0,0.0,3236,80
2019-10-02,8028,4083541,293002293,70.9,72.3,70.8,72.3,1.3,2866,73
2019-10-03,8028,3895621,277307812,71.1,71.9,70.6,71.0,-1.3,2541,87
2019-10-04,8028,6554009,458714734,71.5,71.9,69.1,69.9,-1.1,4458,51
2019-10-07,8028,3615450,254689114,70.2,71.3,69.8,69.9,0.0,2446,79
2019-10-08,8028,4655945,320451416,70.4,70.8,68.0,68.1,-1.8,3167,81
2019-10-09,8028,3263500,219166098,67.4,68.0,66.7,67.6,-0.5,2301,110
2019-10-14,8028,5677240,399444587,69.7,71.5,68.6,70.6,3.0,3799,73
2019-10-15,8028,2677773,188436825,70.9,71.2,69.8,70.0,-0.6,1828,126
2019-10-16,8028,16550975,1213649770,71.0,75.0,70.8,72.7,2.7,10710,20
2019-10-17,8028,9386406,693991963,73.0,74.7,72.5,74.4,1.7,6068,35
2019-10-18,8028,20461242,1564269436,76.1,78.3,74.8,74.8,0.4,13176,13
2019-10-21,8028,3414451,254142544,75.0,75.5,73.7,74.6,-0.2,2415,87
2019-10-22,8028,5668200,426642700,75.4,76.0,74.2,75.5,0.9,3819,58
2019-10-23,8028,6442285,482399190,76.0,76.5,73.7,73.8,-1.7,4361,60
2019-10-24,8028,17539972,1331741208,74.2,77.6,72.5,77.5,3.7,10903,20
2019-10-25,8028,18682695,1452976191,78.5,78.8,76.5,77.0,-0.5,11839,16
2019-10-28,8028,9989113,778676446,77.9,79.3,76.3,79.0,2.0,6371,30
2019-10-29,8028,20096773,1613513321,80.4,81.8,78.3,79.6,0.6,12900,15
2019-10-30,8028,5962601,476894781,79.5,80.5,79.1,79.9,0.3,3937,63
2019-10-31,8028,14881598,1185744400,80.7,82.0,76.8,76.8,-3.1,9094,25
2019-11-01,8028,8427694,658408377,76.6,79.8,76.4,79.7,2.9,5307,42
2019-11-04,8028,8506351,675228255,80.4,80.4,78.3,79.8,0.1,5310,42
2019-11-05,8028,6829168,548596270,80.8,81.5,79.1,79.1,-0.7,4491,61
2019-11-06,8028,5663589,441085164,79.1,79.3,77.1,77.1,-2.0,3706,73
2019-11-07,8028,3885530,299409101,77.1,78.1,76.4,76.4,-0.7,2500,89
2019-11-08,8028,2918224,224202401,77.1,77.8,76.0,76.5,0.1,1917,108
2019-11-11,8028,5545760,409822132,76.8,76.8,72.6,72.6,-3.9,3442,71
2019-11-12,8028,2890250,214543974,73.4,75.2,73.1,74.8,2.2,1966,107
2019-11-13,8028,2164994,161245652,74.7,75.4,74.0,74.0,-0.8,1382,147
2019-11-14,8028,2392100,175058779,74.2,74.4,72.6,72.7,-1.3,1575,141
2019-11-15,8028,2753235,203290945,73.3,74.3,73.1,74.3,1.6,1698,118
2019-11-18,8028,2647406,197154527,75.1,75.2,73.9,74.0,-0.3,1724,117
2019-11-19,8028,1420506,105450145,73.7,74.8,73.6,74.0,0.0,910,160
2019-11-20,8028,2554501,187339573,74.4,74.7,72.5,72.5,-1.5,1699,110
2019-11-21,8028,6245995,437319235,70.0,71.9,68.3,71.9,-0.6,4089,60
2019-11-22,8028,2326703,164865413,71.5,72.1,70.2,70.2,-1.7,1689,120
2019-11-25,8028,1383423,97381048,70.3,71.2,70.0,70.1,-0.1,1044,177
2019-11-26,8028,2585622,183742662,70.6,71.7,70.6,70.8,0.7,1801,140
2019-11-27,8028,1783421,126737243,70.8,71.8,70.6,70.9,0.1,1264,141
2019-11-28,8028,2655630,185545437,70.6,70.6,69.6,69.6,-1.3,1806,107
2019-11-29,8028,1414309,98771336,69.5,70.7,69.4,69.4,-0.2,1014,180
2019-12-02,8028,3166002,213811652,70.0,70.1,66.5,67.3,-2.1,2161,108
2019-12-03,8028,1602530,108668140,67.0,68.6,66.5,67.7,0.4,1102,149
2019-12-04,8028,1635084,111770716,67.1,68.8,67.1,68.1,0.4,1195,147
2019-12-05,8028,3835648,269133708,68.5,71.3,68.5,70.6,2.5,2644,81
2019-12-06,8028,7373143,535599564,71.7,73.8,71.6,72.4,1.8,5144,42
2019-12-09,8028,1686432,121529019,72.8,72.9,71.6,71.8,-0.6,1213,141
2019-12-10,8028,1534332,109979004,72.4,72.4,71.1,71.6,-0.2,934,142
2019-12-11,8028,1214945,87175544,71.6,72.2,71.3,71.8,0.2,812,188
2019-12-12,8028,4902913,359388261,72.8,74.1,72.4,72.8,1.0,3332,87
2019-12-13,8028,3103301,224983029,73.6,74.3,71.1,71.1,-1.7,2125,127
2019-12-16,8028,1951050,140988074,71.1,72.8,71.1,72.5,1.4,1223,148
2019-12-17,8028,1582191,115170163,73.2,73.5,72.2,72.2,-0.3,1053,186
2019-12-18,8028,2426863,177164876,72.6,73.6,72.5,72.7,0.5,1608,145
2019-12-19,8028,1343000,96951200,73.0,73.4,71.7,71.8,-0.9,916,187
2019-12-20,8028,1140200,81941560,72.7,72.9,71.3,71.6,-0.2,851,222
2019-12-23,8028,1044310,74544258,72.2,72.3,70.6,71.0,-0.6,688,216
2019-12-24,8028,1262199,90142327,71.1,72.1,70.8,71.9,0.9,883,180
2019-12-25,8028,2808168,205124464,72.9,73.7,72.5,72.8,0.9,1958,85
2019-12-26,8028,1145625,83260311,73.0,73.4,72.3,72.3,-0.5,836,178
2019-12-27,8028,19026219,1453430918,72.8,78.8,72.8,77.0,4.7,12369,15
2019-12-30,8028,7551614,582474267,77.6,78.2,76.1,76.1,-0.9,5003,40
2019-12-31,8028,4086358,306010092,76.1,76.1,74.0,74.0,-2.1,2851,63
2020-01-02,8028,3067420,229548422,74.3,75.6,73.9,74.9,0.9,2066,103
2020-01-03,8028,4810478,355099596,75.6,76.0,72.5,72.5,-2.4,3334,84
2020-01-06,8028,3278330,231435530,71.5,71.5,70.2,70.3,-2.2,2204,93
2020-01-07,8028,3682088,255211260,70.1,70.6,68.5,69.1,-1.2,2433,99
2020-01-08,8028,1419500,97400300,68.5,69.4,67.8,68.4,-0.7,1039,189
2020-01-09,8028,1649500,113384999,69.3,69.5,68.0,68.4,0.0,1159,164
2020-01-10,8028,2853000,198192200,69.0,70.2,68.6,69.5,1.1,1869,114
2020-01-13,8028,1247300,87948100,70.7,70.9,70.1,70.5,1.0,973,203
2020-01-14,8028,2048304,145213800,70.5,71.6,70.2,70.3,-0.2,1210,155
2020-01-15,8028,1074739,75114238,70.5,70.8,69.5,69.6,-0.7,802,207
2020-01-16,8028,1222161,84776150,69.6,70.0,69.1,69.3,-0.3,868,204
2020-01-17,8028,763597,53023478,69.6,69.9,69.2,69.3,0.0,537,241
2020-01-20,8028,1121710,78546453,69.5,70.4,69.3,70.1,0.8,814,207
2020-01-30,8028,2867240,184699083,65.8,66.2,63.1,63.1,-7.0,1827,204
2020-01-31,8028,1839303,114547142,63.2,64.1,60.7,61.8,-1.3,1244,216
2020-02-03,8028,2903633,165319781,57.1,58.8,55.7,58.2,-3.6,1881,180
2020-02-04,8028,2162518,132317396,60.0,62.5,59.0,62.0,3.8,1497,173
2020-02-05,8028,1584100,99134259,64.0,64.0,61.2,62.2,0.2,1100,198
2020-02-06,8028,1357551,85745953,62.5,63.7,62.4,63.3,1.1,897,210
2020-02-07,8028,1546010,97911036,63.3,63.9,62.5,63.4,0.1,1051,201
2020-02-10,8028,1164216,73368464,62.7,63.9,61.8,63.3,-0.1,722,216
2020-02-11,8028,1358500,87929044,64.0,65.4,64.0,65.1,1.8,982,173
2020-02-12,8028,1510203,99408698,65.8,66.5,65.3,65.5,0.4,1115,182
2020-02-13,8028,1346520,87608049,65.5,66.3,64.2,64.5,-1.0,977,202
2020-02-14,8028,2864518,189802954,64.6,67.0,64.5,66.9,2.4,1963,107
2020-02-17,8028,1432019,95270252,66.1,67.4,65.6,66.0,-0.9,1056,176
2020-02-18,8028,786289,51718613,65.8,66.6,65.4,65.7,-0.3,575,239
2020-02-19,8028,747202,49148671,65.5,66.2,65.0,66.0,0.3,487,244
2020-02-20,8028,2084749,139910105,66.8,67.8,66.4,66.4,0.4,1399,149
2020-02-21,8028,2720503,182998394,66.3,67.9,65.9,67.4,1.0,1625,130
2020-02-24,8028,1308100,86507600,66.7,66.8,65.4,65.9,-1.5,997,212
2020-02-25,8028,1598691,102683315,63.1,65.3,63.1,64.3,-1.6,1169,180
2020-02-26,8028,1360000,88158096,63.6,65.5,63.5,64.5,0.2,880,197
2020-02-27,8028,1996708,125412231,65.2,65.3,61.7,61.7,-2.8,1443,205
2020-03-02,8028,1905302,115665584,59.1,62.7,58.5,61.6,-0.1,1199,210
2020-03-03,8028,1381652,86573115,62.3,63.6,62.2,62.2,0.6,922,214
2020-03-04,8028,1161030,70808860,62.2,62.2,60.3,61.1,-1.1,842,218
2020-03-05,8028,1012311,62653342,61.2,62.7,61.2,61.8,0.7,722,234
2020-03-06,8028,848414,52411968,61.4,62.3,61.4,61.6,-0.2,641,257
2020-03-09,8028,2227300,131891516,60.2,60.6,58.3,58.7,-2.9,1571,214
2020-03-10,8028,2857685,165593034,56.9,60.7,56.0,60.7,2.0,1975,178
2020-03-11,8028,2308382,139518465,60.9,61.7,58.2,58.5,-2.2,1545,177
2020-03-12,8028,3182505,173787949,57.1,57.2,52.7,52.7,-5.8,2272,208
2020-03-13,8028,3630945,172665231,47.45,48.2,47.45,47.5,-5.2,2135,212
2020-03-16,8028,2837004,133646230,47.5,49.45,44.9,44.9,-2.6,2003,201
2020-03-17,8028,2817696,120049234,41.2,44.8,41.2,41.25,-3.65,1846,212
2020-03-18,8028,2741637,114044867,42.2,43.25,39.85,39.9,-1.35,1732,206
2020-03-19,8028,3535170,130419584,39.0,39.25,35.95,35.95,-3.95,2080,211
2020-03-20,8028,2894200,112639287,38.0,39.5,37.1,39.5,3.55,1754,208
2020-03-23,8028,1454602,56486840,37.5,40.5,37.1,39.0,-0.5,1186,236
2020-03-24,8028,2144002,89304334,40.95,42.5,40.6,42.1,3.1,1412,199
2020-03-25,8028,2769802,123572848,44.05,45.5,43.6,44.0,1.9,2073,191
2020-03-26,8028,1883502,82272780,44.35,44.4,42.65,44.25,0.25,1282,212
2020-03-27,8028,2365614,105517564,45.45,46.25,43.1,43.5,-0.75,1610,201
2020-03-30,8028,1277300,54706973,42.1,43.6,41.7,43.3,-0.2,765,231
2020-03-31,8028,1184404,51453088,44.1,44.35,42.6,42.8,-0.5,797,261
2020-04-01,8028,1213046,52860010,43.15,44.0,42.55,43.9,1.1,824,223
2020-04-06,8028,1558939,69250031,44.0,45.0,43.7,44.95,1.05,1051,219
2020-04-07,8028,3485523,167772082,46.4,49.4,46.35,49.4,4.45,2120,170
2020-04-08,8028,6428117,327347184,50.1,51.8,50.0,51.2,1.8,3963,101
2020-04-09,8028,3218032,162491829,50.9,51.5,49.6,49.9,-1.3,2155,170
2020-04-10,8028,1319200,65844750,50.0,50.6,49.55,49.8,-0.1,892,226
2020-04-13,8028,2278007,113857444,49.5,51.3,48.6,49.55,-0.25,1591,173
2020-04-14,8028,1866502,94108256,49.55,50.9,49.55,50.1,0.55,1185,212
2020-04-15,8028,2179200,111072500,50.6,51.5,50.6,51.2,1.1,1372,217
2020-04-16,8028,2565003,132101353,51.2,52.3,50.6,51.1,-0.1,1737,179
2020-04-17,8028,3677210,191221833,52.5,53.5,50.6,51.4,0.3,2465,181
2020-04-20,8028,1258291,64622883,51.2,52.1,50.5,51.5,0.1,871,234
2020-04-21,8028,2256320,113562950,50.8,51.9,49.25,49.45,-2.05,1436,209
2020-04-22,8028,1722000,84699400,49.0,50.2,48.1,49.6,0.15,980,208
2020-04-23,8028,1037963,51950302,50.3,50.6,49.65,49.85,0.25,645,263
2020-04-24,8028,814101,40503479,50.0,50.1,49.1,49.75,-0.1,468,276
2020-04-27,8028,2373033,119469623,50.1,50.9,49.85,50.2,0.45,1137,207
2020-04-28,8028,2805699,143305177,50.9,51.7,50.4,50.7,0.5,1595,192
2020-04-29,8028,2362246,121031894,51.2,51.5,50.9,51.2,0.5,1189,225
2020-04-30,8028,5252880,275583640,52.5,53.0,51.6,52.8,1.6,3051,159
2020-05-04,8028,2351222,120848174,51.1,51.9,50.6,51.3,-1.5,1425,201
2020-05-05,8028,1795061,92777648,52.1,52.6,51.1,51.3,0.0,1048,247
2020-05-06,8028,1880519,95266201,51.3,51.5,50.0,50.3,-1.0,1274,245
2020-05-07,8028,1997500,100903487,50.3,51.2,49.9,51.1,0.8,1318,225
2020-05-08,8028,2184539,112812558,51.6,52.4,51.2,51.4,0.3,1358,229
2020-05-11,8028,2339200,122027477,52.0,52.6,51.7,51.9,0.5,1430,220
2020-05-12,8028,5737585,302727385,52.0,53.9,51.4,51.7,-0.2,3461,119
2020-05-13,8028,2937400,149036400,51.4,51.7,50.1,50.5,-1.2,1775,172
2020-05-14,8028,2646188,130705838,50.4,50.5,48.8,48.85,-1.65,1771,199
2020-05-15,8028,2072150,100192419,49.0,49.95,47.55,47.75,-1.1,1374,221
2020-05-18,8028,1598009,74625568,47.8,47.8,46.1,46.1,-1.65,1033,234
2020-05-19,8028,899012,42121519,47.1,47.25,46.5,47.05,0.95,605,313
2020-05-20,8028,829495,39587555,47.25,48.3,47.1,48.15,1.1,594,310
2020-05-21,8028,1164525,57379890,48.6,49.85,48.55,49.4,1.25,776,286
2020-05-22,8028,1127711,54532910,49.4,49.4,48.0,48.0,-1.4,705,299
2020-05-25,8028,1181700,57557504,48.2,49.7,47.1,49.65,1.65,823,284
2020-05-26,8028,7248352,378268320,51.4,53.5,51.1,51.1,1.45,4651,116
2020-05-27,8028,1759264,89370568,51.0,51.6,50.2,50.5,-0.6,1200,247
2020-05-28,8028,1754745,89555594,50.8,51.8,50.4,50.6,0.1,1187,258
2020-05-29,8028,1046000,53428000,51.0,51.6,50.6,50.9,0.3,681,295
2020-06-01,8028,1221000,62873100,51.8,52.0,51.1,51.3,0.4,724,281
2020-06-02,8028,2272262,117741270,51.7,52.2,51.2,51.7,0.4,1422,202
2020-06-03,8028,1467301,76231891,52.0,52.3,51.7,51.7,0.0,904,289
2020-06-04,8028,3013100,158154150,52.3,53.0,51.9,52.4,0.7,1986,194
2020-06-05,8028,12106974,688295702,53.5,57.6,53.5,57.6,5.2,4807,55
2020-06-08,8028,26229349,1558940142,58.8,62.7,57.2,59.8,2.2,16093,19
2020-06-09,8028,6159524,362610991,59.0,60.1,58.2,58.2,-1.6,4155,115
2020-06-10,8028,5279117,307982594,57.6,59.8,57.3,57.9,-0.3,3547,126
2020-06-11,8028,4538298,257225327,58.1,58.9,54.8,55.4,-2.5,3043,172
2020-06-12,8028,2671017,145351769,53.8,55.9,53.1,55.9,0.5,1698,205
2020-06-15,8028,2645301,146482389,56.1,56.8,54.0,54.1,-1.8,1791,190
2020-06-16,8028,1926361,107023349,55.0,56.3,54.7,56.1,2.0,1357,223
2020-06-17,8028,2779116,158143112,57.0,57.9,55.7,57.0,0.9,1842,180
2020-06-18,8028,1868008,106665258,57.5,57.7,56.3,57.5,0.5,1315,244
2020-06-19,8028,1920776,110264373,58.0,58.2,56.7,56.7,-0.8,1203,268
2020-06-22,8028,1915116,109686380,56.7,57.8,56.7,57.0,0.3,1269,231
2020-06-23,8028,8137895,479074370,58.1,60.1,57.5,59.1,2.1,5153,88
2020-06-24,8028,5108535,291339695,57.4,58.3,56.0,56.3,0.0,3127,126
2020-06-29,8028,2299317,125258612,55.4,55.4,54.0,54.1,-2.2,1466,209
2020-06-30,8028,1829436,99410722,54.8,55.0,54.0,54.2,0.1,1101,223
2020-07-01,8028,1528572,84241460,54.9,56.0,54.5,54.8,0.6,1065,262
2020-07-02,8028,1397300,77005400,55.1,55.4,54.8,55.1,0.3,821,283
2020-07-03,8028,6857674,393329092,55.6,58.8,55.4,57.1,2.0,4312,116
2020-07-06,8028,3300283,188711843,57.4,57.8,56.8,56.9,-0.2,2130,228
2020-07-07,8028,3431500,192151100,57.6,57.6,55.0,55.4,-1.5,2187,217
2020-07-08,8028,1776000,99186200,55.4,56.4,54.9,55.8,0.4,1163,307
2020-07-09,8028,3773535,213920160,56.3,57.6,55.6,56.0,0.2,2377,215
2020-07-10,8028,3760522,201877467,56.4,56.5,52.5,53.0,-3.0,2426,217
2020-07-13,8028,1453150,77155350,53.1,53.8,52.8,53.1,0.1,1040,309
2020-07-14,8028,1900388,99147414,53.0,53.4,51.5,51.5,-1.6,1259,256
2020-07-15,8028,1505694,76966978,52.2,52.5,50.2,50.3,-1.2,1056,306
2020-07-16,8028,1164163,59180210,50.3,51.6,50.3,51.3,1.0,700,306
2020-07-17,8028,1434501,72428100,51.7,51.8,49.85,49.9,-1.4,914,292
2020-07-20,8028,1176100,58426150,50.5,50.8,48.5,50.4,0.5,756,286
2020-07-21,8028,983100,50731550,51.0,52.1,51.0,51.5,1.1,693,334
2020-07-22,8028,782113,40653132,52.4,52.4,51.6,52.0,0.5,557,359
2020-07-23,8028,772060,39697190,52.4,52.4,51.0,51.2,-0.8,564,347
2020-07-24,8028,1187720,59681904,51.1,51.3,49.7,49.9,-1.3,759,326
2020-07-27,8028,5771741,305393444,51.5,54.3,50.0,52.9,3.0,3764,126
2020-07-28,8028,7172229,384426708,53.6,56.0,50.6,51.1,-1.8,4521,109
2020-07-29,8028,1157160,58704140,51.1,51.5,50.3,50.8,-0.3,857,291
2020-07-30,8028,1004089,51181009,51.7,51.9,50.6,50.8,0.0,727,303
2020-07-31,8028,756120,38316232,50.8,51.3,50.4,50.6,-0.2,571,323
2020-08-03,8028,1191010,59691710,50.9,50.9,49.8,50.0,-0.6,751,285
2020-08-04,8028,832634,41727934,50.3,50.6,49.9,50.0,0.0,516,332
2020-08-05,8028,1463000,74845900,50.4,51.5,50.3,51.2,1.2,1051,278
2020-08-06,8028,1272180,64378698,51.7,51.8,50.1,50.2,-1.0,896,306
2020-08-07,8028,897121,44808795,50.4,50.5,49.7,49.8,-0.4,691,346
2020-08-10,8028,669702,33412650,50.0,50.3,49.55,49.6,-0.2,456,398
2020-08-11,8028,804906,39992304,50.0,50.3,49.25,49.3,-0.3,561,386
2020-08-12,8028,747350,36543833,49.3,49.6,48.7,48.75,-0.55,559,355
2020-08-13,8028,813321,39624366,49.25,49.7,48.35,48.35,-0.4,565,354
2020-08-14,8028,1296055,61835731,48.4,48.4,47.2,47.55,-0.8,921,312
2020-08-17,8028,1070201,51420507,47.25,48.5,47.2,48.1,0.55,654,368
2020-08-18,8028,621151,29936598,48.9,48.9,48.0,48.0,-0.1,475,428
2020-08-19,8028,1245870,58281270,48.1,48.3,45.5,45.9,-2.1,915,362
2020-08-20,8028,2030451,87816382,45.9,45.9,41.6,42.95,-2.95,1324,359
2020-08-21,8028,821603,35563520,43.4,43.75,42.7,43.45,0.5,548,397
2020-08-24,8028,733554,32303185,43.5,44.4,43.2,44.3,0.85,474,394
2020-08-25,8028,877125,39909716,44.75,46.15,44.6,45.95,1.65,600,377
2020-08-26,8028,512000,23663900,45.8,46.7,45.65,46.3,0.35,412,424
2020-08-27,8028,802301,37668960,46.8,47.75,46.15,46.3,0.0,582,377
2020-08-28,8028,310330,14267477,46.75,46.75,45.8,45.85,-0.45,247,496
2020-08-31,8028,500001,22944947,46.55,46.55,45.45,45.5,-0.35,293,475
2020-09-01,8028,719259,33175423,45.6,46.75,44.9,46.6,1.1,470,419
2020-09-02,8028,615023,28977082,47.1,47.5,46.65,46.8,0.2,407,436
2020-09-03,8028,871211,41646712,47.5,48.15,47.35,47.6,0.8,626,393
2020-09-04,8028,501002,23543596,46.85,47.7,46.15,47.55,-0.05,369,473
2020-09-07,8028,677150,32214952,47.8,48.15,47.0,47.0,-0.55,484,459
2020-09-08,8028,1047200,50290289,47.95,48.5,47.55,47.65,0.65,684,345
2020-09-09,8028,525246,24686698,47.15,47.4,46.5,47.15,-0.5,386,439
2020-09-10,8028,3571406,175597240,47.95,50.2,47.95,48.05,0.9,2405,187
2020-09-11,8028,1890502,92508520,48.05,49.75,48.0,48.8,0.75,1340,279
2020-09-14,8028,1206201,59431917,49.15,49.85,48.85,49.1,0.3,849,304
2020-09-15,8028,1062100,51803600,49.4,49.65,48.15,48.5,-0.6,762,322
2020-09-16,8028,1387000,68544450,49.5,49.8,49.0,49.1,0.6,914,285
2020-09-17,8028,692158,33911515,49.1,49.45,48.55,48.9,-0.2,496,373
2020-09-18,8028,436103,21274035,48.6,49.15,48.55,48.75,-0.15,354,481
2020-09-21,8028,849019,41669335,49.0,49.65,48.5,48.6,-0.15,569,376
2020-09-22,8028,1492000,72699000,49.0,49.6,47.05,49.35,0.75,1108,288
2020-09-23,8028,1369337,66851942,49.6,50.0,48.1,48.25,-1.1,996,282
2020-09-24,8028,1221001,57300446,47.0,47.85,46.4,46.4,-1.85,779,359
2020-09-25,8028,898251,41091519,46.7,46.9,45.0,45.3,-1.1,575,384
2020-09-28,8028,398121,18315633,45.55,46.25,45.5,46.15,0.85,292,403
2020-09-29,8028,777372,36825403,46.65,48.0,46.4,47.6,1.45,606,302
2020-09-30,8028,363346,17341419,47.6,48.1,47.0,47.75,0.15,260,369
2020-10-05,8028,363174,17419769,47.75,48.15,47.5,48.05,0.3,265,398
2020-10-06,8028,932509,45706291,48.15,49.5,48.15,49.0,0.95,647,299
2020-10-07,8028,348080,17018912,48.5,49.15,48.5,48.85,-0.15,261,410
2020-10-08,8028,543000,26451200,49.15,49.35,48.4,48.75,-0.1,380,369
2020-10-12,8028,602001,28829700,48.45,48.8,47.2,47.55,-1.2,460,384
2020-10-13,8028,465425,21909165,48.2,48.2,46.6,47.0,-0.55,342,404
2020-10-14,8028,263500,12498949,47.2,47.7,47.15,47.4,0.4,202,500
2020-10-15,8028,557500,26741724,47.6,48.8,47.2,48.35,0.95,434,381
2020-10-16,8028,489145,23410728,48.0,48.7,47.05,47.3,-1.05,409,419
2020-10-19,8028,411001,19724648,47.6,48.4,47.5,48.2,0.9,288,426
2020-10-20,8028,217034,10458136,48.1,48.45,48.0,48.15,-0.05,161,482
2020-10-21,8028,798010,38946434,48.45,49.15,48.25,48.45,0.3,573,341
2020-10-22,8028,861250,42156900,48.5,49.35,48.4,49.2,0.75,606,381
2020-10-23,8028,8986145,465571965,49.6,53.8,49.5,50.8,1.6,5732,54
2020-10-26,8028,1872238,92964858,50.7,50.7,49.0,49.0,-1.8,1322,229
2020-10-27,8028,757174,36587404,48.25,48.95,48.0,48.5,-0.5,574,340
2020-10-28,8028,596719,28740471,48.8,49.0,47.8,47.85,-0.65,432,373
2020-10-29,8028,761052,35577596,47.0,47.4,46.1,47.25,-0.6,535,350
2020-10-30,8028,782932,37178234,47.6,48.2,46.9,47.4,0.15,637,354
2020-11-02,8028,576014,26964933,48.0,48.0,46.55,46.65,-0.75,456,377
2020-11-03,8028,426545,20174833,47.2,47.8,47.0,47.0,0.35,327,408
2020-11-04,8028,371264,17448689,47.55,47.55,46.65,46.85,-0.15,264,411
2020-11-05,8028,334065,15728589,46.9,47.45,46.6,46.95,0.1,252,422
2020-11-06,8028,499203,23413777,47.0,47.4,46.5,46.55,-0.4,353,394
2020-11-09,8028,420005,19669079,47.0,47.4,46.55,46.65,0.1,344,457
2020-11-10,8028,592302,27891857,46.95,47.4,46.5,47.25,0.6,400,449
2020-11-11,8028,1053437,50805927,47.25,48.9,47.25,48.7,1.45,861,377
2020-11-12,8028,1078571,52813899,48.5,49.4,48.5,48.5,-0.2,763,348
2020-11-13,8028,310412,15010489,48.5,48.7,48.05,48.35,-0.15,222,476
2020-11-16,8028,2290932,114203203,48.4,50.8,48.4,49.3,0.95,1653,269
2020-11-17,8028,917105,45233978,49.55,50.4,48.8,48.9,-0.4,700,369
2020-11-18,8028,472039,23275449,48.9,49.7,48.9,49.35,0.45,343,457
2020-11-19,8028,442606,21854491,49.35,49.75,49.0,49.2,-0.15,337,463
2020-11-20,8028,3332482,169115359,49.6,51.9,49.5,51.4,2.2,2363,211
2020-11-23,8028,9384054,502569886,53.0,55.3,52.1,54.0,2.6,5898,93
2020-11-24,8028,3980300,210973125,54.0,54.8,51.8,52.0,-2.0,2688,191
2020-11-25,8028,2663119,139244004,53.0,53.5,51.1,51.9,-0.1,1700,255
2020-11-26,8028,4138005,221629076,52.5,54.5,52.1,53.9,2.0,2806,175
2020-11-27,8028,4750972,258786843,53.7,55.3,53.0,54.7,0.8,3113,177
2020-11-30,8028,17397627,1008452046,55.6,60.1,55.5,56.0,1.3,8831,81
2020-12-01,8028,6037825,344753932,57.7,58.0,55.8,56.8,0.8,3662,139
2020-12-02,8028,8651112,507021824,57.7,59.9,56.8,57.9,1.1,5590,108
2020-12-03,8028,13181039,794521530,59.5,61.8,58.5,58.6,0.7,8336,72
2020-12-04,8028,7851658,469701231,59.5,60.9,58.5,60.2,1.6,4870,106
2020-12-07,8028,7549229,447027389,61.7,61.7,57.5,59.3,-0.9,4623,137
2020-12-08,8028,2780801,164113112,59.0,59.8,58.4,58.8,-0.5,1777,255
2020-12-09,8028,4626773,275114699,58.5,60.2,58.3,59.7,0.9,2983,186
2020-12-10,8028,3272563,190818023,59.1,59.4,57.2,57.5,-2.2,2084,230
2020-12-11,8028,3719650,214919886,58.0,59.4,56.1,57.5,0.0,2569,216
2020-12-14,8028,9950826,600004505,58.3,61.9,57.6,61.5,4.0,6253,71
2020-12-15,8028,23215657,1457331467,62.0,65.5,59.4,59.9,-1.6,14421,36
2020-12-16,8028,26017007,1675495261,61.9,65.8,61.2,64.8,4.9,14611,25
2020-12-17,8028,16345494,1048815720,64.8,66.5,62.2,63.1,-1.7,10333,41
2020-12-18,8028,6283238,393366178,63.7,64.1,61.1,61.2,-1.9,4145,122
2020-12-21,8028,5499561,326694385,61.2,61.8,58.2,59.5,-1.7,3738,132
2020-12-22,8028,5478807,326048382,59.8,61.3,57.5,57.5,-2.0,3603,167
2020-12-23,8028,3571558,205284385,57.9,58.6,56.0,57.6,0.1,2456,184
2020-12-24,8028,2429005,141450623,58.2,59.2,57.6,57.8,0.2,1724,235
2020-12-25,8028,2676369,153478062,57.9,58.6,56.7,56.9,-0.9,1781,210
2020-12-28,8028,3642528,209348139,57.2,58.8,56.0,58.5,1.6,2591,187
2020-12-29,8028,2741446,160204347,58.8,59.3,57.9,58.2,-0.3,1850,235
2020-12-30,8028,1522858,87673883,58.2,58.4,57.2,57.4,-0.8,1102,318
2020-12-31,8028,2987489,174881779,57.9,59.2,57.6,58.7,1.3,1969,206
2021-01-04,8028,2022259,116975638,58.4,58.6,57.6,57.7,-1.0,1371,319
2021-01-05,8028,1706615,97079884,57.6,57.6,56.5,56.7,-1.0,1198,340
2021-01-06,8028,3425267,189698447,57.3,57.8,53.9,54.5,-2.2,2345,275
2021-01-07,8028,1500080,82974348,55.0,56.2,54.4,55.4,0.9,993,340
2021-01-08,8028,1665759,91098598,56.1,56.2,54.0,54.1,-1.3,1120,347
2021-01-11,8028,1363384,74837671,54.2,55.9,54.1,55.3,1.2,921,358
2021-01-12,8028,1540246,83860707,55.3,55.7,53.8,53.9,-1.4,1056,375
2021-01-13,8028,4542344,254231567,54.3,56.6,54.3,56.4,2.5,3173,184
2021-01-14,8028,2219946,124255416,56.4,56.8,55.2,56.1,-0.3,1507,275
2021-01-15,8028,8769263,508036781,56.8,59.4,56.1,57.8,1.7,5923,131
2021-01-18,8028,3395550,196232337,58.0,58.8,56.8,57.9,0.1,2344,213
2021-01-19,8028,3297485,192213247,57.5,59.2,57.5,57.8,-0.1,1946,208
2021-01-20,8028,3049153,169233733,58.0,58.2,54.2,54.3,-3.5,2173,279
2021-01-21,8028,2322169,124354354,54.9,55.2,52.5,52.7,-1.6,1536,272
2021-01-22,8028,1476479,77896111,52.8,53.5,52.4,52.9,0.2,1009,309
2021-01-25,8028,1345775,70381716,52.9,53.0,51.4,52.8,-0.1,891,317
2021-01-26,8028,1266712,66023140,53.3,53.4,51.5,51.6,-1.2,921,317
2021-01-27,8028,909563,46998437,52.0,52.2,51.2,51.9,0.3,659,360
2021-01-28,8028,991920,50611713,51.4,51.8,50.7,50.9,-1.0,690,340
2021-01-29,8028,1637190,84620680,51.5,52.8,50.8,50.8,-0.1,1006,298
2021-02-01,8028,1143351,56858107,50.9,51.2,49.05,49.75,-1.05,798,327
2021-02-02,8028,720281,36134095,50.0,50.8,49.85,50.1,0.35,600,373
2021-02-03,8028,1513009,75248923,50.4,50.9,49.0,49.4,-0.7,955,270
2021-02-04,8028,995253,49043921,49.4,49.8,49.0,49.15,-0.25,631,299
2021-02-05,8028,909953,44700314,49.4,49.65,49.0,49.05,-0.1,598,334
2021-02-17,8028,1671921,85456133,50.5,52.5,49.85,52.0,2.95,1092,320
2021-02-18,8028,1158931,60265925,52.0,52.5,51.1,52.3,0.3,839,375
2021-02-19,8028,1138148,59897047,52.2,53.3,52.0,53.2,0.9,746,376
2021-02-22,8028,2094250,113840811,53.9,55.0,53.6,54.8,1.6,1367,330
2021-02-23,8028,1693569,92280650,54.9,55.1,53.3,55.0,0.2,1352,359
2021-02-24,8028,1659482,90285407,54.9,55.2,53.8,54.0,-1.0,1220,348
2021-02-25,8028,1417792,77797571,54.7,55.5,54.0,54.9,0.9,1076,359
2021-02-26,8028,1255086,67729453,54.0,54.6,53.5,53.6,-1.3,824,371
2021-03-02,8028,1419098,77337462,54.1,55.2,53.7,54.3,0.7,964,366
2021-03-03,8028,809325,43725763,54.0,54.8,52.5,54.7,0.4,613,421
2021-03-04,8028,611343,33146247,54.0,54.8,53.6,54.2,-0.5,486,443
2021-03-05,8028,663748,35943601,53.6,54.8,53.0,54.3,0.1,512,424
2021-03-08,8028,1426584,78344363,54.7,55.7,54.0,54.3,0.0,1036,349
2021-03-09,8028,908253,48616691,54.3,54.5,52.5,53.7,-0.6,714,404
2021-03-10,8028,669840,36273410,53.7,54.8,53.7,53.8,0.1,550,424
2021-03-11,8028,900059,49199069,54.3,55.1,54.0,54.8,1.0,709,412
2021-03-12,8028,2866332,160088779,55.2,56.9,54.8,56.9,2.1,2036,232
2021-03-15,8028,3907643,222491035,57.8,58.2,55.7,57.2,0.3,2745,189
2021-03-16,8028,1784453,100276832,56.5,57.3,55.8,55.9,-1.3,1207,321
2021-03-17,8028,1210015,67168146,56.2,56.3,54.9,55.1,-0.8,901,389
2021-03-18,8028,906266,49914279,55.8,55.8,54.7,55.0,-0.1,699,432
2021-03-19,8028,940138,50842896,55.0,55.0,53.8,54.0,-1.0,723,444
2021-03-22,8028,771678,41871928,54.0,54.9,53.4,54.3,0.3,633,480
2021-03-23,8028,1182289,65254954,55.5,56.1,54.5,54.6,0.3,867,418
2021-03-24,8028,596131,32182332,54.6,54.6,53.7,53.9,-0.7,533,488
2021-03-25,8028,720335,38534189,53.8,54.2,53.1,53.2,-0.7,669,466
2021-03-26,8028,494265,26426811,53.5,53.8,53.2,53.3,0.1,395,516
2021-03-29,8028,469406,25191989,53.5,54.2,53.4,53.4,0.1,363,567
2021-03-30,8028,803013,42904396,53.6,53.7,53.2,53.7,0.3,526,465
2021-03-31,8028,879775,47417187,53.8,54.5,53.4,53.4,-0.3,702,454
2021-04-01,8028,538754,28895250,53.7,54.3,53.4,53.5,0.1,406,532
2021-04-06,8028,4056519,226230927,54.1,56.6,54.0,56.6,3.1,2591,241
2021-04-07,8028,3539455,201262227,57.3,57.5,56.2,56.4,-0.2,2414,268
2021-04-08,8028,1699715,94629453,56.7,56.7,55.3,55.6,-0.8,1203,414
2021-04-09,8028,1180658,65538661,56.4,56.4,55.0,55.2,-0.4,774,483
2021-04-12,8028,1144677,62923822,56.1,56.1,54.4,54.4,-0.8,762,510
2021-04-13,8028,1192731,64758648,54.4,55.2,53.5,53.7,-0.7,809,509
2021-04-14,8028,1720172,90119393,53.9,53.9,51.0,52.1,-1.6,1184,438
2021-04-15,8028,550496,29049381,52.4,53.2,52.2,53.2,1.1,415,538
2021-04-16,8028,589129,31230054,53.2,53.5,52.6,52.9,-0.3,433,560
2021-04-19,8028,931524,48808142,53.0,53.0,52.2,52.3,-0.6,575,556
2021-04-20,8028,1280552,68810485,52.6,54.3,52.3,53.8,1.5,941,473
2021-04-21,8028,1066661,57465345,54.1,54.5,53.4,53.8,0.0,662,501
2021-04-22,8028,1402482,74164823,54.5,54.8,51.8,51.8,-2.0,943,537
2021-04-23,8028,789278,41265738,52.0,52.8,51.6,52.6,0.8,528,526
2021-04-26,8028,883945,46917334,53.0,53.7,52.6,52.7,0.1,573,526
2021-04-27,8028,1166408,60879345,52.8,53.3,51.8,52.0,-0.7,729,479
2021-04-28,8028,562367,29345797,52.4,52.6,52.0,52.1,0.1,380,604
2021-04-29,8028,765195,39509687,52.4,52.4,51.4,51.5,-0.6,505,558
2021-05-03,8028,1123129,56159833,51.5,51.5,49.5,49.5,-2.0,821,538
2021-05-04,8028,1516409,71378494,49.5,49.55,45.0,47.4,-2.1,871,519
2021-05-05,8028,658903,31262024,47.25,48.05,46.3,47.15,-0.25,441,543
2021-05-06,8028,761267,35565223,47.3,48.1,45.65,46.2,-0.95,467,510
2021-05-07,8028,748306,35978185,47.1,48.8,46.65,48.8,2.6,523,499
2021-05-10,8028,1527744,77268046,51.4,51.5,49.8,50.7,1.9,1008,401
2021-05-11,8028,1055487,50213284,47.8,48.9,46.5,46.75,-3.95,779,549
2021-05-12,8028,1692019,74354717,46.1,48.0,42.1,43.2,-3.55,1065,539
2021-05-13,8028,948267,40249329,42.4,44.2,40.8,42.7,-0.5,585,549
2021-05-14,8028,730595,31303160,43.2,44.4,41.9,42.0,-0.7,515,545
2021-05-17,8028,1763630,68271016,38.1,41.2,37.85,38.0,-4.0,1014,453
2021-05-18,8028,1115911,45813626,39.5,41.8,39.0,41.8,3.8,728,465
2021-05-19,8028,617880,26337705,41.8,43.45,41.8,43.1,1.3,439,500
2021-05-20,8028,430713,18418449,43.15,43.85,42.3,42.35,-0.75,302,529
2021-05-21,8028,471259,20386078,43.2,43.85,42.5,43.85,1.5,298,512
2021-05-24,8028,336354,14703290,43.7,44.6,42.8,44.35,0.5,244,565
2021-05-25,8028,578500,26329723,44.85,46.25,44.6,45.5,1.15,418,510
2021-05-26,8028,332207,15134357,46.2,46.25,45.1,45.6,0.1,242,525
2021-05-27,8028,236073,10706588,45.85,45.85,45.05,45.2,-0.4,190,584
2021-05-28,8028,492380,22697772,45.95,46.6,45.75,46.05,0.85,315,513
2021-05-31,8028,446780,20745237,46.3,47.0,45.65,46.5,0.45,333,545
2021-06-01,8028,366344,17361999,46.95,47.75,46.85,47.5,1.0,287,550
2021-06-02,8028,386498,18131104,47.7,48.0,46.2,46.65,-0.85,293,576
2021-06-03,8028,248254,11657544,46.65,47.4,46.5,47.0,0.35,188,600
2021-06-04,8028,256992,11975749,46.8,47.15,46.25,46.4,-0.6,198,595
2021-06-07,8028,357106,16310127,46.4,46.5,44.7,45.5,-0.9,212,563
2021-06-08,8028,189002,8658740,45.7,46.1,45.5,45.75,0.25,152,583
2021-06-09,8028,351459,15982696,46.05,46.05,45.05,45.1,-0.65,253,525
2021-06-10,8028,479098,22068179,45.6,46.5,45.3,46.3,1.2,342,489
2021-06-11,8028,277525,12795214,46.5,46.5,45.9,46.05,-0.25,199,576
2021-06-15,8028,256807,11800096,46.15,46.5,45.7,45.9,-0.15,212,597
2021-06-16,8028,230036,10526654,45.9,46.0,45.55,45.55,-0.35,174,614
2021-06-17,8028,421897,19563078,45.55,46.9,45.5,46.65,1.1,329,506
2021-06-18,8028,547426,25772992,46.8,47.7,46.5,46.65,0.0,453,498
2021-06-21,8028,473820,21843930,46.8,47.0,45.6,45.65,-1.0,367,549
2021-06-22,8028,435052,19749404,45.9,46.1,45.0,45.05,-0.6,348,523
2021-06-23,8028,703327,32586572,45.35,46.85,45.05,46.8,1.75,542,484
2021-06-24,8028,1055163,50497336,47.0,49.05,46.55,47.9,1.1,787,414
2021-06-25,8028,546255,25971915,47.85,48.4,47.1,47.1,-0.8,441,517
2021-06-28,8028,465994,21971625,47.1,47.55,46.7,47.1,0.0,377,542
2021-06-29,8028,1144936,54665302,47.6,48.5,46.75,47.65,0.55,741,411
2021-06-30,8028,1253940,59421883,48.15,48.35,46.8,46.85,-0.8,790,405
2021-07-01,8028,727656,33656420,47.05,47.1,45.7,45.8,-1.05,484,503
2021-07-02,8028,360988,16691438,45.8,47.0,45.6,46.35,0.55,277,570
2021-07-05,8028,3401718,168679230,47.0,50.9,47.0,50.9,4.55,2002,293
2021-07-06,8028,4673440,239082169,52.0,53.0,49.3,51.1,0.2,2975,225
2021-07-07,8028,6700467,357919276,51.1,55.3,51.1,53.0,1.9,4322,186
2021-07-08,8028,2914039,155435753,53.0,54.4,52.1,53.3,0.3,2035,283
2021-07-09,8028,1377220,71747421,52.5,52.8,51.5,51.9,-1.4,1024,365
2021-07-12,8028,1563747,82853251,53.0,54.2,52.1,52.5,0.6,1184,389
2021-07-13,8028,2371166,126073158,53.2,54.3,52.1,52.3,-0.2,1620,369
2021-07-14,8028,1316597,69477578,52.7,53.8,51.8,52.5,0.2,925,393
2021-07-15,8028,1166139,60544578,53.2,53.2,51.5,52.1,-0.4,744,390
2021-07-16,8028,900336,46709687,52.2,52.7,51.1,51.5,-0.6,570,428
2021-07-19,8028,3713896,198891584,51.9,54.6,51.6,54.5,3.0,2403,260
2021-07-20,8028,2146139,113280890,53.5,53.8,52.1,52.4,-2.1,1445,326
2021-07-21,8028,1377594,71964974,52.9,53.4,51.6,52.6,0.2,875,396
2021-07-22,8028,7424914,423457496,54.2,57.8,53.7,57.8,5.2,3607,169
2021-07-23,8028,17149928,990577866,60.0,60.0,55.2,56.0,-1.8,8605,89
2021-07-26,8028,3306249,184504603,56.4,57.0,55.0,55.0,-1.0,1893,271
2021-07-27,8028,2965924,158699292,55.6,55.6,52.2,52.3,-2.7,1857,286
2021-07-28,8028,2059386,103534100,52.2,52.8,48.8,50.1,-2.2,1437,341
2021-07-29,8028,2597440,130025741,51.0,51.5,49.5,50.1,0.0,1340,271
2021-07-30,8028,1258567,64054819,50.1,51.9,50.0,50.5,0.4,864,375
2021-08-02,8028,786744,40058583,51.9,51.9,50.2,50.7,0.2,537,400
2021-08-03,8028,3235281,172320337,51.5,54.2,51.5,53.8,3.1,2172,225
2021-08-04,8028,8597653,487247658,54.4,58.5,54.0,57.0,3.2,5466,121
2021-08-05,8028,3330162,188350277,56.6,57.6,55.9,57.1,0.1,2101,229
2021-08-06,8028,6545002,379097557,58.5,59.8,56.2,57.3,0.2,4172,158
2021-08-09,8028,2934231,164760856,57.5,57.9,54.8,55.3,-2.0,1850,252
2021-08-10,8028,1502463,81387358,55.3,56.0,53.3,54.1,-1.2,1042,336
2021-08-11,8028,2108505,112421019,54.1,55.3,52.1,52.7,-1.4,1345,305
2021-08-12,8028,992994,52777618,53.0,53.9,52.1,53.7,1.0,634,345
2021-08-13,8028,1526331,79307740,53.7,53.7,50.9,51.1,-2.6,984,323
2021-08-16,8028,1084147,54807338,50.5,51.7,49.6,50.9,-0.2,698,399
2021-08-17,8028,1350861,67056081,50.9,51.4,48.3,48.3,-2.6,943,335
2021-08-18,8028,1120636,55107925,48.3,50.5,47.5,50.4,2.1,816,389
2021-08-19,8028,817796,40561391,50.4,50.4,49.0,49.0,-1.4,549,403
2021-08-20,8028,980658,47486897,49.05,49.55,47.9,48.4,-0.6,676,354
2021-08-23,8028,981192,49238417,49.1,50.9,49.1,50.2,1.8,591,342
2021-08-24,8028,724158,36474781,51.0,51.4,49.8,49.95,-0.25,504,378
2021-08-25,8028,4806702,259287979,50.4,54.9,50.3,54.9,4.95,2586,158
2021-08-26,8028,4275981,232099138,55.0,55.5,53.1,54.5,-0.4,2757,182
2021-08-27,8028,2069869,112668075,54.3,55.5,53.5,53.7,-0.8,1228,238
2021-08-30,8028,3187783,176923339,54.6,56.5,54.0,55.6,1.9,2144,195
2021-08-31,8028,1842721,101795929,55.6,56.0,54.2,55.6,0.0,1368,253
2021-09-01,8028,2815680,157842256,55.6,56.5,55.4,56.4,0.8,1853,219
2021-09-02,8028,3549612,189619970,54.8,54.9,52.2,52.3,0.0,2520,197
2021-09-03,8028,14009411,794384491,52.5,57.5,52.4,57.5,5.2,6954,70
2021-09-06,8028,11015138,616260436,57.8,58.2,54.0,55.3,-2.2,6956,90
2021-09-07,8028,3762752,201417115,54.5,55.0,52.3,54.2,-1.1,2421,181
2021-09-08,8028,3319785,172029872,53.8,53.8,50.7,50.9,-3.3,2486,212
2021-09-09,8028,1973492,102288904,50.9,52.7,50.0,51.6,0.7,1319,230
2021-09-10,8028,1004829,52064897,51.6,52.3,51.3,51.9,0.3,735,299
2021-09-13,8028,928642,47554663,52.0,52.1,50.9,51.2,-0.7,768,345
2021-09-14,8028,768273,39426526,51.5,52.0,50.8,51.2,0.0,681,362
2021-09-15,8028,1070983,54090955,51.2,51.2,49.95,50.9,-0.3,742,318
2021-09-16,8028,1183017,60138140,51.2,51.7,50.1,50.5,-0.4,737,296
2021-09-17,8028,597141,30277307,50.8,51.3,50.2,51.2,0.7,478,396
2021-09-22,8028,1253194,62165074,49.6,50.4,49.0,49.65,-1.55,889,314
2021-09-23,8028,1093977,55519815,50.6,51.4,50.0,51.2,1.55,709,293
2021-09-24,8028,975545,50208460,52.0,52.0,51.1,51.2,0.0,676,316
2021-09-27,8028,545144,27857633,51.4,51.7,50.6,50.8,-0.4,410,414
2021-09-28,8028,679462,34602058,51.1,51.4,50.2,51.4,0.6,498,366
2021-09-29,8028,808111,40454395,50.0,50.7,49.65,49.75,-1.65,615,390
2021-09-30,8028,416478,20813929,49.6,50.4,49.55,50.0,0.25,332,453
2021-10-01,8028,1464510,71152216,49.5,49.95,47.5,48.0,-2.0,952,340
2021-10-04,8028,1345724,62680218,48.0,48.5,45.65,45.9,-2.1,897,342
2021-10-05,8028,746989,34233202,44.0,47.25,44.0,46.9,1.0,963,397
2021-10-06,8028,607007,28159728,47.6,47.85,45.75,45.75,-1.15,1724,393
2021-10-07,8028,551062,26056303,46.8,47.75,46.1,47.3,1.55,596,421
2021-10-08,8028,366420,17371876,47.4,48.1,46.9,47.15,-0.15,554,440
2021-10-12,8028,604777,27765697,46.8,46.85,45.5,45.6,-1.55,584,404
2021-10-13,8028,436577,19816078,46.5,46.65,44.65,45.2,-0.4,456,457
2021-10-14,8028,287726,13107521,45.6,46.0,45.05,45.5,0.3,411,474
2021-10-15,8028,1092050,51883205,46.2,48.45,46.2,48.15,2.65,1114,304
2021-10-18,8028,339936,16159919,48.0,48.0,47.2,47.45,-0.7,289,460
2021-10-19,8028,509619,24441606,48.2,48.4,47.5,48.0,0.55,590,423
2021-10-20,8028,468509,22716864,48.5,48.95,48.2,48.4,0.4,708,415
2021-10-21,8028,851672,40880712,48.5,49.3,46.7,46.7,-1.7,683,440
2021-10-22,8028,694280,32778851,47.1,47.85,46.5,47.3,0.6,585,383
2021-10-25,8028,666726,32146382,47.3,48.9,46.9,48.75,1.45,746,373
2021-10-26,8028,579643,28174627,48.75,49.1,48.15,48.15,-0.6,505,442
2021-10-27,8028,362931,17482880,48.5,48.5,47.95,48.35,0.2,382,470
2021-10-28,8028,859035,41961455,48.6,49.35,48.4,48.95,0.6,555,352
2021-10-29,8028,597201,29142319,49.5,49.5,48.45,48.75,-0.2,537,417
2021-11-01,8028,1507715,75325139,49.0,50.6,48.4,50.2,1.45,1321,318
2021-11-02,8028,990296,49197382,50.0,50.9,48.8,49.0,-1.2,1177,387
2021-11-03,8028,426256,21074509,49.45,49.8,48.95,49.6,0.6,363,456
2021-11-04,8028,1484586,75245549,49.9,51.2,49.9,50.5,0.9,1319,310
2021-11-05,8028,741152,37580173,50.9,51.3,50.3,50.6,0.1,656,376
2021-11-08,8028,816753,41051422,50.8,50.9,49.85,50.0,-0.6,814,399
2021-11-09,8028,826748,42065489,50.6,51.5,50.4,50.7,0.7,715,396
2021-11-10,8028,867793,44426203,50.6,51.8,50.3,51.2,0.5,784,401
2021-11-11,8028,564351,28728084,51.7,51.8,50.5,50.6,-0.6,742,466
2021-11-12,8028,862857,44155206,51.1,51.9,50.5,51.0,0.4,732,395
2021-11-15,8028,1836455,96220241,52.0,52.9,51.5,52.5,1.5,1534,309
2021-11-16,8028,861206,44557666,52.3,52.6,51.2,51.5,-1.0,1004,405
2021-11-17,8028,1497768,78706511,51.5,53.0,51.5,52.7,1.2,1175,318
2021-11-18,8028,761203,39596818,52.4,52.7,51.7,52.0,-0.7,706,412
2021-11-19,8028,828786,43324107,52.1,52.8,51.8,52.1,0.1,1077,405
2021-11-22,8028,1250951,66039470,52.2,53.9,52.0,52.7,0.6,1211,337
2021-11-23,8028,1386379,71018715,52.7,52.7,50.5,50.5,-2.2,2067,347
2021-11-24,8028,1174747,60214186,50.6,52.2,50.6,51.4,0.9,930,343
2021-11-25,8028,560433,28755441,51.9,52.1,50.8,50.9,-0.5,511,418
2021-11-26,8028,1023052,50849856,51.0,51.0,49.3,49.3,-1.6,1369,402
2021-11-29,8028,980354,47449590,47.95,49.4,47.05,49.25,-0.05,985,388
2021-11-30,8028,705696,35404820,49.35,50.7,49.35,49.85,0.6,885,450
2021-12-01,8028,612026,30786409,50.0,51.0,49.4,50.7,0.85,602,412
2021-12-02,8028,624356,31080275,50.7,50.7,49.35,49.45,-1.25,1818,425
2021-12-03,8028,396534,19900159,50.1,50.5,49.8,50.0,0.55,498,449
2021-12-06,8028,301042,14989763,50.0,50.1,49.5,49.95,-0.05,344,491
2021-12-07,8028,355887,17771581,49.95,50.5,49.65,50.0,0.05,480,493
2021-12-08,8028,649962,32937945,50.9,51.3,50.0,50.3,0.3,869,434
2021-12-09,8028,416311,20812866,50.3,50.7,49.65,49.7,-0.6,822,481
2021-12-10,8028,370844,18279945,49.75,49.75,49.0,49.3,-0.4,289,496
2021-12-13,8028,854652,42505995,49.0,50.4,49.0,50.1,0.8,553,398
2021-12-14,8028,710816,34838099,50.2,50.3,48.6,48.75,-1.35,804,443
2021-12-15,8028,383669,18739382,49.3,49.3,48.55,48.7,-0.05,296,462
2021-12-16,8028,266136,13052702,49.25,49.4,48.8,49.05,0.35,232,530
2021-12-17,8028,608719,29501316,48.9,48.9,48.25,48.4,-0.65,435,448
2021-12-20,8028,238614,11529000,48.4,48.8,48.1,48.25,-0.15,221,533
2021-12-21,8028,262092,12748384,48.7,48.95,48.05,48.7,0.45,209,501
2021-12-22,8028,356989,17587652,48.9,49.8,48.9,49.1,0.4,272,453
2021-12-23,8028,369739,18247748,49.7,49.7,49.1,49.2,0.1,304,480
2021-12-24,8028,385236,19062557,49.5,49.7,49.25,49.3,0.1,321,480
2021-12-27,8028,2098819,106391751,49.85,51.5,49.85,50.9,1.6,1518,267
2021-12-28,8028,7333287,387067777,51.4,53.7,50.9,52.6,1.7,5154,131
2021-12-29,8028,16854946,943977158,52.8,57.8,52.1,57.8,5.2,12046,49
2021-12-30,8028,37041325,2209573087,57.8,62.0,57.1,58.3,0.5,26440,24
2022-01-03,8028,10999637,643720174,59.5,60.0,56.3,57.4,-0.9,7222,86
2022-01-04,8028,4725360,267234077,58.0,58.5,55.6,55.6,-1.8,9603,172
2022-01-05,8028,4354114,240494713,55.9,56.5,54.3,54.6,-1.0,2852,204
2022-01-06,8028,5387358,298356928,54.6,56.8,54.0,54.5,-0.1,4493,162
2022-01-07,8028,3867003,204678880,54.5,54.7,51.6,52.1,-2.4,2792,231
2022-01-10,8028,2038366,108160771,51.8,53.8,51.8,53.1,1.0,1478,271
2022-01-11,8028,1921208,99934507,52.9,53.0,51.1,51.8,-1.3,1454,315
2022-01-12,8028,2512279,130951352,52.9,53.4,51.1,51.5,-0.3,1859,246
2022-01-13,8028,1015042,52120922,52.1,52.1,51.0,51.4,-0.1,887,351
2022-01-14,8028,1672838,84344120,51.3,51.4,49.9,50.5,-0.9,1219,312
2022-01-17,8028,1528538,79434806,51.4,52.6,51.4,51.7,1.2,1167,280
2022-01-18,8028,757637,39050307,51.7,52.3,51.1,51.3,-0.4,697,364
2022-01-19,8028,706103,36044109,50.4,51.5,50.2,51.3,0.0,514,363
2022-01-20,8028,696671,35699990,51.0,51.8,50.8,51.8,0.5,729,355
2022-01-21,8028,955840,48873878,51.0,51.7,50.6,50.6,-1.2,659,372
2022-01-24,8028,1186895,58686845,50.0,50.5,48.5,49.9,-0.7,896,323
2022-01-25,8028,1052235,52296721,50.8,51.2,48.85,48.85,-1.05,802,340
2022-01-26,8028,634743,31128669,49.0,49.45,48.85,49.05,0.2,608,372
2022-02-07,8028,400226,19823950,49.3,50.3,49.1,50.1,1.05,551,464
2022-02-08,8028,427742,21558007,50.1,50.8,50.0,50.5,0.4,370,452
2022-02-09,8028,3019354,159637516,51.8,53.7,51.4,53.2,2.7,2224,221
2022-02-10,8028,1986202,105861487,53.5,54.5,52.5,52.8,-0.4,1580,256
2022-02-11,8028,630819,32942597,52.4,52.6,51.8,52.0,-0.8,617,386
2022-02-14,8028,834573,42220459,51.2,51.3,50.2,50.3,-1.7,1030,365
2022-02-15,8028,625320,31541752,50.1,51.0,50.0,50.2,-0.1,712,387
2022-02-16,8028,4120907,219591891,51.5,54.1,50.9,53.3,3.1,3193,158
2022-02-17,8028,3420426,182317330,53.8,54.4,52.0,52.2,-1.1,2909,204
2022-02-18,8028,715075,37079706,51.2,52.5,51.2,52.3,0.1,849,370
2022-02-21,8028,977226,50282361,52.5,52.5,51.1,51.5,-0.8,803,348
2022-02-22,8028,1017160,51451542,50.9,51.3,50.2,50.4,-1.1,887,364
2022-02-23,8028,486532,24792961,50.8,51.3,50.7,51.2,0.8,616,405
2022-02-24,8028,1281083,64050350,50.4,51.0,49.2,49.6,-1.6,1354,382
2022-02-25,8028,707572,35325359,49.7,50.4,49.6,49.8,0.2,820,403
2022-03-01,8028,1644995,84860023,50.8,52.2,50.5,51.5,1.7,1297,288
2022-03-02,8028,1240953,63620176,51.7,52.0,50.7,51.2,-0.3,828,308
2022-03-03,8028,688127,35474374,52.0,52.3,51.2,51.7,0.5,536,383
2022-03-04,8028,591663,30200098,51.3,51.4,50.7,50.7,-1.0,551,402
2022-03-07,8028,1311481,64368889,49.8,49.9,48.65,49.05,-1.65,1031,375
2022-03-08,8028,1019024,49434993,48.0,49.4,48.0,48.1,-0.95,820,415
2022-03-09,8028,410963,20047038,49.1,49.25,48.3,48.65,0.55,381,465
2022-03-10,8028,691175,34661787,50.0,50.5,49.85,50.0,1.35,558,402
2022-03-11,8028,365834,18107243,50.0,50.0,49.35,49.4,-0.6,305,448
2022-03-14,8028,440485,21967592,49.8,50.1,49.55,49.9,0.5,326,441
2022-03-15,8028,615477,30300556,49.9,50.0,49.0,49.0,-0.9,479,422
2022-03-16,8028,414389,20414156,49.8,49.8,49.0,49.25,0.25,334,469
2022-03-17,8028,3396301,176160366,50.2,52.5,50.2,51.8,2.55,2153,210
2022-03-18,8028,856171,44246850,51.6,52.1,51.2,51.7,-0.1,648,372
2022-03-21,8028,610461,31633611,51.6,52.3,51.5,51.9,0.2,479,407
2022-03-22,8028,1365446,71525047,52.1,52.7,51.6,52.4,0.5,915,291
2022-03-23,8028,12469002,701693683,53.2,57.6,53.2,57.6,5.2,7034,90
2022-03-24,8028,25255755,1496051006,58.0,60.5,57.6,59.9,2.3,15028,38
2022-03-25,8028,21505442,1305448383,60.7,62.4,58.7,59.5,-0.4,13444,45
2022-03-28,8028,14211013,859528422,60.1,61.7,59.6,60.7,1.2,8421,52
2022-03-29,8028,8648744,511893666,59.5,60.6,58.4,59.3,-1.4,5750,93
2022-03-30,8028,11688639,703439970,59.5,61.0,59.3,59.8,0.5,7794,86
2022-03-31,8028,4907315,290018550,59.7,60.2,58.3,58.9,-0.9,3692,148
2022-04-01,8028,3453059,202531024,58.0,59.4,57.2,59.0,0.1,2253,169
2022-04-06,8028,8590858,518719555,59.0,61.0,58.5,60.8,1.8,5652,95
2022-04-07,8028,10017904,581635504,60.7,60.8,55.6,55.9,-4.9,7180,103
2022-04-08,8028,3842253,220045790,57.1,58.1,56.5,57.5,1.6,2688,172
2022-04-11,8028,3632333,202849356,57.0,57.3,55.0,56.1,-1.4,2533,213
2022-04-12,8028,2458004,136233270,54.6,56.7,54.4,55.0,-1.1,1653,230
2022-04-13,8028,3183089,178397115,56.1,56.7,55.2,56.1,1.1,1905,196
2022-04-14,8028,6881090,393798700,56.2,57.9,56.0,57.8,1.7,3526,117
2022-04-15,8028,4552019,253099907,56.2,56.6,54.6,55.5,-2.3,2852,155
2022-04-18,8028,2384895,130844202,54.6,55.7,53.9,54.8,-0.7,1600,222
2022-04-19,8028,3111490,174389310,55.6,56.9,55.5,56.4,1.6,1641,187
2022-04-20,8028,11797414,694903311,56.9,60.7,56.9,59.2,2.8,7210,92
2022-04-21,8028,8748174,525119941,59.8,60.7,59.0,60.3,1.1,5693,105
2022-04-22,8028,7453179,445058042,59.6,61.3,58.3,58.6,-1.7,5031,128
2022-04-25,8028,5440565,299147093,56.5,57.0,53.6,53.7,-4.9,3507,175
2022-04-26,8028,2000073,108099221,54.2,54.6,53.3,53.7,0.0,1374,246
2022-04-27,8028,3109142,161194255,51.2,52.9,51.0,52.6,-1.1,1782,218
2022-04-28,8028,2077300,111703986,52.2,54.9,52.1,54.3,1.7,1589,224
2022-04-29,8028,3696575,206745181,55.6,56.6,55.1,55.5,1.2,2341,158
2022-05-03,8028,1642259,91771233,55.9,56.9,55.2,55.4,-0.1,1515,211
2022-05-04,8028,1106057,61160432,56.1,56.2,54.5,54.9,-0.5,783,258
2022-05-05,8028,2649071,147675886,56.1,56.9,54.7,55.5,0.6,1823,191
2022-05-06,8028,1874048,100513740,53.7,54.3,53.0,54.2,-1.3,1234,231
2022-05-09,8028,1919455,101027718,53.4,53.7,52.0,52.0,-2.2,1204,251
2022-05-10,8028,1937028,101243320,50.9,53.2,50.5,53.0,1.0,1277,241
2022-05-11,8028,1325190,69950108,53.2,53.7,52.0,52.5,-0.5,980,276
2022-05-12,8028,1322845,69297830,52.0,53.5,51.5,51.5,-1.0,1016,311
2022-05-13,8028,1989085,105336804,52.1,53.7,51.9,53.3,1.8,1218,223
2022-05-16,8028,2998731,163124937,53.7,55.3,53.6,53.7,0.4,2097,175
2022-05-17,8028,3384619,187500924,54.2,56.1,54.0,56.1,2.4,2418,160
2022-05-18,8028,5949448,338912782,56.5,57.9,55.8,57.7,1.6,3881,129
2022-05-19,8028,13626544,804940537,56.6,60.8,56.0,60.1,2.4,8714,60
2022-05-20,8028,17550519,1065138866,61.0,61.8,59.1,60.5,0.4,11626,38
2022-05-23,8028,6597697,404095421,61.2,61.9,60.6,60.7,0.2,4543,109
2022-05-24,8028,5165702,314093790,61.0,61.7,59.8,60.2,-0.5,3661,126
2022-05-25,8028,24631145,1591994712,61.0,66.2,60.5,66.2,6.0,11688,28
2022-05-26,8028,68535785,4616397419,68.1,69.5,64.3,65.3,-0.9,36517,8
2022-05-27,8028,26965777,1762309165,66.0,67.7,63.5,64.6,-0.7,18813,24
2022-05-30,8028,10972404,706390826,65.3,65.4,63.6,63.7,-0.9,6939,76
2022-05-31,8028,20417543,1270247421,63.8,64.8,60.8,61.6,-2.1,12801,73
2022-06-01,8028,11666153,729535686,61.8,63.6,61.5,63.1,1.5,7232,73
2022-06-02,8028,12677763,807679976,62.5,64.7,61.9,63.7,0.6,7690,55
2022-06-06,8028,8312082,513373436,63.7,63.9,60.8,61.2,-2.5,5532,81
2022-06-07,8028,24137304,1563074697,60.8,66.6,60.6,65.5,4.3,15004,29
2022-06-08,8028,32368035,2151426734,66.5,67.6,65.2,66.0,0.5,18958,20
2022-06-09,8028,22233177,1495439160,65.2,68.5,65.2,68.4,2.4,13062,30
2022-06-10,8028,11392501,765612626,66.6,68.0,66.3,67.1,-1.3,7783,49
2022-06-13,8028,7791675,509030889,65.4,66.4,64.4,65.1,-2.0,5008,89
2022-06-14,8028,14368960,942346678,64.9,67.8,62.7,67.6,2.5,9036,52
2022-06-15,8028,10967779,740515642,67.0,68.5,66.5,67.0,-0.6,7528,67
2022-06-16,8028,36326227,2480088392,68.5,71.8,64.2,64.3,-2.7,21590,18
2022-06-17,8028,11759860,763230702,63.8,65.9,63.6,65.8,1.5,7425,81
2022-06-20,8028,11073936,701808849,65.2,65.2,61.6,61.6,-4.2,6687,73
2022-06-21,8028,7377120,467646075,62.0,65.0,61.8,64.4,2.8,5062,102
2022-06-22,8028,6854496,431922183,64.4,65.0,61.7,62.0,-2.4,4158,106
2022-06-23,8028,5996972,378431126,62.9,64.0,62.1,63.1,1.1,3913,128
2022-06-24,8028,5478562,352071852,64.2,65.6,63.0,63.6,0.5,3766,121
2022-06-27,8028,18895042,1287537702,64.3,69.9,64.3,69.9,6.3,11113,35
2022-06-28,8028,28560447,2017976457,69.3,71.8,68.9,71.4,1.5,17289,24
2022-06-29,8028,21102354,1429124020,70.8,71.8,64.8,66.5,-4.9,13832,28
2022-06-30,8028,11350308,732186081,66.0,67.4,62.3,63.3,-3.2,8632,74
2022-07-01,8028,11442271,708117832,62.6,64.9,59.3,59.4,-3.9,7368,86
2022-07-04,8028,7018855,407516180,59.0,60.1,56.2,56.8,-2.6,4812,103
2022-07-05,8028,6018789,347306766,58.4,59.0,55.9,58.4,1.6,3852,118
2022-07-06,8028,9481276,527354982,57.9,59.0,53.3,53.9,-4.5,5754,91
2022-07-07,8028,7303458,401550849,54.9,56.3,53.4,55.6,1.7,4627,103
2022-07-08,8028,5418253,306980211,56.5,57.9,55.5,56.3,0.7,3494,136
2022-07-11,8028,9195439,539517634,57.2,59.6,56.9,59.4,3.1,6354,71
2022-07-12,8028,6100471,358911585,58.5,59.8,57.5,59.4,0.0,4275,113
2022-07-13,8028,10832747,681322468,62.6,64.5,60.6,63.2,3.8,6975,70
2022-07-14,8028,14050571,916215098,63.2,66.7,62.8,66.5,3.3,9614,41
2022-07-15,8028,33207112,2350028675,66.4,73.1,66.1,73.1,6.6,20517,21
2022-07-18,8028,22869603,1688872118,73.8,76.0,71.5,73.1,0.0,13878,26
2022-07-19,8028,21299368,1521145624,73.5,76.0,68.2,68.2,-4.9,13567,26
2022-07-20,8028,12907400,887125448,70.1,70.8,67.5,67.7,-0.5,7801,63
2022-07-21,8028,9939044,642480258,64.6,65.8,63.5,64.5,0.0,6128,80
2022-07-22,8028,4444929,289414676,65.2,65.9,64.6,64.8,0.3,3024,154
2022-07-25,8028,3084842,199813935,64.5,65.5,64.0,65.0,0.2,2207,143
2022-07-26,8028,3932791,251465984,64.7,65.3,63.1,63.6,-1.4,2824,139
2022-07-27,8028,4826561,307810573,63.4,64.8,62.6,64.7,1.1,3146,109
2022-07-28,8028,6402536,411186362,65.8,66.0,63.1,63.4,-1.3,4218,93
2022-07-29,8028,4953572,315688866,63.4,64.3,62.9,63.7,0.3,3324,125
2022-08-01,8028,5646018,365059110,64.0,65.5,63.3,65.2,1.5,4072,95
2022-08-02,8028,6585601,421978154,64.3,65.2,62.8,65.2,0.0,4528,97
2022-08-03,8028,17638525,1127189567,65.4,67.4,60.5,63.4,-1.8,12514,28
2022-08-04,8028,25376892,1682437057,63.1,67.9,62.6,66.7,3.3,16475,23
2022-08-05,8028,22286826,1510676986,67.8,69.2,66.6,68.0,1.3,15117,28
2022-08-08,8028,32789657,2249961570,68.8,70.5,65.6,69.4,1.4,19537,14
2022-08-09,8028,11676767,808878381,69.3,70.2,68.3,68.3,-1.1,7905,49
2022-08-10,8028,10464881,696391202,67.4,68.0,65.8,65.8,-2.5,6638,58
2022-08-11,8028,13963362,953159380,67.0,69.5,66.4,68.6,2.8,9423,55
2022-08-12,8028,9101312,629163525,69.4,69.9,68.3,68.6,0.0,6179,76
2022-08-15,8028,19239765,1360063838,70.3,72.5,69.2,69.8,1.2,12614,34
2022-08-16,8028,22602068,1642568440,70.7,74.0,70.3,72.5,2.7,13697,28
2022-08-17,8028,17118240,1196542523,71.7,72.3,69.0,69.4,-3.1,11606,38
2022-08-18,8028,15643540,1121545391,69.5,73.4,69.1,72.5,3.1,9893,34
2022-08-19,8028,47943869,3567255923,72.8,77.9,71.1,71.3,-1.2,31298,10
2022-08-22,8028,10593354,746263641,70.5,72.0,69.7,70.2,-1.1,7703,53
2022-08-23,8028,8110387,565446811,69.1,70.7,68.5,70.6,0.4,5212,64
2022-08-24,8028,4675118,330413449,70.6,71.4,69.7,70.9,0.3,3338,114
2022-08-25,8028,14077809,1023827251,71.4,74.2,71.4,72.2,1.3,8980,35
2022-08-26,8028,9852421,722992042,73.5,74.4,72.0,72.2,0.0,7017,65
2022-08-29,8028,6975394,486684502,69.4,70.7,69.3,69.6,-2.6,5528,84
2022-08-30,8028,3045735,213876262,70.2,70.7,69.8,70.0,0.4,2486,145
2022-08-31,8028,6766508,470929185,70.0,70.9,68.0,70.2,0.2,6208,93
2022-09-01,8028,4192001,289221136,69.4,70.2,68.2,68.3,-1.9,3977,141
2022-09-02,8028,3171962,218011473,68.9,69.5,68.2,68.5,0.2,2284,145
2022-09-05,8028,4114937,277381503,68.8,69.3,66.4,66.8,-1.7,3183,125
2022-09-06,8028,8227326,553735590,68.2,69.3,65.6,65.7,-1.1,6109,70
2022-09-07,8028,6709820,428337357,65.2,65.3,62.9,63.2,-2.5,4944,85
2022-09-08,8028,3939511,253169984,64.3,64.8,63.7,64.3,1.1,2774,138
2022-09-12,8028,3418330,226040845,65.6,66.7,65.2,66.3,2.0,2903,151
2022-09-13,8028,4464766,300882838,67.6,68.3,66.7,66.8,0.5,3871,125
2022-09-14,8028,2446653,159796470,64.5,66.1,64.3,65.8,-1.0,1891,180
2022-09-15,8028,2387089,157071261,66.0,66.7,65.0,65.0,-0.8,1947,198
2022-09-16,8028,1652687,106066803,64.1,64.8,63.8,63.9,-1.1,1502,249
2022-09-19,8028,1457017,92647119,63.8,64.5,63.2,63.3,-0.6,1112,225
2022-09-20,8028,1346404,86392562,64.4,64.8,63.6,64.3,1.0,1094,222
2022-09-21,8028,3292386,205822367,64.2,64.3,61.9,62.2,-2.1,3384,153
2022-09-22,8028,2413773,149488018,60.8,62.6,60.8,62.2,0.0,1776,192
2022-09-23,8028,3097687,188771699,62.3,62.6,59.7,60.3,-1.9,2432,154
2022-09-26,8028,5211630,300718133,60.0,60.0,56.0,56.2,-4.1,3514,140
2022-09-27,8028,5299436,296963050,57.5,58.5,54.8,56.3,0.1,4008,114
2022-09-28,8028,5139861,276408818,56.5,56.5,52.7,52.7,-3.6,3669,141
2022-09-29,8028,3461964,187391216,54.0,54.6,53.6,53.6,0.9,2514,171
2022-09-30,8028,3061564,162004024,51.9,54.7,50.9,54.4,0.8,2267,185
2022-10-03,8028,2251915,120362374,53.2,54.5,52.8,53.0,-1.4,2527,177
2022-10-04,8028,2386445,130483189,54.3,55.2,54.0,55.2,2.2,1673,189
2022-10-05,8028,4891474,270961419,56.7,57.2,54.0,54.2,-1.0,3691,135
2022-10-06,8028,4711466,259968421,55.6,56.4,54.1,55.3,1.1,3596,113
2022-10-07,8028,3157586,170249594,55.0,55.0,53.2,53.4,-1.9,2411,140
2022-10-11,8028,3398924,172105900,51.0,51.6,50.0,50.1,-3.3,2183,173
2022-10-12,8028,3776950,187783210,50.0,50.7,48.35,50.1,0.0,2452,141
2022-10-13,8028,4442913,213305882,50.4,50.8,46.6,46.6,-3.5,3092,152
2022-10-14,8028,3397216,166548481,49.0,49.45,48.35,48.95,2.35,2197,164
2022-10-17,8028,3317063,156599016,47.55,48.4,45.8,48.4,-0.55,2323,167
2022-10-18,8028,12538049,623360104,50.3,50.8,48.7,49.9,1.5,6219,64
2022-10-19,8028,13784819,705539833,50.7,51.8,50.4,51.6,1.7,7814,55
2022-10-20,8028,16555317,854182123,51.6,52.5,50.2,50.8,-0.8,10556,60
2022-10-21,8028,4646497,234761125,50.5,51.2,50.0,50.1,-0.7,3211,117
2022-10-24,8028,6166085,315653919,51.5,51.7,50.7,50.8,0.7,3281,94
2022-10-25,8028,9559542,494129191,51.8,52.5,51.0,51.1,0.3,6057,78
2022-10-26,8028,5151480,263942890,51.8,51.9,50.3,51.4,0.3,2993,104
2022-10-27,8028,8973078,471511370,52.0,53.3,51.9,52.5,1.1,5898,80
2022-10-28,8028,6037213,304722343,51.5,51.7,49.5,49.5,-3.0,4683,97
2022-10-31,8028,2726424,136673321,50.5,50.6,49.8,49.8,0.3,1898,161
2022-11-01,8028,2063211,104106252,49.8,50.9,49.45,50.7,0.9,1487,186
2022-11-02,8028,2366889,121201524,51.0,51.5,50.4,51.3,0.6,1839,185
2022-11-03,8028,2078885,106589144,50.3,51.7,50.2,51.6,0.3,1437,193
2022-11-04,8028,4366352,227007921,51.5,52.8,50.7,52.6,1.0,2619,139
2022-11-07,8028,5371175,283724788,53.3,53.5,52.1,52.6,0.0,3502,129
2022-11-08,8028,5688588,302683882,53.4,54.1,52.2,52.3,-0.3,3707,131
2022-11-09,8028,3932738,209303231,53.3,53.7,52.7,53.1,0.8,2342,176
2022-11-10,8028,2325815,122075210,53.1,53.1,51.8,52.4,-0.7,1522,193
2022-11-11,8028,8680269,472131986,54.3,55.0,53.3,54.5,2.1,5366,121
2022-11-14,8028,5405415,297827668,55.1,55.8,54.2,55.6,1.1,3612,149
2022-11-15,8028,14264649,812188836,56.0,57.8,55.5,57.1,1.5,8263,65
2022-11-16,8028,14116823,818437638,58.0,59.3,56.8,58.2,1.1,8953,74
2022-11-17,8028,10209013,598220147,58.7,59.4,57.5,58.5,0.3,6768,76
2022-11-18,8028,6401824,368195554,58.2,58.9,56.3,56.7,-1.8,4619,115
2022-11-21,8028,2954552,165611571,56.5,57.0,55.4,55.5,-1.2,2029,154
2022-11-22,8028,2984424,163023834,55.4,55.5,54.1,54.5,-1.0,2211,166
2022-11-23,8028,2467369,135542820,55.3,55.9,54.4,54.4,-0.1,1728,181
2022-11-24,8028,2058482,112628743,55.0,55.1,54.2,54.9,0.5,1606,211
2022-11-25,8028,1869915,102501951,55.5,55.5,54.1,54.1,-0.8,1318,220
2022-11-28,8028,2278496,122546104,53.6,54.5,53.0,54.0,-0.1,1423,193
2022-11-29,8028,2157027,117989487,54.2,55.2,53.6,55.2,1.2,1554,221
2022-11-30,8028,2106990,116855514,55.2,55.8,55.0,55.8,0.6,1475,258
2022-12-01,8028,6326457,360962113,56.7,58.1,56.1,56.5,0.7,4177,141
2022-12-02,8028,5809685,336258739,56.8,58.5,56.7,58.1,1.6,3952,132
2022-12-05,8028,25213688,1565999997,59.2,63.9,59.1,63.9,5.8,15781,34
2022-12-06,8028,23662984,1486503051,63.4,64.7,60.8,61.3,-2.6,14311,33
2022-12-07,8028,9913105,595788904,62.0,62.2,58.2,58.2,-3.1,6600,91
2022-12-08,8028,7084693,417335146,58.0,60.1,56.9,59.3,1.1,4106,103
2022-12-09,8028,8210843,497059056,59.6,61.7,59.6,60.2,0.9,4888,80
2022-12-12,8028,2905964,173552593,59.9,60.4,59.0,60.0,-0.2,2037,175
2022-12-13,8028,8308448,511175688,61.2,62.1,60.7,61.1,1.1,4642,81
2022-12-14,8028,12291824,767824512,62.0,63.1,61.7,62.9,1.8,7320,51
2022-12-15,8028,8960853,557996901,62.9,63.3,61.7,61.8,-1.1,5977,71
2022-12-16,8028,3772326,229009729,60.4,61.1,60.0,60.8,-1.0,2482,184
2022-12-19,8028,2853934,173940449,61.1,61.6,60.5,60.5,-0.3,1984,174
2022-12-20,8028,5449509,327994538,60.8,61.7,58.5,58.6,-1.9,3591,139
2022-12-21,8028,3237712,192307101,59.2,60.2,58.8,58.9,0.3,2312,156
2022-12-22,8028,4099016,245778395,60.1,61.3,58.9,59.2,0.3,3164,140
2022-12-23,8028,2439480,140971091,58.1,58.5,57.4,57.5,-1.7,2004,156
2022-12-26,8028,1342825,76891333,57.5,57.8,56.8,57.1,-0.4,1063,201
2022-12-27,8028,1975998,115092891,57.5,58.7,57.5,58.1,1.0,1364,163
2022-12-28,8028,1704886,96959252,58.1,58.1,56.1,56.2,-1.9,1369,203
2022-12-29,8028,1638663,90967567,55.3,56.2,54.9,56.2,0.0,1244,206
2022-12-30,8028,2245888,128176726,57.8,58.3,56.3,56.3,0.1,1615,168
2023-01-03,8028,1225228,69736969,56.3,57.4,56.0,57.0,0.7,916,210
2023-01-04,8028,941654,53892054,57.0,57.6,57.0,57.0,0.0,736,261
2023-01-05,8028,1822988,103929961,57.8,58.1,56.1,56.2,-0.8,1263,202
2023-01-06,8028,1192756,67138519,56.1,56.7,55.9,56.3,0.1,915,229
2023-01-09,8028,1259149,71849141,57.3,57.5,56.6,57.1,0.8,962,255
2023-01-10,8028,6770410,396439258,57.4,59.5,57.3,58.0,0.9,4912,98
2023-01-11,8028,1727913,100558009,58.5,58.8,57.8,57.8,-0.2,1344,208
2023-01-12,8028,1200101,69173858,58.0,58.4,57.2,57.3,-0.5,949,236
2023-01-13,8028,4191891,243483008,58.2,59.2,57.1,57.2,-0.1,2856,117
2023-01-16,8028,905066,51608655,57.6,57.6,56.6,57.0,-0.2,843,247
2023-01-17,8028,771307,43988039,57.1,57.5,56.9,57.0,0.0,646,257
2023-01-30,8028,2550340,149067616,58.2,59.0,57.8,58.8,1.8,1791,216
2023-01-31,8028,1966611,115725381,58.8,59.1,58.3,59.1,0.3,1450,252
2023-02-01,8028,3640410,217907886,59.9,60.8,59.2,59.6,0.5,2581,176
2023-02-02,8028,3081261,186089296,60.3,60.8,60.0,60.4,0.8,2112,208
2023-02-03,8028,2024794,121625306,61.0,61.0,59.5,59.5,-0.9,1656,234
2023-02-06,8028,1160884,68265396,58.6,59.3,58.5,58.6,-0.9,1011,272
2023-02-07,8028,1493232,88566985,58.6,59.9,58.6,59.8,1.2,1138,245
2023-02-08,8028,1719996,103215508,60.4,60.6,59.6,60.1,0.3,1356,241
2023-02-09,8028,1392669,83259911,59.9,60.2,59.4,59.4,-0.7,1009,255
2023-02-10,8028,1567097,92360193,59.6,59.8,58.3,58.4,-1.0,1164,263
2023-02-13,8028,603219,35315527,58.2,58.8,58.0,58.5,0.1,623,356
2023-02-14,8028,712229,41723603,58.8,59.1,58.3,58.3,-0.2,631,319
2023-02-15,8028,1912180,109997273,58.1,58.5,57.0,57.1,-1.2,1531,217
2023-02-16,8028,2025090,116323201,57.4,58.2,56.7,57.8,0.7,1598,216
2023-02-17,8028,1176135,67447963,57.4,57.6,57.1,57.2,-0.6,903,270
2023-02-20,8028,963502,55737494,57.3,58.2,57.3,58.1,0.9,881,343
2023-02-21,8028,1281459,74856211,58.2,58.8,57.9,58.6,0.5,1060,284
2023-02-22,8028,1690638,97019206,58.2,58.2,57.2,57.3,-1.3,1265,256
2023-02-23,8028,889866,51294489,57.5,58.0,57.4,57.5,0.2,714,361
2023-02-24,8028,2050901,116570795,57.5,57.8,56.5,56.6,-0.9,1612,253
2023-03-01,8028,1967211,109748776,56.5,56.5,55.4,55.9,-0.7,1584,251
2023-03-02,8028,936381,52542620,56.1,56.4,55.9,56.3,0.4,720,330
2023-03-03,8028,987584,56031526,56.6,57.0,56.5,56.8,0.5,829,343
2023-03-06,8028,1471132,84606738,57.1,57.8,57.0,57.7,0.9,1001,321
2023-03-07,8028,1993394,116073334,58.2,58.5,58.0,58.2,0.5,1536,260
2023-03-08,8028,2841366,167039059,57.9,59.2,57.5,59.1,0.9,2057,220
2023-03-09,8028,2046581,120576483,59.5,59.7,58.3,58.3,-0.8,1970,269
2023-03-10,8028,1740562,99765778,58.3,58.3,56.8,56.8,-1.5,1464,317
2023-03-13,8028,1193105,67995249,56.5,57.7,56.2,57.6,0.8,1489,340
2023-03-14,8028,866901,49934236,57.1,58.2,56.8,57.6,0.0,976,341
2023-03-15,8028,722886,41932815,58.3,58.3,57.7,57.8,0.2,887,385
2023-03-16,8028,1134742,64970998,57.5,58.1,56.5,56.7,-1.1,1249,351
2023-03-17,8028,1468887,85232813,57.3,58.7,57.3,58.0,1.3,1317,303
2023-03-20,8028,1873488,109906747,58.2,59.2,58.2,58.5,0.5,2023,223
2023-03-21,8028,1349853,79490371,59.1,59.2,58.6,58.8,0.3,1315,286
2023-03-22,8028,3728733,222373987,59.5,60.2,59.1,59.2,0.4,2948,173
2023-03-23,8028,2544881,151504049,59.0,59.9,58.6,59.5,0.3,2042,212
2023-03-24,8028,1216646,72251489,59.8,59.9,59.1,59.1,-0.4,1746,321
2023-03-27,8028,2803153,167980198,59.4,60.4,59.4,59.6,0.5,2726,214
2023-03-28,8028,1722534,100979319,60.0,60.0,58.1,58.3,-1.3,1459,261
2023-03-29,8028,1529305,88214406,58.5,58.7,57.1,57.4,-0.9,1171,270
2023-03-30,8028,4545978,270409733,58.4,60.4,58.2,60.0,2.6,3018,141
2023-03-31,8028,10656774,649392586,60.2,61.8,59.6,61.8,1.8,6124,57
2023-04-06,8028,10850099,673366905,62.5,62.9,61.0,62.3,0.5,7182,67
2023-04-07,8028,17562888,1121809785,64.4,65.0,63.1,64.1,1.8,10530,37
2023-04-10,8028,11180289,710156741,65.0,65.6,62.5,63.1,-1.0,7802,64
2023-04-11,8028,4017826,252527939,63.1,63.5,62.5,62.7,-0.4,2925,167
2023-04-12,8028,4101260,254533822,62.8,63.2,61.6,62.4,-0.3,3114,169
2023-04-13,8028,2434822,150485107,62.4,62.6,61.3,61.4,-1.0,1888,253
2023-04-14,8028,4135199,253384503,61.6,62.2,60.3,62.2,0.8,2973,174
2023-04-17,8028,2539791,157398046,62.4,62.6,61.4,61.7,-0.5,1876,246
2023-04-18,8028,2347327,143044142,62.0,62.0,60.5,60.5,-1.2,1845,263
2023-04-19,8028,2256237,135702965,61.0,61.2,59.7,59.7,-0.8,1686,283
2023-04-20,8028,2455885,144948063,59.7,59.8,58.6,58.6,-1.1,1680,259
2023-04-21,8028,3681062,216033827,59.1,60.3,57.6,57.9,-0.7,2679,215
2023-04-24,8028,1160256,67078402,57.5,58.2,57.5,57.9,0.0,902,307
2023-04-25,8028,1933832,109862460,57.9,58.1,56.0,56.4,-1.5,1565,305
2023-04-26,8028,1453200,81028110,56.0,56.5,55.2,56.5,0.1,1152,287
2023-04-27,8028,919723,51992882,56.5,57.1,55.5,56.6,0.1,746,319
2023-04-28,8028,747614,42857460,57.3,57.7,57.1,57.3,0.7,803,369
2023-05-02,8028,1008682,58602880,57.2,58.5,57.2,58.5,1.2,789,329
2023-05-03,8028,627750,36430570,58.4,58.4,57.8,57.9,-0.6,459,369
2023-05-04,8028,630641,36333976,57.9,58.2,57.5,57.5,-0.4,510,384
2023-05-05,8028,415334,24004317,57.6,58.1,57.5,57.9,0.4,342,446
2023-05-08,8028,649152,37606662,57.9,58.4,57.7,57.7,-0.2,535,395
2023-05-09,8028,690189,39399082,58.1,58.3,56.5,56.8,-0.9,560,396
2023-05-10,8028,378713,21603770,57.1,57.3,56.7,57.2,0.4,312,441
2023-05-11,8028,940903,52905165,56.9,57.1,55.8,55.9,-1.3,754,370
2023-05-12,8028,364572,20507221,55.6,56.6,55.6,56.5,0.6,315,454
2023-05-15,8028,421060,23741917,56.5,56.9,56.0,56.4,-0.1,331,432
2023-05-16,8028,771810,43873027,56.8,57.3,56.5,56.8,0.4,499,365
2023-05-17,8028,747215,42884914,57.2,57.6,56.9,57.5,0.7,586,401
2023-05-18,8028,839494,48504284,58.0,58.3,57.5,57.6,0.1,644,359
2023-05-19,8028,644532,37265022,58.0,58.3,57.5,57.5,-0.1,533,394
2023-05-22,8028,700693,40373290,57.5,57.9,57.2,57.7,0.2,480,381
2023-05-23,8028,505062,29172888,57.7,58.1,57.3,57.7,0.0,436,427
2023-05-24,8028,382512,22055275,57.5,58.0,57.4,57.8,0.1,349,466
2023-05-25,8028,1145516,66728787,58.2,58.8,57.6,58.7,0.9,888,326
2023-05-26,8028,4045014,241468179,59.8,60.5,58.7,58.7,0.0,2909,176
2023-05-29,8028,1893952,113147781,59.4,60.1,59.2,59.9,1.2,1590,269
2023-05-30,8028,887952,52560666,59.8,59.9,58.8,58.9,-1.0,733,355
2023-05-31,8028,1018853,60760424,58.9,60.0,58.9,59.7,0.8,771,356
2023-06-01,8028,1098933,65897014,59.3,60.5,59.3,60.2,0.5,917,345
2023-06-02,8028,1364360,82166829,60.5,60.5,59.8,60.3,0.1,1045,334
2023-06-05,8028,1950924,118772151,60.6,61.2,60.6,60.7,0.4,1245,291
2023-06-06,8028,8096198,505648217,62.8,63.3,61.3,61.3,0.6,5360,113
2023-06-07,8028,4056831,249973987,61.7,62.2,61.0,61.7,0.4,2490,199
2023-06-08,8028,3656750,220983622,60.1,61.5,59.9,59.9,0.0,2311,229
2023-06-09,8028,4268482,261649197,60.5,62.2,59.9,61.4,1.5,2785,186
2023-06-12,8028,1897716,115347546,61.9,62.0,60.2,60.2,-1.2,1382,310
2023-06-13,8028,13112818,825235979,61.1,64.3,60.8,63.1,2.9,8102,84
2023-06-14,8028,5375951,337240661,63.2,63.5,61.9,62.6,-0.5,4664,166
2023-06-15,8028,12291821,788829230,62.8,65.0,62.2,63.6,1.0,7895,87
2023-06-16,8028,4035006,254673074,64.0,64.3,62.5,62.7,-0.9,3041,233
2023-06-19,8028,2086553,129481983,62.6,62.7,61.7,61.8,-0.9,1468,278
2023-06-20,8028,1379588,85125409,61.8,62.6,61.2,61.4,-0.4,1044,327
2023-06-21,8028,1007451,61894883,61.5,61.8,61.1,61.6,0.2,797,363
2023-06-26,8028,2052221,124204870,61.5,61.7,60.0,60.3,-1.3,1405,266
2023-06-27,8028,1205394,72186300,60.4,60.6,59.5,59.5,-0.8,954,358
2023-06-28,8028,917212,55108455,60.0,60.5,59.7,60.0,0.5,654,362
2023-06-29,8028,640111,38596451,60.1,61.0,59.8,59.8,-0.2,623,421
2023-06-30,8028,554992,33349893,60.5,60.5,59.8,60.1,0.3,464,430
2023-07-03,8028,1332323,81349146,60.5,61.7,60.4,61.4,1.3,962,349
2023-07-04,8028,3541813,220661533,61.4,63.1,61.3,62.1,0.7,3122,229
2023-07-05,8028,2309394,141190588,62.1,62.3,60.4,60.6,-1.5,1988,286
2023-07-06,8028,1367924,83246775,60.1,61.6,60.1,60.5,-0.1,1048,366
2023-07-07,8028,2263401,136907156,60.9,61.7,59.5,61.0,0.5,1627,280
2023-07-10,8028,3075819,189305182,61.4,62.7,60.5,60.7,-0.3,2745,218
2023-07-11,8028,4703731,292933475,61.1,63.0,61.0,62.3,1.6,3094,161
2023-07-12,8028,4991656,312656281,62.9,63.1,62.0,62.3,0.0,4601,153
2023-07-13,8028,8439866,530146520,63.0,63.6,61.4,61.5,-0.8,5400,129
2023-07-14,8028,11063410,705485637,62.5,64.6,62.1,64.6,3.1,7384,-1
