date,stock_id,Trading_Volume,Trading_money,open,max,min,close,spread,Trading_turnover,Trading_money_rank
2022-03-11,8438,1923426,79340945,41.05,43.5,40.4,40.5,0.0,1387,251
2022-03-14,8438,644757,26362997,41.2,41.6,40.45,40.45,-0.05,438,414
2022-03-15,8438,962994,38255627,40.5,40.8,38.0,38.0,-2.45,459,389
2022-03-16,8438,432890,16802443,38.2,39.8,38.2,38.55,0.55,260,495
2022-03-17,8438,568242,21531397,38.8,38.85,37.45,37.6,-0.95,449,482
2022-03-18,8438,326345,12365279,38.0,38.3,36.85,37.9,0.3,234,542
2022-03-21,8438,644751,25426262,38.0,40.95,38.0,39.95,2.05,442,436
2022-03-22,8438,519478,20836633,39.4,40.8,39.2,40.3,0.35,336,439
2022-03-23,8438,312874,12597429,40.5,40.6,39.8,40.05,-0.25,216,547
2022-03-24,8438,172339,6892506,39.85,40.3,39.6,40.1,0.05,121,608
2022-03-25,8438,207223,8239862,40.3,40.3,39.5,39.55,-0.55,161,592
2022-03-28,8438,175183,6811795,39.55,39.55,38.1,39.0,-0.55,121,622
2022-03-29,8438,144428,5658656,39.15,39.45,38.85,38.85,-0.15,106,632
2022-03-30,8438,100311,3913977,39.05,39.3,38.9,38.9,0.05,85,719
2022-03-31,8438,75460,2935475,39.0,39.05,38.65,39.0,0.1,58,726
2022-04-01,8438,106890,4163898,38.95,39.0,38.7,38.9,-0.1,76,687
2022-04-06,8438,255373,9738019,38.6,38.65,37.9,38.0,-0.9,165,561
2022-04-07,8438,129730,4882504,37.8,37.9,37.45,37.45,-0.55,113,719
2022-04-08,8438,98908,3775712,37.5,38.65,37.45,38.5,1.05,87,719
2022-04-11,8438,111210,4218504,38.5,38.5,37.5,37.85,-0.65,82,751
2022-04-12,8438,64640,2443269,37.85,38.1,37.55,37.55,-0.3,57,760
2022-04-13,8438,110240,4174992,37.6,38.15,37.6,37.6,0.05,69,713
2022-04-14,8438,46297,1748635,37.7,38.5,37.6,37.6,0.0,42,788
2022-04-15,8438,99501,3742512,37.9,37.9,37.4,37.8,0.2,73,704
2022-04-18,8438,56003,2110413,37.8,38.0,37.55,37.55,-0.25,43,787
2022-04-19,8438,135000,5065000,37.85,37.85,37.35,37.45,-0.1,60,641
2022-04-20,8438,147300,5605665,37.95,38.4,37.75,38.0,0.55,86,643
2022-04-21,8438,492447,19271198,38.2,40.5,38.0,38.9,0.9,292,465
2022-04-22,8438,448647,17602339,38.55,40.05,38.25,40.05,1.15,300,490
2022-04-25,8438,573431,23041125,39.5,41.1,38.7,40.55,0.5,415,511
2022-04-26,8438,406067,16443739,41.3,41.3,39.6,39.6,-0.95,269,485
2022-04-27,8438,231139,8931359,38.0,39.85,37.3,39.0,-0.6,166,642
2022-04-28,8438,111300,4334938,38.8,39.4,38.5,38.8,-0.2,67,640
2022-04-29,8438,78750,3052758,39.2,39.2,38.5,38.75,-0.05,76,697
2022-05-03,8438,91120,3513600,38.75,39.0,38.0,38.3,-0.45,58,665
2022-05-04,8438,86396,3333533,38.05,38.9,38.05,38.65,0.35,47,666
2022-05-05,8438,61129,2378571,39.0,39.2,38.7,38.75,0.1,57,725
2022-05-06,8438,86085,3348733,39.0,39.25,38.7,38.75,0.0,60,699
2022-05-09,8438,148052,5674488,38.5,39.0,38.0,38.05,-0.7,92,679
2022-05-10,8438,56055,2115112,38.0,38.0,37.5,37.65,-0.4,47,780
2022-05-11,8438,72000,2721800,37.95,38.4,37.55,38.4,0.75,47,740
2022-05-12,8438,69330,2620408,38.4,38.75,37.5,37.5,-0.9,55,804
2022-05-13,8438,67650,2540753,37.95,37.95,37.5,37.55,0.05,51,755
2022-05-16,8438,40983,1546628,37.4,38.0,37.4,37.75,0.2,41,810
2022-05-17,8438,33100,1259152,38.0,38.35,38.0,38.0,0.25,28,823
2022-05-18,8438,48500,1847450,38.0,38.25,38.0,38.2,0.2,34,806
2022-05-19,8438,51362,1946249,38.0,38.1,37.6,37.7,-0.5,48,752
2022-05-20,8438,45106,1696701,37.95,37.95,37.5,37.6,-0.1,30,771
2022-05-23,8438,32771,1245302,38.25,38.25,37.85,37.95,0.35,44,806
2022-05-24,8438,37130,1405120,37.85,38.0,37.55,37.55,-0.4,31,795
2022-05-25,8438,80080,2994117,37.55,37.55,37.2,37.35,-0.2,61,681
2022-05-26,8438,62587,2331999,37.55,37.6,37.05,37.05,-0.3,57,725
2022-05-27,8438,28682,1065989,37.1,37.45,37.05,37.15,0.1,36,841
2022-05-30,8438,107050,3995512,37.4,37.5,37.0,37.5,0.35,79,691
2022-05-31,8438,30192,1131383,37.6,37.6,37.25,37.5,0.0,32,807
2022-06-01,8438,64125,2395876,37.5,37.5,37.15,37.4,-0.1,37,774
2022-06-02,8438,45100,1684690,37.5,37.5,37.2,37.3,-0.1,35,776
2022-06-06,8438,38235,1437465,38.0,38.0,37.4,37.7,0.4,34,805
2022-06-07,8438,204553,7753473,37.7,38.1,37.7,37.9,0.2,104,543
2022-06-08,8438,108499,4125255,37.9,38.1,37.9,38.1,0.2,83,655
2022-06-09,8438,72608,2650314,36.8,36.8,36.1,36.45,0.0,75,703
2022-06-10,8438,88230,3248368,36.45,37.05,36.45,37.05,0.6,67,698
2022-06-13,8438,65360,2403095,37.0,37.4,36.55,36.55,-0.5,43,810
2022-06-14,8438,51207,1873178,36.75,36.9,36.45,36.85,0.3,54,819
2022-06-15,8438,46470,1728102,36.9,37.45,36.7,37.1,0.25,48,837
2022-06-16,8438,61298,2272462,37.45,37.9,36.35,37.25,0.15,62,787
2022-06-17,8438,25120,918730,37.05,37.05,36.4,36.45,-0.8,23,875
2022-06-20,8438,85635,3115514,36.5,37.45,35.2,36.6,0.15,62,775
2022-06-21,8438,19070,693646,36.3,37.0,36.15,36.4,-0.2,22,908
2022-06-22,8438,52088,1840294,36.5,36.5,35.0,35.05,-1.35,50,804
2022-06-23,8438,38440,1316948,35.35,35.75,33.55,34.3,-0.75,45,863
2022-06-24,8438,32000,1113150,34.3,35.05,33.85,34.45,0.15,20,860
2022-06-27,8438,17278,603791,34.45,35.15,34.45,35.0,0.55,20,917
2022-06-28,8438,15116,527962,35.35,35.35,34.15,35.2,0.2,16,877
2022-06-29,8438,16200,565800,35.2,35.35,34.4,35.0,-0.2,18,871
2022-06-30,8438,25359,868943,35.0,35.4,34.0,34.35,-0.65,28,885
2022-07-01,8438,36365,1229156,35.25,35.25,32.7,33.65,-0.7,39,893
2022-07-04,8438,48260,1574363,33.6,33.6,32.3,32.4,-1.25,42,820
2022-07-05,8438,10006,331296,33.0,33.95,32.65,32.7,0.3,12,933
2022-07-06,8438,14047,458615,33.2,33.2,32.15,32.5,-0.2,16,909
2022-07-07,8438,19506,641298,32.4,33.45,32.4,32.65,0.15,27,880
2022-07-08,8438,17088,560580,32.65,33.45,32.55,33.1,0.45,19,891
2022-07-11,8438,25120,819972,33.15,33.95,31.85,33.2,0.1,27,848
2022-07-12,8438,13304,420995,33.0,33.0,31.1,31.75,-1.45,19,921
2022-07-13,8438,25020,796340,31.8,32.3,31.5,31.9,0.15,20,864
2022-07-14,8438,12200,389910,31.9,32.8,31.5,32.2,0.3,14,899
2022-07-15,8438,18276,583612,32.2,32.2,31.6,31.75,-0.45,23,881
2022-07-18,8438,19010,603418,31.3,32.8,31.3,31.9,0.15,20,884
2022-07-19,8438,12042,385345,32.8,32.8,31.8,32.05,0.15,15,895
2022-07-20,8438,23310,744021,32.2,32.5,31.5,32.05,0.0,24,896
2022-07-21,8438,28200,896203,32.05,32.05,31.3,31.6,-0.45,25,829
2022-07-22,8438,11000,349900,31.55,32.1,31.55,31.95,0.35,11,922
2022-07-25,8438,27000,854750,31.5,32.1,31.3,32.0,0.05,24,820
2022-07-26,8438,55000,1725000,31.8,31.9,31.0,31.8,-0.2,32,761
2022-07-27,8438,11140,352222,31.8,31.85,31.5,31.85,0.05,15,899
2022-07-28,8438,17000,538300,32.2,32.2,31.5,31.85,0.0,16,901
2022-07-29,8438,19160,605675,32.1,32.1,31.5,31.8,-0.05,16,875
2022-08-01,8438,52797,1658307,31.5,32.0,31.1,31.5,-0.3,46,770
2022-08-02,8438,21330,656334,31.4,31.4,30.5,30.85,-0.65,24,878
2022-08-03,8438,22031,672811,30.85,31.15,30.15,31.15,0.3,21,882
2022-08-04,8438,61066,1842049,31.15,31.15,29.95,30.0,-1.15,48,789
2022-08-05,8438,51130,1552386,31.0,31.0,29.95,30.75,0.75,49,804
2022-08-08,8438,46101,1385597,30.7,30.7,29.7,30.35,-0.4,30,790
2022-08-09,8438,20000,603950,30.6,30.6,29.85,30.5,0.15,14,877
2022-08-10,8438,13266,399175,30.5,30.5,29.55,30.5,0.0,18,923
2022-08-11,8438,118047,3445914,30.5,30.5,28.55,29.6,-0.9,90,744
2022-08-12,8438,81649,2356047,29.5,29.5,28.4,29.15,-0.45,91,773
2022-08-15,8438,31310,902431,29.15,29.15,28.6,28.65,-0.5,31,892
2022-08-16,8438,49258,1415573,29.3,29.3,28.3,28.8,0.15,40,832
2022-08-17,8438,25803,747222,28.8,29.15,28.8,29.15,0.35,32,909
2022-08-18,8438,35050,1013800,29.5,29.5,28.75,29.05,-0.1,23,847
2022-08-19,8438,46036,1358130,30.0,30.0,29.15,29.9,0.85,38,842
2022-08-22,8438,100131,3070343,29.75,31.5,29.05,31.1,1.2,89,748
2022-08-23,8438,35105,1087959,30.9,31.2,30.55,31.1,0.0,33,848
2022-08-24,8438,41060,1268811,31.1,31.5,30.15,31.05,-0.05,34,841
2022-08-25,8438,54082,1660022,31.0,31.0,30.3,30.8,-0.25,41,824
2022-08-26,8438,59050,1827350,30.9,31.55,30.7,30.8,0.0,27,835
2022-08-29,8438,69102,2141211,30.8,32.45,30.5,31.0,0.2,47,817
2022-08-30,8438,23056,711862,30.9,30.9,30.65,30.9,-0.1,15,905
2022-08-31,8438,43000,1330500,31.0,31.0,30.9,30.95,0.05,20,836
2022-09-01,8438,21000,646450,30.8,31.0,30.6,30.95,0.0,20,933
2022-09-02,8438,36000,1111700,31.0,31.0,30.5,30.75,-0.2,22,845
2022-09-05,8438,16000,494500,30.95,31.0,30.5,30.8,0.05,9,901
2022-09-06,8438,50145,1533370,31.0,31.0,29.2,29.95,-0.85,41,820
2022-09-07,8438,23000,688050,29.95,30.5,29.3,30.15,0.2,14,895
2022-09-08,8438,31000,941700,30.6,30.7,29.75,30.6,0.45,17,828
2022-09-12,8438,32244,982963,30.6,30.6,30.1,30.5,-0.1,28,866
2022-09-13,8438,24123,740102,30.9,30.9,30.5,30.8,0.3,16,883
2022-09-14,8438,56017,1676007,30.5,30.5,29.6,30.45,-0.35,36,811
2022-09-15,8438,70000,2115800,30.45,30.8,29.8,30.45,0.0,42,771
2022-09-16,8438,108000,3230150,30.2,30.45,29.4,30.3,-0.15,50,705
2022-09-19,8438,55001,1629880,30.15,30.4,29.25,30.0,-0.3,29,805
2022-09-20,8438,58000,1713900,30.15,30.15,29.25,30.0,0.0,51,762
2022-09-21,8438,27000,797300,29.8,30.0,29.3,29.4,-0.6,27,879
2022-09-22,8438,108129,3132569,29.4,29.7,28.6,29.4,0.0,92,727
2022-09-23,8438,102510,2997178,29.6,30.0,28.8,29.55,0.15,96,736
2022-09-26,8438,120000,3435350,29.5,29.8,28.0,28.3,-1.25,88,787
2022-09-27,8438,157100,4486335,28.7,29.35,28.1,29.0,0.7,129,663
2022-09-28,8438,213000,5994150,29.15,29.35,27.85,28.25,-0.75,181,708
2022-09-29,8438,123000,3523450,28.55,29.3,28.3,28.8,0.55,103,701
2022-09-30,8438,276000,7816000,28.8,28.95,27.95,28.75,-0.05,180,562
2022-10-03,8438,32000,922350,28.7,29.0,28.4,28.85,0.1,28,827
2022-10-04,8438,30000,884850,29.4,29.55,29.4,29.45,0.6,19,851
2022-10-05,8438,59000,1743400,29.45,30.05,29.0,29.5,0.05,44,799
2022-10-06,8438,224145,6315604,29.6,29.6,27.6,27.6,-1.9,172,544
2022-10-07,8438,79196,2178881,27.65,27.9,27.1,27.3,-0.3,69,709
2022-10-11,8438,91124,2395147,27.3,27.3,25.8,25.8,-1.5,63,787
2022-10-12,8438,59481,1525052,25.85,26.6,25.05,25.6,-0.2,49,791
2022-10-13,8438,73387,1816744,25.6,25.6,24.1,25.0,-0.6,92,858
2022-10-14,8438,55000,1375800,25.2,25.3,24.75,24.8,-0.2,29,815
2022-10-17,8438,41050,972112,24.8,24.8,23.4,23.55,-1.25,34,826
2022-10-18,8438,91553,2125021,23.65,23.7,22.9,23.1,-0.45,57,725
2022-10-19,8438,127482,3116046,23.15,25.4,23.15,24.1,1.0,103,677
2022-10-20,8438,39011,937064,24.1,24.9,23.55,23.9,-0.2,33,824
2022-10-21,8438,19010,452939,23.9,24.1,23.55,23.9,0.0,21,869
2022-10-24,8438,22001,520973,24.25,24.25,23.45,24.05,0.15,19,876
2022-10-25,8438,15000,355200,24.2,24.2,23.45,23.75,-0.3,13,918
2022-10-26,8438,8000,189350,23.75,23.75,23.6,23.6,-0.15,5,931
2022-10-27,8438,13019,312355,23.9,24.1,23.9,24.1,0.5,10,912
2022-10-28,8438,93268,2322076,24.4,25.5,24.35,24.8,0.7,83,661
2022-10-31,8438,59015,1451515,24.65,24.95,24.3,24.4,-0.4,40,724
2022-11-01,8438,33092,795423,24.4,24.5,23.65,24.4,0.0,41,823
2022-11-02,8438,12123,296388,24.4,24.6,24.25,24.25,-0.15,14,910
2022-11-03,8438,26300,644025,24.25,24.7,24.0,24.7,0.45,20,830
2022-11-04,8438,11262,276621,24.7,24.7,24.45,24.7,0.0,13,916
2022-11-07,8438,37000,929600,24.7,25.4,24.7,25.1,0.4,22,846
2022-11-08,8438,48001,1221975,25.1,25.7,25.1,25.6,0.5,25,819
2022-11-09,8438,18255,469944,25.6,25.9,25.5,25.5,-0.1,20,910
2022-11-10,8438,16386,425016,25.25,26.5,25.2,25.2,-0.3,30,884
2022-11-11,8438,37170,957658,25.6,26.3,25.35,25.35,0.15,31,878
2022-11-14,8438,25407,661759,25.8,26.4,25.55,26.2,0.85,30,889
2022-11-15,8438,20000,524300,26.0,26.4,25.95,26.2,0.0,16,915
2022-11-16,8438,42156,1093774,26.2,27.0,25.35,25.35,-0.85,32,866
2022-11-17,8438,41404,1071993,25.35,26.35,25.35,26.3,0.95,41,821
2022-11-18,8438,26150,684650,26.25,26.45,25.7,26.35,0.05,21,878
2022-11-21,8438,22000,579200,26.45,26.95,25.9,26.45,0.1,19,869
2022-11-22,8438,18774,485743,25.85,26.0,25.8,25.9,-0.55,17,883
2022-11-23,8438,5233,135811,26.0,26.0,25.8,26.0,0.1,6,936
2022-11-24,8438,25250,650521,26.0,26.4,25.3,25.55,-0.45,33,904
2022-11-25,8438,15512,397187,25.9,25.9,25.35,25.45,-0.1,27,906
2022-11-28,8438,32001,801175,25.45,25.45,24.9,25.2,-0.25,29,854
2022-11-29,8438,26000,665700,25.2,26.2,25.2,25.65,0.45,24,871
2022-11-30,8438,43073,1125082,25.6,26.7,25.6,26.65,1.0,36,862
2022-12-01,8438,23170,614896,26.2,26.65,26.2,26.5,-0.15,28,908
2022-12-02,8438,25100,665199,26.5,26.55,26.45,26.5,0.0,30,887
2022-12-05,8438,81736,2157300,26.5,26.8,26.05,26.6,0.1,86,802
2022-12-06,8438,54054,1443900,26.6,26.95,26.55,26.55,-0.05,42,832
2022-12-07,8438,55000,1447900,26.4,26.5,26.1,26.1,-0.45,24,818
2022-12-08,8438,44036,1154836,26.0,26.9,25.95,25.95,-0.15,37,810
2022-12-09,8438,28005,728380,25.95,26.35,25.95,25.95,0.0,22,873
2022-12-12,8438,16001,413625,25.85,25.9,25.8,25.8,-0.15,13,901
2022-12-13,8438,24091,623220,25.8,26.0,25.75,25.95,0.15,18,883
2022-12-14,8438,7000,182000,26.05,26.05,25.95,26.0,0.05,5,948
2022-12-15,8438,13005,339781,26.05,26.3,26.0,26.0,0.0,16,924
2022-12-16,8438,36076,950556,26.0,26.7,26.0,26.15,0.15,31,877
2022-12-19,8438,16003,415878,26.0,26.0,25.95,25.95,-0.2,17,905
2022-12-20,8438,41602,1050978,25.75,25.85,25.05,25.05,-0.9,82,873
2022-12-21,8438,31002,774197,25.3,25.35,24.55,24.55,-0.5,26,850
2022-12-22,8438,11095,278449,25.35,25.6,24.75,24.85,0.3,15,911
2022-12-23,8438,5000,122800,24.55,24.6,24.5,24.55,-0.3,4,945
2022-12-26,8438,7000,172800,24.6,25.0,24.55,24.55,0.0,6,935
2022-12-27,8438,10000,250850,25.25,25.25,24.65,24.8,0.25,7,920
2022-12-28,8438,12087,302616,25.3,25.3,24.65,24.65,-0.15,15,920
2022-12-29,8438,40215,957637,24.5,24.5,23.25,23.8,-0.85,49,826
2022-12-30,8438,1000,24300,24.3,24.3,24.3,24.3,0.5,1,963
2023-01-03,8438,16156,390445,24.05,24.3,23.95,24.25,-0.05,30,888
2023-01-04,8438,3196,77385,24.4,24.4,23.95,23.95,-0.3,8,950
2023-01-05,8438,9000,216750,23.95,24.2,23.95,24.0,0.05,7,931
2023-01-06,8438,57097,1364130,24.05,24.2,23.65,24.2,0.2,23,768
2023-01-09,8438,22000,535500,24.2,24.5,24.15,24.45,0.25,17,903
2023-01-10,8438,25066,605594,24.4,24.4,24.05,24.1,-0.35,23,866
2023-01-11,8438,46003,1109022,24.1,24.25,24.0,24.25,0.15,22,822
2023-01-12,8438,28000,675100,24.25,24.25,23.9,23.95,-0.3,20,852
2023-01-13,8438,33000,790500,23.95,24.0,23.85,24.0,0.05,18,853
2023-01-16,8438,38000,911000,24.0,24.0,23.95,23.95,-0.05,24,832
2023-01-17,8438,38020,910433,24.0,24.05,23.9,23.95,0.0,20,836
2023-01-30,8438,61000,1470600,24.0,24.8,23.95,24.0,0.05,41,838
2023-01-31,8438,17000,410300,24.1,24.4,24.0,24.0,0.0,14,912
2023-02-01,8438,29000,695900,24.0,24.1,23.95,24.1,0.1,15,890
2023-02-02,8438,74116,1792092,24.0,24.7,23.9,24.4,0.3,41,818
2023-02-03,8438,28000,677500,24.15,24.3,24.1,24.3,-0.1,16,885
2023-02-06,8438,25000,609100,24.3,24.6,24.2,24.45,0.15,19,883
2023-02-07,8438,60504,1498900,24.6,25.1,24.45,25.0,0.55,44,788
2023-02-08,8438,23140,576455,24.75,25.05,24.75,25.0,0.0,22,909
2023-02-09,8438,27000,671600,25.0,25.0,24.8,24.8,-0.2,13,889
2023-02-10,8438,21100,527385,24.7,25.1,24.7,24.95,0.15,18,907
2023-02-13,8438,60166,1511664,25.0,25.8,24.65,25.05,0.1,48,822
2023-02-14,8438,22000,553750,25.05,25.3,25.05,25.3,0.25,13,905
2023-02-15,8438,25155,634397,25.3,25.3,25.0,25.15,-0.15,25,908
2023-02-16,8438,23486,590343,25.2,25.3,24.95,25.3,0.15,23,908
2023-02-17,8438,20450,513287,25.0,25.25,24.95,25.25,-0.05,20,906
2023-02-20,8438,14479,368239,25.25,25.55,25.25,25.45,0.2,16,943
2023-02-21,8438,20000,511100,25.6,25.8,25.3,25.55,0.1,17,927
2023-02-22,8438,14000,356250,25.45,25.6,25.4,25.4,-0.15,13,942
2023-02-23,8438,31000,785200,25.3,25.4,25.2,25.25,-0.15,22,916
2023-02-24,8438,1000,25400,25.4,25.4,25.4,25.4,0.15,1,966
2023-03-01,8438,10008,254614,25.4,25.6,25.4,25.5,0.1,16,946
2023-03-02,8438,12050,306882,25.4,25.5,25.4,25.5,0.0,13,940
2023-03-03,8438,29144,740894,25.3,25.5,25.3,25.5,0.0,19,905
2023-03-06,8438,92002,2349250,25.4,25.85,25.35,25.55,0.05,52,845
2023-03-07,8438,29063,742382,25.55,25.6,25.5,25.6,0.05,25,910
2023-03-08,8438,26678,679459,25.35,25.6,25.35,25.6,0.0,31,918
2023-03-09,8438,37103,947488,25.6,25.7,25.4,25.6,0.0,31,908
2023-03-10,8438,54376,1374193,25.45,25.45,25.1,25.35,-0.25,48,901
2023-03-13,8438,34000,850600,25.05,25.25,25.0,25.25,-0.1,29,913
2023-03-14,8438,16000,400150,25.0,25.3,24.95,25.0,-0.25,13,933
2023-03-15,8438,21001,523927,25.0,25.0,24.85,24.9,-0.1,20,932
2023-03-16,8438,40000,984250,24.85,24.85,24.05,24.2,-0.7,34,896
2023-03-17,8438,18040,450814,24.9,25.15,24.7,24.7,0.5,22,927
2023-03-20,8438,6003,146631,24.7,24.7,24.35,24.45,-0.25,8,953
2023-03-21,8438,5002,122902,24.6,24.6,24.55,24.55,0.1,7,965
2023-03-22,8438,26000,640000,24.6,24.7,24.55,24.6,0.05,20,913
2023-03-23,8438,19000,476700,24.95,25.3,24.9,25.0,0.4,18,935
2023-03-24,8438,5000,124150,24.8,24.9,24.8,24.9,-0.1,4,966
2023-03-27,8438,29101,722267,24.8,24.9,24.7,24.9,0.0,19,910
2023-03-28,8438,12000,297300,24.9,24.9,24.7,24.7,-0.2,11,943
2023-03-29,8438,2000,50000,25.0,25.0,25.0,25.0,0.3,1,969
2023-03-30,8438,40000,995800,25.0,25.0,24.8,24.8,-0.2,20,874
2023-03-31,8438,14000,348550,25.05,25.05,24.85,24.9,0.1,12,942
2023-04-06,8438,28001,690627,24.65,24.85,24.5,24.7,-0.2,18,907
2023-04-07,8438,8000,197500,24.7,24.7,24.65,24.65,-0.05,4,958
2023-04-10,8438,35000,859100,24.6,24.6,24.5,24.5,-0.15,27,903
2023-04-11,8438,37030,907689,24.5,24.65,24.4,24.55,0.05,26,912
2023-04-12,8438,54000,1324800,24.35,24.9,24.3,24.55,0.0,37,892
2023-04-13,8438,63778,1558803,24.4,24.5,24.35,24.45,-0.1,50,878
2023-04-14,8438,64111,1563104,24.35,24.45,24.3,24.3,-0.15,57,881
2023-04-17,8438,84000,2036050,24.3,24.4,24.05,24.25,-0.05,44,867
2023-04-18,8438,50000,1223850,24.4,24.65,24.4,24.6,0.35,30,897
2023-04-19,8438,46285,1144289,24.85,24.85,24.6,24.65,0.05,34,902
2023-04-20,8438,37000,912600,24.65,24.7,24.65,24.7,0.05,17,902
2023-04-21,8438,66000,1616350,24.65,24.65,24.2,24.4,-0.3,33,872
2023-04-24,8438,49000,1216350,24.6,25.0,24.6,24.85,0.45,26,845
2023-04-25,8438,31100,768480,24.85,24.9,24.45,24.45,-0.4,27,915
2023-04-26,8438,49038,1196670,24.5,24.55,24.3,24.5,0.05,27,850
2023-04-27,8438,199000,4905150,24.5,25.45,24.45,24.85,0.35,75,651
2023-04-28,8438,56000,1389550,24.85,25.0,24.7,24.75,-0.1,27,849
2023-05-02,8438,41000,1013150,24.85,24.85,24.65,24.7,-0.05,24,880
2023-05-03,8438,14553,358676,24.6,24.7,24.6,24.65,-0.05,14,929
2023-05-04,8438,16000,392700,24.6,24.6,24.5,24.55,-0.1,14,941
2023-05-05,8438,23040,567297,24.6,24.7,24.6,24.65,0.1,14,909
2023-05-08,8438,39120,960856,24.6,24.65,24.5,24.6,-0.05,30,896
2023-05-09,8438,21014,516349,24.55,24.6,24.55,24.6,0.0,13,920
2023-05-10,8438,35180,861607,24.6,24.6,24.4,24.5,-0.1,29,883
2023-05-11,8438,23050,563731,24.9,24.9,24.35,24.4,-0.1,21,932
2023-05-12,8438,16000,391850,24.5,24.55,24.35,24.5,0.1,11,930
2023-05-15,8438,12175,297087,24.5,24.5,24.3,24.4,-0.1,11,948
2023-05-16,8438,41032,1003332,24.45,24.5,24.4,24.5,0.1,30,904
2023-05-17,8438,28078,688152,24.5,24.55,24.45,24.5,0.0,26,937
2023-05-18,8438,202852,5185215,24.35,26.3,24.35,25.5,1.0,173,714
2023-05-19,8438,31042,785914,25.5,25.6,25.15,25.3,-0.2,32,909
2023-05-22,8438,25068,630194,24.75,25.3,24.75,25.1,-0.2,26,913
2023-05-23,8438,83024,2158877,25.1,26.3,25.1,26.15,1.05,62,827
2023-05-24,8438,305436,8248530,26.1,27.55,26.1,27.05,0.9,300,624
2023-05-25,8438,76400,2048216,27.05,27.05,26.5,26.5,-0.55,75,821
2023-05-26,8438,51011,1351169,26.5,26.9,26.3,26.75,0.25,43,875
2023-05-29,8438,42081,1128516,26.75,26.9,26.65,26.8,0.05,34,876
2023-05-30,8438,183961,5037347,26.8,27.75,26.8,27.15,0.35,220,682
2023-05-31,8438,475265,13724309,27.25,29.7,27.25,29.05,1.9,384,568
2023-06-01,8438,293558,8423586,29.5,29.7,28.0,28.45,-0.6,241,628
2023-06-02,8438,113373,3207905,28.45,28.75,28.1,28.1,-0.35,104,802
2023-06-05,8438,60214,1691611,28.1,28.65,28.0,28.0,-0.1,60,879
2023-06-06,8438,69000,1937900,28.0,28.35,28.0,28.0,0.0,57,843
2023-06-07,8438,133465,3662452,28.0,28.0,27.25,27.25,-0.75,112,798
2023-06-08,8438,104000,2779600,26.85,26.85,26.65,26.65,-0.6,77,803
2023-06-09,8438,56000,1496800,26.6,27.35,26.5,26.55,-0.1,46,895
2023-06-12,8438,76287,1980710,26.2,26.45,25.65,25.85,-0.7,71,866
2023-06-13,8438,42072,1105596,25.85,26.55,25.85,26.2,0.35,41,909
2023-06-14,8438,37068,976677,26.2,26.65,26.2,26.6,0.4,28,912
2023-06-15,8438,23000,610500,26.6,26.75,26.5,26.75,0.15,14,948
2023-06-16,8438,25000,664000,26.5,26.8,26.3,26.55,-0.2,22,936
2023-06-19,8438,35001,926629,26.6,26.75,26.15,26.75,0.2,27,907
2023-06-20,8438,30115,808455,26.75,27.0,26.65,26.75,0.0,22,908
2023-06-21,8438,68200,1811900,26.7,26.9,26.1,26.85,0.1,65,890
2023-06-26,8438,43500,1131659,25.85,26.2,25.85,26.15,0.0,34,903
2023-06-27,8438,44000,1149750,26.2,26.3,25.95,26.15,0.0,21,899
2023-06-28,8438,9010,237513,26.75,26.75,26.2,26.2,0.05,9,953
2023-06-29,8438,12009,316689,26.2,26.8,26.2,26.55,0.35,12,946
2023-06-30,8438,13000,344000,26.55,26.55,26.4,26.4,-0.15,8,945
2023-07-03,8438,42004,1102709,26.4,26.4,26.15,26.3,-0.1,27,909
2023-07-04,8438,25020,656724,26.15,26.35,26.15,26.25,-0.05,19,936
2023-07-05,8438,33000,866150,26.25,26.4,26.2,26.2,-0.05,22,914
2023-07-06,8438,36000,942150,26.15,26.25,26.05,26.1,-0.1,25,921
2023-07-07,8438,49023,1271993,26.05,26.05,25.8,26.05,-0.05,32,888
2023-07-10,8438,27000,701950,26.3,26.45,25.8,25.8,-0.25,22,933
2023-07-11,8438,22001,568176,25.85,25.85,25.75,25.8,0.0,14,942
2023-07-12,8438,81000,2106750,25.8,26.25,25.8,26.05,0.25,48,843
2023-07-13,8438,55015,1399337,26.05,26.05,24.8,25.75,-0.3,47,883
2023-07-14,8438,18120,468750,26.0,26.1,25.7,25.85,0.1,16,-1
