date,stock_id,Trading_Volume,Trading_money,open,max,min,close,spread,Trading_turnover,Trading_money_rank
2018-08-15,8482,4736200,548205900,116.0,117.5,114.5,114.5,0.0,2109,52
2018-08-16,8482,1066318,121980229,114.5,115.5,113.5,115.5,1.0,468,148
2018-08-17,8482,505000,58051500,116.0,116.0,114.5,114.5,-1.0,165,208
2018-08-20,8482,795282,90167789,114.5,115.5,101.0,114.5,0.0,345,170
2018-08-21,8482,238000,26175500,108.5,113.0,106.5,111.0,-3.5,187,281
2018-08-22,8482,264021,27938789,107.0,111.0,103.0,103.0,-8.0,175,279
2018-08-23,8482,229000,23283000,102.0,103.0,100.0,101.0,-2.0,168,301
2018-08-24,8482,298800,29832600,101.0,101.0,99.0,99.0,-2.0,177,262
2018-08-27,8482,240000,24547100,99.2,107.0,99.0,106.0,7.0,134,295
2018-08-28,8482,153000,15981500,106.0,106.0,103.5,104.0,-2.0,80,364
2018-08-29,8482,69000,7144000,104.0,104.0,103.0,103.5,-0.5,41,476
2018-08-30,8482,59000,6074000,103.5,103.5,102.5,102.5,-1.0,41,481
2018-08-31,8482,89000,9088500,102.5,103.0,101.0,103.0,0.5,51,415
2018-09-03,8482,74000,7684500,103.5,104.0,103.0,104.0,1.0,52,464
2018-09-04,8482,54080,5546660,103.5,104.0,102.0,102.0,-2.0,38,476
2018-09-05,8482,31110,3176275,102.0,102.5,101.5,102.5,0.5,24,573
2018-09-06,8482,270000,27452300,102.0,104.0,99.8,104.0,1.5,98,277
2018-09-07,8482,148421,15113310,104.0,104.0,100.5,100.5,-3.5,61,426
2018-09-10,8482,96170,9423750,100.5,100.5,93.1,95.0,-5.5,65,510
2018-09-11,8482,121000,11474600,95.0,95.5,94.6,94.7,-0.3,43,407
2018-09-12,8482,149000,14145800,95.1,97.0,94.4,97.0,2.3,70,373
2018-09-13,8482,54002,5226592,97.0,97.1,96.5,96.5,-0.5,30,514
2018-09-14,8482,24207,2337975,96.5,97.0,96.4,96.6,0.1,23,630
2018-09-17,8482,29000,2799700,96.6,96.9,96.4,96.6,0.0,14,550
2018-09-18,8482,22000,2122600,96.5,96.5,96.4,96.4,-0.2,15,617
2018-09-19,8482,39000,3770600,96.6,97.0,96.5,96.8,0.4,25,595
2018-09-20,8482,47000,4534400,96.8,97.0,96.3,96.3,-0.5,20,520
2018-09-21,8482,35000,3372800,96.5,96.7,96.3,96.7,0.4,17,580
2018-09-25,8482,51000,4981800,96.6,98.8,96.6,98.2,1.5,42,495
2018-09-26,8482,41000,4000100,98.0,98.0,97.2,97.8,-0.4,27,528
2018-09-27,8482,27000,2635300,97.8,97.8,97.4,97.7,-0.1,19,596
2018-09-28,8482,83000,8079500,97.6,97.8,96.7,97.8,0.1,46,456
2018-10-01,8482,30000,2924700,97.7,97.7,97.3,97.7,-0.1,14,580
2018-10-02,8482,33021,3224437,97.9,98.5,97.2,97.5,-0.2,24,550
2018-10-03,8482,38000,3698500,97.4,98.0,97.1,97.3,-0.2,19,552
2018-10-04,8482,34066,3311402,97.3,97.3,97.1,97.1,-0.2,23,559
2018-10-05,8482,116000,11190400,97.5,97.5,95.4,96.6,-0.5,76,482
2018-10-08,8482,139000,13470000,96.7,97.5,96.3,97.5,0.9,46,364
2018-10-09,8482,29000,2837000,97.5,98.7,97.5,98.0,0.5,23,626
2018-10-11,8482,167000,16135000,97.6,97.8,95.5,97.8,-0.2,93,535
2018-10-12,8482,53000,5165900,97.8,97.8,97.1,97.4,-0.4,43,625
2018-10-15,8482,21000,2043000,97.4,97.4,97.1,97.4,0.0,10,661
2018-10-16,8482,30004,2973596,97.8,101.0,97.8,98.4,1.0,29,596
2018-10-17,8482,22002,2172000,99.7,99.7,98.4,99.3,0.9,21,642
2018-10-18,8482,11000,1097700,100.0,100.0,99.4,99.8,0.5,11,674
2018-10-19,8482,49000,4875200,99.8,99.8,99.2,99.6,-0.2,33,520
2018-10-22,8482,14000,1399300,100.0,100.0,99.7,100.0,0.4,12,638
2018-10-23,8482,43008,4293799,100.0,100.0,99.6,99.9,-0.1,28,500
2018-10-24,8482,30000,2994500,100.0,100.0,99.7,99.9,0.0,12,561
2018-10-25,8482,100000,9937100,99.9,99.9,98.8,98.8,-1.1,51,442
2018-10-26,8482,50050,4938325,99.0,99.5,98.3,99.5,0.7,26,534
2018-10-29,8482,12000,1186000,99.4,99.9,98.5,98.5,-1.0,11,692
2018-10-30,8482,65014,6291041,98.4,98.4,94.3,96.8,-1.7,50,429
2018-10-31,8482,31000,2961600,96.8,96.8,95.0,95.0,-1.8,25,576
2018-11-01,8482,17000,1643600,95.5,97.3,95.5,97.0,2.0,15,645
2018-11-02,8482,40000,3875700,97.0,97.7,96.6,97.0,0.0,26,542
2018-11-05,8482,14000,1356100,97.0,97.0,96.7,97.0,0.0,12,638
2018-11-06,8482,15000,1453200,97.0,97.7,96.5,97.7,0.7,12,632
2018-11-07,8482,21000,2047100,97.7,98.3,97.1,97.1,-0.6,18,597
2018-11-08,8482,2000,196300,98.3,98.3,98.0,98.0,0.9,2,840
2018-11-09,8482,32000,3124200,98.0,98.2,97.2,97.9,-0.1,26,521
2018-11-12,8482,89000,8791700,98.7,99.1,98.4,99.1,1.2,58,374
2018-11-13,8482,67000,6632700,98.6,99.3,98.6,99.3,0.2,36,412
2018-11-14,8482,80000,7961500,99.3,100.0,99.2,99.4,0.1,42,412
2018-11-15,8482,438000,44466700,99.6,106.0,99.6,103.5,4.1,85,214
2018-11-16,8482,359112,38053708,103.5,108.0,103.5,108.0,4.5,147,233
2018-11-19,8482,249000,27165500,108.0,110.0,107.5,109.0,1.0,84,251
2018-11-20,8482,110092,12091620,110.0,110.5,109.0,110.5,1.5,52,335
2018-11-21,8482,115000,12596500,110.0,110.0,108.5,110.0,-0.5,43,344
2018-11-22,8482,154000,17020000,110.0,111.5,110.0,110.0,0.0,65,310
2018-11-23,8482,98000,10678000,109.5,109.5,108.0,109.0,-1.0,36,354
2018-11-26,8482,114000,12425500,109.0,109.5,108.5,109.0,0.0,41,344
2018-11-27,8482,132000,14445500,109.0,111.0,108.0,111.0,2.0,48,324
2018-11-28,8482,121000,13380500,111.0,111.5,109.0,111.0,0.0,62,372
2018-11-29,8482,234130,26127190,110.5,113.5,110.0,113.0,2.0,108,302
2018-11-30,8482,165022,18504964,113.0,113.0,111.0,112.0,-1.0,58,369
2018-12-03,8482,222000,25003000,112.0,113.0,112.0,112.0,0.0,73,366
2018-12-04,8482,250141,27776580,112.0,112.5,110.0,111.5,-0.5,61,323
2018-12-05,8482,177040,19861500,111.5,113.0,111.5,113.0,1.5,61,325
2018-12-06,8482,123000,13846000,113.0,113.5,111.0,111.0,-2.0,38,430
2018-12-07,8482,170022,19031497,111.0,113.5,110.5,113.5,2.5,52,294
2018-12-10,8482,157000,17726000,113.0,114.0,112.0,112.5,-1.0,53,302
2018-12-11,8482,157000,17591500,112.5,113.0,111.5,112.0,-0.5,33,306
2018-12-12,8482,157000,17601500,112.0,113.0,112.0,112.5,0.5,43,350
2018-12-13,8482,194100,21949850,112.5,113.5,112.5,113.5,1.0,64,313
2018-12-14,8482,148000,16831000,113.5,114.0,113.0,114.0,0.5,83,331
2018-12-17,8482,337000,38653500,113.5,116.0,113.0,116.0,2.0,144,239
2018-12-18,8482,285049,33136708,116.0,117.0,115.5,116.0,0.0,141,276
2018-12-19,8482,163000,18791500,116.0,116.0,114.5,114.5,-1.5,68,315
2018-12-20,8482,183000,20796500,114.5,114.5,113.0,114.0,-0.5,70,316
2018-12-21,8482,168000,19259500,114.0,115.5,114.0,115.5,1.5,56,328
2018-12-22,8482,135000,15635000,115.0,116.5,115.0,116.5,1.0,75,231
2018-12-24,8482,372020,43622370,116.0,118.5,116.0,118.0,1.5,186,210
2018-12-25,8482,276112,32657440,117.5,119.5,117.0,119.5,1.5,133,239
2018-12-26,8482,400039,48683199,123.5,123.5,118.0,120.0,0.5,168,191
2018-12-27,8482,329030,39673660,120.0,121.5,120.0,121.5,1.5,144,213
2018-12-28,8482,231092,28049132,121.0,122.0,120.0,121.5,0.0,120,246
2019-01-02,8482,232000,28294500,121.0,123.0,121.0,122.0,0.5,102,228
2019-01-03,8482,275000,33547000,121.5,123.0,121.0,122.0,0.0,108,228
2019-01-04,8482,211000,25675000,121.5,122.5,120.5,122.0,0.0,92,265
2019-01-07,8482,315000,38681000,122.0,123.5,122.0,123.5,1.5,129,227
2019-01-08,8482,329000,40531500,123.0,124.0,122.5,124.0,0.5,148,218
2019-01-09,8482,325000,40271500,123.5,124.5,123.5,124.0,0.0,131,253
2019-01-10,8482,302000,37321000,123.5,124.5,123.0,124.0,0.0,127,234
2019-01-11,8482,410000,51090000,124.0,125.0,124.0,125.0,1.0,143,208
2019-01-14,8482,403000,50444000,125.0,125.5,124.5,125.0,0.0,140,192
2019-01-15,8482,464000,58242000,125.0,126.5,124.5,126.0,1.0,158,197
2019-01-16,8482,349000,43414000,125.0,125.0,123.5,124.0,-2.0,191,234
2019-01-17,8482,400000,49508000,123.0,125.0,123.0,125.0,1.0,166,213
2019-01-18,8482,588001,74014630,124.0,127.5,124.0,127.5,2.5,247,176
2019-01-21,8482,401001,50864137,126.5,127.0,126.5,126.5,-1.0,176,206
2019-01-22,8482,345000,43474500,125.5,126.5,125.5,126.5,0.0,105,212
2019-01-23,8482,412101,52445478,126.0,128.5,126.0,128.5,2.0,152,186
2019-01-24,8482,333000,42800000,128.0,129.5,128.0,129.0,0.5,154,216
2019-01-25,8482,557056,72754560,129.0,132.5,128.5,132.0,3.0,241,189
2019-01-28,8482,475000,63397500,132.0,135.0,131.5,134.5,2.5,204,196
2019-01-29,8482,434000,58668000,134.0,136.0,134.0,136.0,1.5,208,193
2019-01-30,8482,570000,77892000,135.5,138.0,135.5,138.0,2.0,291,180
2019-02-11,8482,333000,46557000,140.0,141.0,138.5,140.0,2.0,198,237
2019-02-12,8482,361070,50998280,141.0,142.0,140.5,142.0,2.0,279,245
2019-02-13,8482,379109,52942087,142.5,142.5,134.0,139.5,-2.5,256,252
2019-02-14,8482,255002,35056780,139.5,139.5,135.0,137.0,-2.5,184,290
2019-02-15,8482,194059,26520319,137.0,138.5,135.5,138.5,1.5,124,320
2019-02-18,8482,201102,27828576,138.5,139.5,137.0,137.5,-1.0,113,314
2019-02-19,8482,263043,35961493,137.5,138.0,135.0,138.0,0.5,192,283
2019-02-20,8482,172024,23750860,138.0,139.0,137.5,138.5,0.5,128,346
2019-02-21,8482,169050,23014750,138.5,138.5,135.0,135.0,-3.5,150,352
2019-02-22,8482,159903,21684308,135.0,137.0,134.5,137.0,2.0,118,332
2019-02-25,8482,324007,44480459,137.0,138.5,136.0,136.0,-1.0,167,274
2019-02-26,8482,154050,20980800,136.0,137.5,135.0,137.5,1.5,122,357
2019-02-27,8482,136019,18487584,137.0,137.0,134.0,135.5,-2.0,109,346
2019-03-04,8482,124027,16880226,136.0,137.0,135.5,137.0,1.5,90,379
2019-03-05,8482,81074,11059564,137.0,137.5,135.0,135.0,-2.0,131,407
2019-03-06,8482,100020,13602740,136.5,136.5,135.0,136.0,1.0,87,393
2019-03-07,8482,119020,16156190,136.0,136.0,135.0,135.5,-0.5,61,372
2019-03-08,8482,64009,8682206,135.5,136.0,135.0,135.5,0.0,53,444
2019-03-11,8482,89066,12059410,135.5,136.0,135.0,136.0,0.5,80,405
2019-03-12,8482,75017,10251312,136.0,137.5,136.0,137.0,1.0,59,460
2019-03-13,8482,118015,16160555,137.0,138.0,136.0,138.0,1.0,91,360
2019-03-14,8482,132046,18280910,138.0,139.5,137.5,139.5,1.5,116,379
2019-03-15,8482,155007,21571980,139.0,140.0,138.5,139.5,0.0,98,359
2019-03-18,8482,140004,19565560,139.0,141.0,139.0,140.0,0.5,94,371
2019-03-19,8482,152027,21243280,140.0,141.0,138.0,141.0,1.0,127,369
2019-03-20,8482,102000,14354500,141.0,141.0,140.0,141.0,0.0,68,415
2019-03-21,8482,176028,24456280,140.0,140.0,136.0,136.0,-5.0,84,348
2019-03-22,8482,270008,36424108,136.5,137.5,132.0,137.5,1.5,179,326
2019-03-25,8482,136000,18504500,137.5,138.0,134.5,136.5,-1.0,101,383
2019-03-26,8482,127007,17455459,137.0,138.0,136.5,138.0,1.5,73,367
2019-03-27,8482,176000,24413000,138.0,139.0,138.0,139.0,1.0,81,336
2019-03-28,8482,110000,15280000,139.0,140.0,138.0,139.0,0.0,73,405
2019-03-29,8482,186100,26028000,139.0,141.0,139.0,141.0,2.0,118,351
2019-04-01,8482,262005,37287200,141.5,144.0,141.0,141.5,0.5,170,314
2019-04-02,8482,147007,20962489,142.0,143.5,142.0,142.5,1.0,86,377
2019-04-03,8482,166000,23670500,143.0,143.0,142.0,142.5,0.0,89,363
2019-04-08,8482,103100,14750849,142.5,143.5,142.5,142.5,0.0,51,457
2019-04-09,8482,117142,16708234,143.0,143.0,141.5,141.5,-1.0,80,410
2019-04-10,8482,99125,14064875,142.0,143.0,141.0,142.0,0.5,62,446
2019-04-11,8482,86000,12202000,142.0,142.5,141.0,142.0,0.0,61,488
2019-04-12,8482,110012,15673704,142.0,143.0,142.0,143.0,1.0,85,406
2019-04-15,8482,70002,9999784,143.0,143.5,141.5,143.5,0.5,62,479
2019-04-16,8482,108000,15424000,143.5,143.5,141.5,142.5,-1.0,52,413
2019-04-17,8482,109060,15422960,142.0,142.5,140.5,142.5,0.0,135,435
2019-04-18,8482,78008,11032624,142.0,142.0,140.5,140.5,-2.0,60,517
2019-04-19,8482,108000,15157000,140.5,141.0,139.5,139.5,-1.0,61,386
2019-04-22,8482,106000,14795000,139.5,140.0,139.0,139.0,-0.5,68,393
2019-04-23,8482,62001,8667639,139.5,140.5,139.0,139.0,0.0,44,469
2019-04-24,8482,236300,33110700,139.5,140.5,139.0,140.0,1.0,63,303
2019-04-25,8482,168110,23639900,140.5,141.0,139.0,140.0,0.0,46,328
2019-04-26,8482,144030,20099640,140.0,141.0,138.0,139.0,-1.0,45,342
2019-04-29,8482,87001,12172141,139.5,141.0,138.5,141.0,2.0,46,422
2019-04-30,8482,170000,23935500,140.5,141.5,139.5,140.0,-1.0,63,315
2019-05-02,8482,141000,19952500,141.0,142.0,141.0,141.0,1.0,41,337
2019-05-03,8482,95000,13469500,142.0,142.0,141.0,142.0,1.0,54,399
2019-05-06,8482,160000,22706000,141.5,142.5,141.5,142.0,0.0,70,377
2019-05-07,8482,73008,10382139,142.5,142.5,141.5,142.5,0.5,33,431
2019-05-08,8482,51000,7214500,141.5,141.5,141.0,141.5,-1.0,33,492
2019-05-09,8482,67008,9435608,141.0,142.0,139.5,139.5,-2.0,40,519
2019-05-10,8482,154000,21670000,140.5,141.5,139.0,140.0,0.5,64,372
2019-05-13,8482,85001,11893638,140.0,140.5,139.0,139.0,-1.0,23,483
2019-05-14,8482,141001,19378138,138.5,139.5,136.0,139.5,0.5,79,383
2019-05-15,8482,56292,7880380,140.0,140.5,139.5,140.0,0.5,36,474
2019-05-16,8482,188003,26182920,140.0,140.0,138.5,139.0,-1.0,55,313
2019-05-17,8482,108000,15020500,139.5,139.5,138.0,138.0,-1.0,50,406
2019-05-20,8482,144061,19831857,138.0,138.5,136.5,138.0,0.0,71,339
2019-05-21,8482,118000,16314000,138.0,138.5,137.5,138.5,0.5,80,376
2019-05-22,8482,198099,27695157,138.5,142.0,138.5,142.0,3.5,106,288
2019-05-23,8482,130018,17717457,137.5,137.5,135.0,136.5,0.0,109,349
2019-05-24,8482,107000,14629500,137.0,137.5,136.0,136.0,-0.5,48,353
2019-05-27,8482,191032,26177448,136.5,140.0,136.0,140.0,4.0,89,299
2019-05-28,8482,95000,13305500,140.0,140.5,139.0,140.5,0.5,57,413
2019-05-29,8482,110000,15493500,140.5,141.5,140.0,141.0,0.5,75,384
2019-05-30,8482,29282,4114480,140.5,141.0,140.0,141.0,0.0,26,543
2019-05-31,8482,145000,20523000,140.5,142.0,140.5,142.0,1.0,39,334
2019-06-03,8482,87000,12319500,142.0,142.5,141.0,142.0,0.0,51,385
2019-06-04,8482,90000,12718500,141.5,142.0,140.0,142.0,0.0,51,360
2019-06-05,8482,64000,8975000,141.5,141.5,139.5,140.0,-2.0,49,418
2019-06-06,8482,48000,6648500,140.0,140.0,137.5,137.5,-2.5,30,458
2019-06-10,8482,129000,17587000,138.0,138.0,133.0,137.0,-0.5,67,335
2019-06-11,8482,29008,3955580,138.0,138.0,135.5,135.5,-1.5,19,571
2019-06-12,8482,16000,2157500,135.5,135.5,134.5,134.5,-1.0,14,621
2019-06-13,8482,71019,9444517,135.0,135.0,132.0,133.5,-1.0,54,400
2019-06-14,8482,116020,15312169,135.0,135.0,128.0,133.0,-0.5,65,334
2019-06-17,8482,235000,32387000,133.5,140.0,133.5,137.5,4.5,101,248
2019-06-18,8482,105000,14557000,139.0,139.0,137.5,137.5,0.0,44,351
2019-06-19,8482,66000,9108000,138.0,139.0,136.0,139.0,1.5,46,479
2019-06-20,8482,41000,5650000,139.5,139.5,136.5,138.5,-0.5,28,533
2019-06-21,8482,40001,5517638,138.5,139.0,137.0,139.0,0.5,33,562
2019-06-24,8482,105000,14595500,138.5,140.0,138.0,139.5,0.5,50,389
2019-06-25,8482,117000,16209500,139.5,140.0,137.0,138.0,-1.5,50,356
2019-06-26,8482,44000,6091500,138.0,139.0,137.0,139.0,1.0,28,472
2019-06-27,8482,142000,19984000,140.0,141.5,140.0,141.5,2.5,118,343
2019-06-28,8482,133000,18951500,141.5,143.0,141.5,143.0,1.5,70,329
2019-07-01,8482,196020,28156409,143.0,144.5,143.0,144.5,1.5,120,335
2019-07-02,8482,175000,25337000,144.5,145.0,144.0,145.0,0.5,79,338
2019-07-03,8482,123000,17772000,145.0,145.0,143.5,144.0,-1.0,97,383
2019-07-04,8482,127250,18123375,144.0,144.0,142.0,142.0,-2.0,90,360
2019-07-05,8482,140000,19764000,142.0,142.5,140.0,142.5,0.5,126,348
2019-07-08,8482,135100,19181800,142.0,142.5,141.5,142.0,-0.5,80,373
2019-07-09,8482,113100,15987600,141.5,142.5,140.0,140.0,-2.0,79,405
2019-07-10,8482,92020,12816300,140.0,140.0,138.5,140.0,0.0,59,443
2019-07-11,8482,147010,20662930,140.5,142.0,139.5,142.0,2.0,76,386
2019-07-12,8482,133010,18880430,141.5,142.0,141.5,142.0,0.0,83,384
2019-07-15,8482,128050,18144125,142.0,142.5,141.0,141.5,-0.5,91,392
2019-07-16,8482,257104,36567424,141.5,143.0,141.0,142.5,1.0,111,315
2019-07-17,8482,159008,22712652,142.0,143.0,142.0,143.0,0.5,71,350
2019-07-18,8482,139000,19947500,143.0,144.5,142.5,144.5,1.5,83,352
2019-07-19,8482,160000,22975000,144.0,145.0,142.0,144.5,0.0,78,359
2019-07-22,8482,126000,18092000,144.0,144.5,142.5,142.5,-2.0,73,386
2019-07-23,8482,143008,20191132,142.0,142.5,140.0,141.5,-1.0,67,384
2019-07-24,8482,213000,30166000,141.5,143.5,140.5,143.5,2.0,92,353
2019-07-25,8482,151000,21465500,142.5,143.5,141.5,142.5,-1.0,53,382
2019-07-26,8482,148060,20944929,142.5,142.5,140.5,141.5,-1.0,52,351
2019-07-29,8482,118000,16734000,141.0,142.5,141.0,142.0,0.5,52,408
2019-07-30,8482,34021,4803961,141.5,142.0,140.5,142.0,0.0,33,580
2019-07-31,8482,117057,16588037,142.0,142.0,141.0,142.0,0.0,65,387
2019-08-01,8482,104000,14714500,141.5,142.5,140.0,142.5,0.5,61,393
2019-08-02,8482,118057,16766122,142.0,142.5,140.5,142.5,0.0,64,420
2019-08-05,8482,195016,27495256,141.5,142.0,140.0,140.0,-2.5,109,320
2019-08-06,8482,159000,22177500,140.0,141.5,138.0,141.5,1.5,76,359
2019-08-07,8482,135000,19032500,141.5,142.0,140.5,142.0,0.5,73,344
2019-08-08,8482,273000,38633000,141.5,142.0,141.0,142.0,0.0,28,247
2019-08-12,8482,257000,36359500,142.0,142.0,141.0,141.5,-0.5,98,282
2019-08-13,8482,156030,22037700,142.0,142.0,140.5,141.5,0.0,137,334
2019-08-14,8482,162000,22772000,141.5,141.5,140.0,140.5,-1.0,56,348
2019-08-15,8482,129000,17950000,139.5,140.0,138.5,139.5,-1.0,70,378
2019-08-16,8482,200052,27789124,139.5,139.5,137.5,138.0,-1.5,83,315
2019-08-19,8482,207052,28416020,138.0,138.0,136.0,136.0,-2.0,123,315
2019-08-20,8482,155073,21083391,136.0,136.5,135.0,136.5,0.5,78,352
2019-08-21,8482,223000,30095500,136.0,136.5,133.0,135.0,-1.5,85,301
2019-08-22,8482,169000,22700000,135.0,135.5,132.5,133.0,-2.0,92,337
2019-08-23,8482,263000,34038000,133.0,133.0,127.5,130.0,-3.0,72,279
2019-08-26,8482,244000,31324000,129.5,130.5,126.5,129.5,-0.5,100,290
2019-08-27,8482,203400,25888899,130.0,130.0,123.5,129.5,0.0,111,316
2019-08-28,8482,188016,24145032,130.5,130.5,126.5,127.0,-2.5,66,316
2019-08-29,8482,150000,19260500,127.5,130.0,126.5,128.5,1.5,91,329
2019-08-30,8482,85000,10975000,129.5,129.5,128.5,128.5,0.0,33,437
2019-09-02,8482,131000,16850000,129.0,129.0,128.0,129.0,0.5,36,377
2019-09-03,8482,120000,15518000,129.5,130.0,127.5,128.0,-1.0,59,390
2019-09-04,8482,119040,15110620,128.0,128.5,126.0,128.0,0.0,94,397
2019-09-05,8482,34034,4348801,128.0,128.5,126.5,126.5,-1.5,29,578
2019-09-06,8482,453050,60524800,127.5,138.5,127.5,137.5,11.0,225,227
2019-09-09,8482,298000,41277500,138.0,140.5,135.0,135.0,-2.5,176,267
2019-09-10,8482,116010,15684835,135.5,136.0,133.5,134.5,-0.5,48,388
2019-09-11,8482,130030,17424475,135.5,135.5,132.0,133.0,-1.5,47,388
2019-09-12,8482,63100,8401800,133.0,134.5,132.0,133.5,0.5,29,471
2019-09-16,8482,59000,7965000,134.0,136.0,133.5,134.5,1.0,38,470
2019-09-17,8482,11000,1473500,134.0,134.5,133.0,134.5,0.0,9,689
2019-09-18,8482,56000,7537500,134.5,135.0,134.5,135.0,0.5,32,508
2019-09-19,8482,59000,7982000,136.0,136.0,133.5,133.5,-1.5,18,459
2019-09-20,8482,87030,11616975,133.5,133.5,133.0,133.5,0.0,44,433
2019-09-23,8482,28291,3774912,133.5,133.5,133.0,133.0,-0.5,8,595
2019-09-24,8482,73030,9633460,133.5,133.5,130.0,131.0,-2.0,38,444
2019-09-25,8482,39000,5106000,131.5,132.0,130.0,132.0,1.0,16,547
2019-09-26,8482,41000,5399500,132.0,132.0,130.5,130.5,-1.5,15,537
2019-09-27,8482,51000,6585500,130.5,130.5,128.0,130.0,-0.5,39,546
2019-10-01,8482,54000,7017500,130.0,130.5,129.0,130.0,0.0,36,480
2019-10-02,8482,48000,6271500,130.5,131.0,130.5,130.5,0.5,19,460
2019-10-03,8482,34000,4434500,130.5,130.5,129.5,129.5,-1.0,22,519
2019-10-04,8482,51000,6629000,130.0,131.0,129.0,129.0,-0.5,17,479
2019-10-07,8482,87020,11318140,129.5,131.0,129.5,131.0,2.0,45,394
2019-10-08,8482,92000,12017500,130.5,131.0,130.0,130.0,-1.0,28,408
2019-10-09,8482,31000,3986000,130.0,130.0,128.0,128.5,-1.5,15,565
2019-10-14,8482,67000,8666500,129.0,130.0,129.0,129.5,1.0,23,515
2019-10-15,8482,122000,15962000,130.0,131.5,130.0,130.5,1.0,45,394
2019-10-16,8482,161000,21046500,131.0,131.5,129.0,130.5,0.0,74,375
2019-10-17,8482,70195,9093947,130.0,130.0,129.5,129.5,-1.0,45,466
2019-10-18,8482,54000,6989000,129.0,130.0,129.0,129.5,0.0,29,515
2019-10-21,8482,153000,19829000,130.0,130.0,129.5,129.5,0.0,53,383
2019-10-22,8482,197048,25403716,129.5,130.0,128.5,128.5,-1.0,69,327
2019-10-23,8482,199000,25558000,128.5,128.5,127.5,128.5,0.0,54,336
2019-10-24,8482,51000,6548500,128.5,129.0,127.5,129.0,0.5,36,506
2019-10-25,8482,32000,4130500,129.0,129.5,128.5,129.5,0.5,29,555
2019-10-28,8482,33000,4272500,129.0,130.0,129.0,130.0,0.5,25,567
2019-10-29,8482,26000,3379000,130.0,130.0,129.5,130.0,0.0,24,608
2019-10-30,8482,40000,5191500,130.0,130.0,129.0,130.0,0.0,26,527
2019-10-31,8482,34000,4417500,130.0,130.0,129.5,130.0,0.0,24,554
2019-11-01,8482,31000,4024500,130.0,130.5,129.5,130.0,0.0,24,557
2019-11-04,8482,30001,3897129,130.0,130.0,129.5,130.0,0.0,24,605
2019-11-05,8482,30020,3903080,130.0,130.5,129.5,130.0,0.0,29,594
2019-11-06,8482,45000,5831500,130.0,130.0,129.0,129.5,-0.5,30,541
2019-11-07,8482,150103,20275405,129.5,138.5,129.5,136.0,6.5,104,352
2019-11-08,8482,219001,30238137,136.0,139.0,136.0,138.5,2.5,74,297
2019-11-11,8482,99040,13842540,139.5,140.5,139.0,139.5,1.0,64,458
2019-11-12,8482,118009,16492255,140.0,141.0,138.5,138.5,-1.0,81,378
2019-11-13,8482,165000,22802500,137.0,140.0,136.5,138.5,0.0,70,332
2019-11-14,8482,104000,14494000,139.5,140.0,138.5,138.5,0.0,48,419
2019-11-15,8482,92000,12822000,140.0,140.0,139.0,139.5,1.0,73,430
2019-11-18,8482,100366,14011923,140.0,140.0,139.0,139.5,0.0,66,409
2019-11-19,8482,77009,10771760,139.5,140.5,139.5,140.0,0.5,50,432
2019-11-20,8482,73000,10187500,140.0,140.0,138.5,140.0,0.0,60,450
2019-11-21,8482,49000,6834500,140.0,140.0,138.5,139.5,-0.5,39,500
2019-11-22,8482,36700,5118100,139.5,139.5,139.0,139.5,0.0,26,520
2019-11-25,8482,41000,5708500,139.0,139.5,138.5,138.5,-1.0,33,537
2019-11-26,8482,64000,8903500,139.5,139.5,138.5,138.5,0.0,32,493
2019-11-27,8482,112000,15515500,138.5,139.0,138.0,139.0,0.5,43,391
2019-11-28,8482,88000,12244000,139.0,139.5,138.5,139.5,0.5,29,407
2019-11-29,8482,113000,15724500,139.5,139.5,138.0,139.0,-0.5,48,397
2019-12-02,8482,88000,12249000,139.5,139.5,138.5,139.0,0.0,35,419
2019-12-03,8482,82000,11382000,139.0,139.0,138.5,138.5,-0.5,28,404
2019-12-04,8482,60010,8270370,138.0,138.5,137.0,138.5,0.0,27,460
2019-12-05,8482,69000,9599500,139.0,139.5,138.5,139.5,1.0,23,439
2019-12-06,8482,89000,12421500,139.5,140.0,139.5,139.5,0.0,30,403
2019-12-09,8482,88014,12284974,139.5,140.0,139.5,140.0,0.5,27,413
2019-12-10,8482,110000,15346500,139.5,140.0,138.5,140.0,0.0,39,391
2019-12-11,8482,95000,13218000,139.0,139.5,138.5,138.5,-1.5,54,436
2019-12-12,8482,122195,16919715,138.5,139.0,138.0,138.0,-0.5,41,410
2019-12-13,8482,106000,14632000,138.5,138.5,137.0,137.0,-1.0,32,443
2019-12-16,8482,100000,13715500,137.0,137.5,137.0,137.5,0.5,31,427
2019-12-17,8482,111000,15272500,137.5,138.0,137.0,138.0,0.5,40,437
2019-12-18,8482,127000,17490500,138.0,138.0,137.5,138.0,0.0,48,409
2019-12-19,8482,20000,2758000,138.0,138.0,137.5,138.0,0.0,9,668
2019-12-20,8482,48000,6612500,138.0,138.0,137.5,138.0,0.0,24,527
2019-12-23,8482,25000,3432000,137.5,138.0,137.0,137.0,-1.0,15,629
2019-12-24,8482,17000,2322500,137.0,137.0,136.0,137.0,0.0,10,661
2019-12-25,8482,26000,3560000,137.0,137.5,136.5,136.5,-0.5,12,614
2019-12-26,8482,31000,4201000,136.5,136.5,135.0,135.5,-1.0,17,579
2019-12-27,8482,25000,3351000,135.0,135.0,133.5,133.5,-2.0,18,635
2019-12-30,8482,19000,2527000,133.5,133.5,132.5,132.5,-1.0,10,699
2019-12-31,8482,198000,27144500,132.5,141.5,132.5,139.0,6.5,82,319
2020-01-02,8482,92000,12783500,139.0,139.5,138.0,139.0,0.0,45,441
2020-01-03,8482,112110,15574180,139.0,139.5,138.5,139.0,0.0,54,462
2020-01-06,8482,116000,15992000,139.0,139.0,137.0,137.0,-2.0,55,414
2020-01-07,8482,111014,15328446,137.0,138.5,137.0,138.0,1.0,46,425
2020-01-08,8482,182000,25255000,138.5,139.5,138.0,139.0,1.0,70,346
2020-01-09,8482,468010,67248440,139.5,151.0,139.0,144.0,5.0,212,208
2020-01-10,8482,172015,24991167,147.5,147.5,144.0,144.5,0.5,82,322
2020-01-13,8482,117000,17007500,145.0,146.5,144.5,145.0,0.5,71,385
2020-01-14,8482,202040,29321260,145.0,145.5,144.0,145.0,0.0,85,317
2020-01-15,8482,240025,35207175,145.0,148.5,145.0,147.5,2.5,120,275
2020-01-16,8482,237010,35133985,147.5,149.0,147.5,149.0,1.5,128,286
2020-01-17,8482,268098,40325298,149.0,151.5,149.0,151.5,2.5,176,270
2020-01-20,8482,244000,37132000,151.5,152.5,151.5,152.5,1.0,165,290
2020-01-30,8482,290040,43605000,152.0,152.0,149.0,151.0,-1.5,158,402
2020-01-31,8482,304000,46097500,151.0,152.5,150.5,152.0,1.0,191,313
2020-02-03,8482,326107,49493978,152.0,152.5,151.0,152.5,0.5,161,315
2020-02-04,8482,335011,50283150,152.0,152.5,147.5,149.0,-3.5,131,270
2020-02-05,8482,158000,23451000,149.0,149.0,147.5,148.0,-1.0,83,354
2020-02-06,8482,143012,21269282,148.0,149.5,148.0,149.0,1.0,84,369
2020-02-07,8482,187020,27749480,149.0,149.0,148.0,148.5,-0.5,83,332
2020-02-10,8482,61001,9047649,148.0,149.0,148.0,148.0,-0.5,34,495
2020-02-11,8482,110000,16341000,147.5,150.0,147.5,150.0,2.0,65,368
2020-02-12,8482,71000,10643500,149.5,150.0,149.5,149.5,-0.5,53,440
2020-02-13,8482,93000,13974000,149.0,151.0,149.0,150.0,0.5,59,414
2020-02-14,8482,117000,17538500,150.0,150.5,149.5,149.5,-0.5,74,346
2020-02-17,8482,199000,29741000,149.5,150.0,149.0,149.0,-0.5,111,298
2020-02-18,8482,263000,39406000,149.0,151.0,149.0,151.0,2.0,161,256
2020-02-19,8482,126100,18998450,151.0,151.0,150.0,150.5,-0.5,77,363
2020-02-20,8482,110000,16482500,150.0,150.5,149.0,149.0,-1.5,79,370
2020-02-21,8482,165000,24698000,148.5,150.5,148.5,150.0,1.0,112,324
2020-02-24,8482,92020,13815480,150.0,150.5,149.5,150.5,0.5,73,430
2020-02-25,8482,104057,15551879,150.5,150.5,148.0,148.0,-2.5,80,395
2020-02-26,8482,95099,13951855,148.0,148.0,146.0,146.0,-2.0,75,386
2020-02-27,8482,133000,19516500,145.5,148.0,145.5,146.5,0.5,62,424
2020-03-02,8482,244035,35944627,146.0,149.0,146.0,146.0,-0.5,116,336
2020-03-03,8482,176049,25732556,146.0,147.0,145.0,145.5,-0.5,97,329
2020-03-04,8482,124000,18046500,145.5,146.0,145.0,145.5,0.0,74,360
2020-03-05,8482,150000,21884000,145.0,146.5,145.0,146.0,0.5,73,338
2020-03-06,8482,163000,23799500,146.0,146.5,145.0,145.0,-1.0,73,340
2020-03-09,8482,168013,24267865,145.0,145.5,142.5,143.0,-2.0,116,441
2020-03-10,8482,252025,35922025,142.5,143.5,140.5,140.5,-2.5,140,358
2020-03-11,8482,161017,22493880,140.5,140.5,139.0,139.0,-1.5,120,369
2020-03-12,8482,223009,30541219,139.0,139.0,135.0,135.0,-4.0,120,449
2020-03-13,8482,263001,34170128,135.0,135.0,126.5,127.5,-7.5,151,453
2020-03-16,8482,163000,20655500,127.5,129.5,124.5,124.5,-3.0,81,440
2020-03-17,8482,160086,19596406,124.0,124.5,119.5,120.0,-4.5,73,455
2020-03-18,8482,103025,11977887,120.0,120.0,110.5,114.5,-5.5,81,529
2020-03-19,8482,82017,8654276,112.0,112.0,103.5,103.5,-11.0,58,666
2020-03-20,8482,32010,3367555,103.0,107.0,103.0,105.5,2.0,30,718
2020-03-23,8482,16000,1665000,105.0,105.5,103.5,104.0,-1.5,14,736
2020-03-24,8482,36001,3747605,104.0,105.0,103.0,105.0,1.0,24,656
2020-03-25,8482,139080,15132320,105.5,115.5,103.0,103.5,-1.5,113,467
2020-03-26,8482,19000,1920300,103.5,103.5,99.8,101.5,-2.0,18,721
2020-03-27,8482,21150,2183800,102.0,104.5,102.0,102.0,0.5,21,729
2020-03-30,8482,47010,4850525,103.0,106.0,101.5,101.5,-0.5,45,558
2020-03-31,8482,54000,5406300,102.0,102.0,99.0,99.8,-1.7,50,560
2020-04-01,8482,33145,3288600,99.1,100.0,98.8,99.1,-0.7,26,586
2020-04-06,8482,14000,1393500,102.0,102.0,98.7,100.0,0.9,14,726
2020-04-07,8482,74031,7388390,99.6,100.0,99.5,100.0,0.0,56,557
2020-04-08,8482,51054,5084293,100.0,100.0,99.1,100.0,0.0,46,617
2020-04-09,8482,67000,6744600,100.5,104.0,99.9,99.9,-0.1,60,581
2020-04-10,8482,24000,2400300,100.0,100.5,99.2,99.7,-0.2,21,689
2020-04-13,8482,52000,5156500,100.0,101.0,98.7,98.9,-0.8,48,586
2020-04-14,8482,9007,896003,99.0,100.0,98.9,99.6,0.7,9,828
2020-04-15,8482,192021,20489299,100.5,109.5,100.5,109.5,9.9,165,434
2020-04-16,8482,216061,23286905,112.0,112.5,104.0,104.0,-5.5,197,367
2020-04-17,8482,121000,12741500,106.5,107.5,102.0,102.0,-2.0,111,522
2020-04-20,8482,58000,5856500,102.0,102.0,100.0,100.0,-2.0,57,535
2020-04-21,8482,112000,11074800,100.0,100.0,97.3,97.3,-2.7,104,549
2020-04-22,8482,49001,4728501,96.3,97.2,96.0,96.3,-1.0,46,587
2020-04-23,8482,59000,5711600,97.0,99.0,96.1,96.2,-0.1,49,541
2020-04-24,8482,39001,3717698,96.1,96.1,95.0,95.0,-1.2,38,563
2020-04-27,8482,95000,9416900,95.5,101.5,95.5,100.5,5.5,93,541
2020-04-28,8482,96000,9845000,102.0,104.0,101.0,102.0,1.5,89,509
2020-04-29,8482,75000,7641500,102.5,103.5,101.0,101.0,-1.0,75,604
2020-04-30,8482,77035,7856552,102.5,104.5,101.0,101.5,0.5,66,625
2020-05-04,8482,59000,5910400,100.5,102.0,99.2,99.2,-2.3,54,622
2020-05-05,8482,38001,3783399,99.6,100.0,99.2,99.2,0.0,36,639
2020-05-06,8482,43000,4224500,99.5,99.5,97.2,97.2,-2.0,42,642
2020-05-07,8482,79021,7786662,97.5,99.8,97.5,99.1,1.9,58,572
2020-05-08,8482,61000,6092300,100.5,102.0,98.1,98.1,-1.0,47,618
2020-05-11,8482,68012,6738089,99.3,100.0,98.3,98.3,0.2,27,622
2020-05-12,8482,107000,10471700,98.4,99.2,96.0,96.2,-2.1,61,536
2020-05-13,8482,98000,9507100,96.0,98.7,96.0,96.2,0.0,51,512
2020-05-14,8482,66000,6264200,97.0,97.0,93.4,93.5,-2.7,61,617
2020-05-15,8482,75000,7048000,95.0,95.4,92.5,93.4,-0.1,70,594
2020-05-18,8482,244011,24266027,93.5,101.5,93.5,100.0,6.6,205,357
2020-05-19,8482,173122,17897066,101.5,105.0,101.5,104.0,4.0,137,425
2020-05-20,8482,233000,24372500,105.0,105.5,104.0,104.0,0.0,138,365
2020-05-21,8482,531000,57240500,105.0,111.0,105.0,108.5,4.5,226,288
2020-05-22,8482,252060,27340600,109.5,110.0,107.5,108.0,-0.5,134,376
2020-05-25,8482,75000,7982000,107.0,107.5,105.5,106.5,-1.5,46,520
2020-05-26,8482,37019,3974533,108.5,108.5,107.0,107.0,0.5,38,665
2020-05-27,8482,36000,3845000,107.5,107.5,106.5,107.0,0.0,30,673
2020-05-28,8482,98000,10519500,107.5,108.5,106.0,106.0,-1.0,53,547
2020-05-29,8482,192000,21167000,107.0,111.5,107.0,110.0,4.0,144,398
2020-06-01,8482,50000,5552500,110.0,112.5,109.0,109.0,-1.0,40,613
2020-06-02,8482,39013,4282956,108.5,111.0,108.5,109.5,0.5,31,625
2020-06-03,8482,26000,2869500,111.5,111.5,109.5,109.5,0.0,25,723
2020-06-04,8482,35024,3829236,109.5,111.0,109.0,111.0,1.5,26,685
2020-06-05,8482,16000,1772000,111.5,111.5,110.0,110.5,-0.5,11,780
2020-06-08,8482,25015,2799150,111.5,112.5,111.0,111.5,1.0,25,760
2020-06-09,8482,28056,3149355,112.0,113.0,111.5,111.5,0.0,24,729
2020-06-10,8482,36011,3991226,111.5,112.0,110.0,111.5,0.0,31,700
2020-06-11,8482,84056,9505355,112.0,115.0,112.0,113.0,1.5,76,629
2020-06-12,8482,133000,14631000,111.5,111.5,108.5,108.5,0.0,93,515
2020-06-15,8482,29000,3104000,108.5,109.0,106.0,107.0,-1.5,19,692
2020-06-16,8482,2023,218018,108.5,108.5,107.0,107.0,0.0,5,903
2020-06-17,8482,12000,1268500,106.0,106.0,105.5,105.5,-1.5,8,802
2020-06-18,8482,12000,1260000,105.5,105.5,104.5,104.5,-1.0,9,805
2020-06-19,8482,16072,1651772,104.5,104.5,102.0,102.0,-2.5,19,798
2020-06-22,8482,21049,2139949,102.0,103.5,100.5,101.0,-1.0,20,775
2020-06-23,8482,3000,305500,101.5,102.0,101.5,102.0,1.0,3,885
2020-06-24,8482,14000,1471000,103.5,106.5,103.5,104.5,2.5,14,775
2020-06-29,8482,10072,1059596,105.5,106.0,104.5,104.5,0.0,12,822
2020-06-30,8482,9049,963694,106.0,107.0,105.5,107.0,2.5,10,810
2020-07-01,8482,10000,1076000,107.5,108.5,107.0,107.0,0.0,10,813
2020-07-02,8482,20000,2141500,107.5,108.5,106.0,106.0,-1.0,17,760
2020-07-03,8482,11000,1163000,106.5,106.5,104.0,106.0,0.0,9,837
2020-07-06,8482,20000,2112000,106.0,106.5,103.5,103.5,-2.5,20,834
2020-07-07,8482,8020,828040,103.5,104.5,102.5,103.5,0.0,9,868
2020-07-08,8482,3000,313500,104.5,104.5,104.5,104.5,1.0,3,898
2020-07-09,8482,0,0,0.0,0.0,0.0,0.0,0.0,0,927
2020-07-10,8482,17018,1746818,104.5,105.0,100.0,100.0,0.0,17,824
2020-07-13,8482,5000,515000,103.0,103.0,103.0,103.0,3.0,5,886
2020-07-14,8482,23000,2306900,101.0,101.5,99.5,100.0,-3.0,21,777
2020-07-15,8482,22000,2218700,99.4,102.0,99.4,102.0,2.0,16,778
2020-07-16,8482,28000,2875500,102.5,104.0,100.5,102.5,0.5,9,729
2020-07-17,8482,35000,3564000,102.0,102.0,100.0,100.0,-2.5,8,729
2020-07-20,8482,12000,1208000,100.5,101.5,100.5,101.5,1.5,3,801
2020-07-21,8482,12000,1247000,103.0,104.5,103.0,104.5,3.0,12,830
2020-07-22,8482,5000,519500,103.5,104.0,103.5,104.0,-0.5,5,867
2020-07-23,8482,3000,312000,104.0,104.0,104.0,104.0,0.0,2,884
2020-07-24,8482,30000,3014900,101.0,103.0,99.5,100.0,-4.0,29,750
2020-07-27,8482,277025,29835250,100.0,110.0,100.0,110.0,10.0,158,418
2020-07-28,8482,255063,28712398,112.5,116.0,110.0,110.0,0.0,143,434
2020-07-29,8482,35009,3865499,110.0,112.0,109.0,111.5,1.5,33,651
2020-07-30,8482,95009,10608999,111.5,112.0,111.5,111.5,0.0,48,497
2020-07-31,8482,95000,10601000,111.5,112.0,111.0,112.0,0.5,46,482
2020-08-03,8482,115000,12843000,112.5,112.5,110.0,111.5,-0.5,55,487
2020-08-04,8482,86000,9617500,111.5,112.5,110.5,110.5,-1.0,37,512
2020-08-05,8482,62000,6963500,111.5,114.5,111.0,113.5,3.0,49,570
2020-08-06,8482,49000,5588000,113.5,114.5,112.0,112.0,-1.5,17,625
2020-08-07,8482,70000,7769000,111.0,112.0,109.5,110.0,-2.0,30,556
2020-08-10,8482,153072,16809776,111.0,111.5,108.0,108.5,-1.5,37,493
2020-08-11,8482,90000,9830500,109.0,110.0,108.0,109.0,0.5,9,556
2020-08-12,8482,99000,10742500,110.0,110.0,106.5,108.0,-1.0,28,515
2020-08-13,8482,150000,16055500,107.0,108.0,106.5,107.0,-1.0,15,482
2020-08-14,8482,44000,4797500,109.0,109.5,107.0,108.5,1.5,10,646
2020-08-17,8482,73021,7930789,108.0,110.5,108.0,110.5,2.0,11,622
2020-08-18,8482,68000,7365000,110.0,110.0,108.0,108.0,-2.5,8,604
2020-08-19,8482,94000,10241500,108.0,111.5,108.0,111.5,3.5,19,590
2020-08-20,8482,109000,12083500,111.5,112.5,109.0,110.0,-1.5,34,632
2020-08-21,8482,49000,5350500,109.0,110.0,109.0,110.0,0.0,3,637
2020-08-24,8482,99000,10972500,110.0,112.0,109.0,110.5,0.5,20,532
2020-08-25,8482,88000,9653000,109.0,110.5,109.0,110.5,0.0,9,555
2020-08-26,8482,92000,10088000,109.5,110.0,109.5,110.0,-0.5,8,548
2020-08-27,8482,85000,9433000,112.0,112.0,109.0,109.0,-1.0,25,566
2020-08-28,8482,107000,11603000,108.0,109.0,108.0,109.0,0.0,11,524
2020-08-31,8482,98000,10648500,108.5,109.5,108.0,108.0,-1.0,17,568
2020-09-01,8482,171000,18609500,107.5,111.5,107.5,111.5,3.5,58,494
2020-09-02,8482,142000,15717000,111.5,112.0,110.0,110.5,-1.0,32,514
2020-09-03,8482,106000,11791500,110.5,112.5,110.5,111.5,1.0,21,567
2020-09-04,8482,130000,14469500,111.5,112.0,109.5,112.0,0.5,32,536
2020-09-07,8482,144000,16095000,111.5,112.0,111.0,111.0,-1.0,19,542
2020-09-08,8482,96100,10607500,111.0,111.0,110.0,111.0,0.0,20,570
2020-09-09,8482,113000,12440000,109.0,112.0,109.0,112.0,1.0,43,538
2020-09-10,8482,104250,11774500,113.0,114.5,112.0,113.0,1.0,48,558
2020-09-11,8482,99010,11192650,112.5,114.5,112.5,114.5,1.5,42,580
2020-09-14,8482,95000,10817000,114.5,114.5,113.5,114.5,0.0,21,540
2020-09-15,8482,87000,9893500,113.5,114.5,113.5,114.5,0.0,31,530
2020-09-16,8482,106090,12098440,113.5,115.0,110.5,115.0,0.5,37,526
2020-09-17,8482,128000,14674000,115.0,116.0,114.0,115.0,0.0,43,489
2020-09-18,8482,126000,14378500,114.0,115.0,113.0,115.0,0.0,54,539
2020-09-21,8482,131000,14971000,114.5,115.0,113.5,115.0,0.0,64,541
2020-09-22,8482,88010,9995610,113.5,114.5,112.5,112.5,-2.5,24,577
2020-09-23,8482,94000,10514000,112.0,112.5,111.0,112.0,-0.5,17,582
2020-09-24,8482,128000,13941500,109.5,111.5,106.0,106.0,-6.0,44,594
2020-09-25,8482,111340,11814860,105.5,108.0,102.5,105.0,-1.0,34,575
2020-09-28,8482,86000,8908500,103.0,105.0,103.0,105.0,0.0,26,506
2020-09-29,8482,87000,9118000,105.0,105.5,104.0,105.5,0.5,20,491
2020-09-30,8482,129000,13456000,104.5,105.5,104.0,105.5,0.0,22,397
2020-10-05,8482,109000,11392500,104.0,105.5,104.0,105.5,0.0,17,460
2020-10-06,8482,137050,14516300,105.5,106.5,105.5,106.5,1.0,38,460
2020-10-07,8482,118001,12547107,106.5,107.0,105.0,107.0,0.5,28,456
2020-10-08,8482,134000,14224000,106.0,107.0,105.5,107.0,0.0,22,458
2020-10-12,8482,157000,16785500,105.5,109.5,105.5,109.5,2.5,44,448
2020-10-13,8482,102103,10993727,109.0,109.0,106.5,109.0,-0.5,23,493
2020-10-14,8482,133000,14202500,106.5,107.5,106.0,107.0,-2.0,34,489
2020-10-15,8482,109000,11393500,105.0,105.0,103.5,105.0,-2.0,34,501
2020-10-16,8482,110000,11367500,104.5,104.5,102.0,102.0,-3.0,37,508
2020-10-19,8482,91011,9241182,101.5,107.5,100.5,107.5,5.5,33,535
2020-10-20,8482,93010,9781545,104.0,107.0,102.0,103.5,-4.0,33,491
2020-10-21,8482,67000,6853000,102.5,103.0,101.5,103.0,-0.5,34,564
2020-10-22,8482,83000,8518000,102.0,103.5,101.5,101.5,-1.5,20,547
2020-10-23,8482,88030,9046090,103.0,104.0,101.5,102.5,1.0,20,522
2020-10-26,8482,89000,9079500,101.5,103.0,101.0,101.0,-1.5,26,527
2020-10-27,8482,99000,10031000,101.0,102.0,100.5,101.0,0.0,23,513
2020-10-28,8482,100001,10054800,100.5,103.5,99.9,103.5,2.5,31,518
2020-10-29,8482,177020,17835597,100.0,102.5,99.7,99.7,-3.8,57,435
2020-10-30,8482,117020,11665292,99.7,99.9,99.0,99.0,-0.7,28,496
2020-11-02,8482,65000,6569000,98.8,101.5,98.8,100.0,1.0,15,556
2020-11-03,8482,106000,10764000,101.5,102.0,100.0,100.0,0.0,19,488
2020-11-04,8482,109000,10877000,99.5,100.0,99.4,100.0,0.0,19,482
2020-11-05,8482,149000,14957000,99.7,101.5,99.7,100.0,0.0,24,429
2020-11-06,8482,131000,13096100,100.0,100.5,99.4,100.5,0.5,30,458
2020-11-09,8482,152000,15309700,99.5,103.0,99.5,100.5,0.0,19,495
2020-11-10,8482,70022,7150233,102.0,102.5,101.5,101.5,1.0,11,625
2020-11-11,8482,133000,13626000,102.0,105.0,101.5,103.5,2.0,20,554
2020-11-12,8482,176000,18108500,103.5,103.5,102.5,102.5,-1.0,29,501
2020-11-13,8482,165000,16689500,100.0,102.5,100.0,102.5,0.0,24,465
2020-11-16,8482,87000,8902500,101.5,103.5,101.5,103.0,0.5,30,598
2020-11-17,8482,119000,12172500,102.0,105.0,101.5,104.5,1.5,35,547
2020-11-18,8482,124100,12851800,103.5,104.0,103.0,103.0,-1.5,22,533
2020-11-19,8482,101000,10431500,102.5,104.0,102.5,103.5,0.5,26,565
2020-11-20,8482,123000,12617500,102.5,104.0,102.0,103.5,0.0,37,530
2020-11-23,8482,130000,13602000,104.5,106.5,103.0,105.5,2.0,53,557
2020-11-24,8482,139000,14436000,106.0,106.0,103.0,103.0,-2.5,25,541
2020-11-25,8482,159001,16470102,105.0,105.0,102.5,103.5,0.5,41,538
2020-11-26,8482,199011,20753671,103.0,107.0,102.5,106.5,3.0,53,492
2020-11-27,8482,68085,7340637,106.5,109.5,106.0,107.5,1.0,17,651
2020-11-30,8482,122000,12856000,105.5,106.0,104.5,104.5,-3.0,27,630
2020-12-01,8482,146000,15342000,104.5,107.0,104.5,105.5,1.0,24,566
2020-12-02,8482,173000,18193500,105.0,106.5,104.5,104.5,-1.0,43,560
2020-12-03,8482,139000,14370500,103.5,104.0,103.0,103.0,-1.5,45,561
2020-12-04,8482,171000,17565500,102.5,104.5,102.0,104.0,1.0,50,543
2020-12-07,8482,121000,12483000,103.5,104.5,101.5,101.5,-2.5,25,610
2020-12-08,8482,108011,10872095,101.0,101.0,100.0,100.5,-1.0,33,608
2020-12-09,8482,164011,16398600,100.0,100.5,99.5,99.6,-0.9,51,572
2020-12-10,8482,83000,8238900,99.6,99.6,99.0,99.1,-0.5,29,663
2020-12-11,8482,98000,9811700,100.0,100.5,99.3,99.5,0.4,13,646
2020-12-14,8482,151000,15091100,101.0,101.0,99.1,99.4,-0.1,34,531
2020-12-15,8482,145000,14357500,99.7,99.8,95.6,95.6,-3.8,42,558
2020-12-16,8482,135100,13059080,95.6,98.6,95.5,98.6,3.0,50,575
2020-12-17,8482,85000,8503800,99.9,100.5,99.5,100.0,1.4,16,598
2020-12-18,8482,175010,17476461,100.5,101.5,98.3,98.6,-1.4,25,525
2020-12-21,8482,103000,10891500,105.0,108.0,103.0,105.5,6.9,61,617
2020-12-22,8482,35009,3695445,105.5,107.0,103.0,106.0,0.5,16,759
2020-12-23,8482,104000,10990000,105.0,107.5,102.0,103.0,-3.0,29,578
2020-12-24,8482,72001,7547598,105.5,106.0,102.5,103.0,0.0,13,635
2020-12-25,8482,85000,8788500,103.0,105.0,102.5,103.0,0.0,19,615
2020-12-28,8482,122000,12650000,105.0,105.0,102.5,105.0,2.0,33,606
2020-12-29,8482,109000,11326500,103.5,105.5,103.0,105.0,0.0,25,620
2020-12-30,8482,117000,12241000,104.0,105.5,103.5,105.5,0.5,33,616
2020-12-31,8482,105000,11045500,105.0,106.0,104.5,104.5,-1.0,16,624
2021-01-04,8482,127000,13234500,104.0,105.0,103.0,103.5,-1.0,30,626
2021-01-05,8482,119000,12307500,103.5,104.0,101.0,102.0,-1.5,24,614
2021-01-06,8482,115000,11612000,102.5,102.5,100.0,100.0,-2.0,21,672
2021-01-07,8482,110000,11033000,100.0,100.5,99.1,100.0,0.0,11,614
2021-01-08,8482,137000,13655200,99.1,100.5,99.1,100.5,0.5,19,598
2021-01-11,8482,151000,15246000,101.0,102.5,100.5,102.0,1.5,22,587
2021-01-12,8482,105000,10617100,101.0,102.5,99.0,99.0,-3.0,22,660
2021-01-13,8482,112000,11105900,99.0,100.0,98.6,99.0,0.0,42,618
2021-01-14,8482,107000,10691900,99.7,101.0,98.5,99.4,0.4,22,589
2021-01-15,8482,142001,13835798,99.4,99.8,95.2,98.4,-1.0,68,612
2021-01-18,8482,126014,12250325,98.8,98.8,94.4,94.4,-4.0,53,590
2021-01-19,8482,83197,7875313,96.0,97.0,94.2,94.9,0.5,25,616
2021-01-20,8482,77042,7085134,94.7,96.0,90.4,90.4,-4.5,47,743
2021-01-21,8482,137000,12218900,88.9,93.5,87.7,91.5,1.1,82,581
2021-01-22,8482,126011,11331786,91.5,93.5,88.2,88.9,-2.6,42,573
2021-01-25,8482,24014,2142441,91.4,91.5,88.0,88.7,-0.2,23,769
2021-01-26,8482,52020,4565144,88.7,88.7,87.0,87.2,-1.5,46,678
2021-01-27,8482,61052,5234045,87.7,88.1,84.8,84.9,-2.3,58,623
2021-01-28,8482,35038,2901422,83.0,84.2,81.8,81.9,-3.0,37,737
2021-01-29,8482,97016,7689700,81.5,81.6,77.6,78.8,-3.1,86,645
2021-02-01,8482,28001,2231277,80.0,81.0,78.3,79.1,0.3,27,749
2021-02-02,8482,32000,2562400,79.2,80.9,79.2,80.9,1.8,28,750
2021-02-03,8482,72000,5786900,80.7,81.0,80.0,80.7,-0.2,18,588
2021-02-04,8482,60010,4740581,78.1,80.7,78.1,80.4,-0.3,27,633
2021-02-05,8482,70010,5724524,81.0,83.5,81.0,82.6,2.2,19,638
2021-02-17,8482,73000,6159300,86.6,86.6,83.0,83.7,1.1,36,700
2021-02-18,8482,95000,7782400,81.8,84.0,81.3,81.3,-2.4,46,664
2021-02-19,8482,55000,4437200,81.0,81.5,80.3,81.3,0.0,20,716
2021-02-22,8482,114100,9283520,81.4,81.6,81.0,81.3,0.0,48,673
2021-02-23,8482,112000,9198300,81.0,84.6,81.0,84.1,2.8,63,692
2021-02-24,8482,127000,10642600,85.4,85.4,83.0,84.0,-0.1,52,658
2021-02-25,8482,129000,10844500,84.8,84.8,83.5,84.2,0.2,34,626
2021-02-26,8482,169100,13652660,83.3,83.3,79.5,79.9,-4.3,96,597
2021-03-02,8482,84000,6808400,80.7,82.0,80.7,81.6,1.7,39,681
2021-03-03,8482,135000,11085700,83.6,84.4,80.5,80.8,-0.8,62,616
2021-03-04,8482,147018,11856158,80.7,81.4,80.2,80.3,-0.5,65,597
2021-03-05,8482,79040,6300232,79.3,80.4,79.3,80.0,-0.3,23,657
2021-03-08,8482,141089,11288332,80.2,80.2,79.5,79.8,-0.2,53,601
2021-03-09,8482,109000,8684700,79.4,81.0,79.3,79.5,-0.3,29,656
2021-03-10,8482,143000,11453900,80.9,80.9,79.5,79.5,0.0,47,597
2021-03-11,8482,189000,15289700,84.1,84.1,80.0,81.1,1.6,111,589
2021-03-12,8482,388001,32839889,82.0,89.2,81.8,89.2,8.1,239,443
2021-03-15,8482,322382,29564025,94.8,94.8,89.9,90.3,1.1,248,486
2021-03-16,8482,174382,15430941,90.1,90.2,87.0,88.5,-1.8,102,588
2021-03-17,8482,155346,13706095,88.5,89.5,87.1,87.2,-1.3,74,608
2021-03-18,8482,217060,19131037,87.3,89.2,87.3,89.0,1.8,59,564
2021-03-19,8482,76133,6581962,87.3,87.5,85.5,85.8,-3.2,74,735
2021-03-22,8482,195000,16369500,85.8,85.8,83.5,83.6,-2.2,103,622
2021-03-23,8482,240089,19531346,83.5,83.5,80.0,80.3,-3.3,143,587
2021-03-24,8482,230000,18410600,80.0,80.8,79.2,80.8,0.5,98,562
2021-03-25,8482,122000,9835600,80.8,81.8,80.1,80.4,-0.4,65,659
2021-03-26,8482,187000,14948900,80.3,80.7,79.4,80.1,-0.3,110,607
2021-03-29,8482,193002,15340460,79.7,80.0,78.5,79.1,-1.0,108,642
2021-03-30,8482,184000,14571100,79.1,80.4,78.5,79.7,0.6,87,620
2021-03-31,8482,223000,17685500,79.7,80.6,78.5,80.2,0.5,115,608
2021-04-01,8482,120000,9618500,80.2,80.6,79.2,80.1,-0.1,30,689
2021-04-06,8482,199050,15956940,80.1,81.0,79.8,80.3,0.2,82,656
2021-04-07,8482,143000,11369400,80.3,80.3,79.3,79.8,-0.5,89,682
2021-04-08,8482,201054,16043657,79.5,80.7,79.5,80.2,0.4,77,669
2021-04-09,8482,204000,16269400,79.8,80.9,79.5,80.5,0.3,92,668
2021-04-12,8482,171000,13676900,82.3,82.3,79.4,79.5,-1.0,88,739
2021-04-13,8482,177000,14131900,79.9,80.2,79.5,79.5,0.0,78,730
2021-04-14,8482,178060,14143364,79.6,80.3,78.5,79.6,0.1,95,716
2021-04-15,8482,176020,13955905,79.6,80.1,78.5,79.7,0.1,64,636
2021-04-16,8482,302000,24469600,80.0,82.2,80.0,81.7,2.0,123,605
2021-04-19,8482,284000,23418700,83.3,83.4,81.0,81.0,-0.7,128,688
2021-04-20,8482,288010,22967502,80.4,81.0,79.1,79.4,-1.6,149,661
2021-04-21,8482,248000,19551900,79.4,79.4,78.5,78.6,-0.8,143,673
2021-04-22,8482,170005,13453332,78.9,80.5,78.6,79.0,0.4,61,788
2021-04-23,8482,131000,10358600,79.1,79.5,78.7,78.8,-0.2,40,746
2021-04-26,8482,133058,10529486,78.9,79.5,78.7,79.4,0.6,25,753
2021-04-27,8482,182000,14501200,79.4,80.2,79.0,80.2,0.8,63,701
2021-04-28,8482,153000,12252400,80.2,80.5,79.5,80.2,0.0,47,732
2021-04-29,8482,177003,14149240,80.3,80.3,79.5,79.5,-0.7,47,709
2021-05-03,8482,194000,15386800,79.5,79.9,78.7,79.6,0.1,69,737
2021-05-04,8482,245000,19473900,80.0,80.4,77.0,78.9,-0.7,124,733
2021-05-05,8482,252000,20125900,78.6,80.5,78.5,79.9,1.0,67,610
2021-05-06,8482,210002,16814259,80.0,80.4,79.5,79.7,-0.2,57,631
2021-05-07,8482,157998,12614382,79.7,80.2,79.5,80.0,0.3,41,650
2021-05-10,8482,300046,24533217,80.1,83.0,80.1,82.9,2.9,154,584
2021-05-11,8482,268280,21831807,83.0,84.9,79.2,79.5,-3.4,162,684
2021-05-12,8482,356152,26960827,78.2,79.5,71.8,75.1,-4.4,265,707
2021-05-13,8482,327288,23517332,73.9,73.9,70.0,70.2,-4.9,179,642
2021-05-14,8482,268000,19133100,70.5,72.0,70.5,71.2,1.0,86,623
2021-05-17,8482,275120,19096633,64.4,71.2,64.4,69.7,-1.5,95,681
2021-05-18,8482,136000,9614700,69.7,73.5,69.5,73.4,3.7,49,720
2021-05-19,8482,109100,7912180,74.8,74.8,71.4,72.0,-1.4,37,689
2021-05-20,8482,128000,9230500,72.4,72.4,71.1,71.1,-0.9,41,636
2021-05-21,8482,108000,7808000,72.0,73.0,72.0,72.1,1.0,26,656
2021-05-24,8482,124000,8944200,72.2,72.4,71.7,72.4,0.3,34,648
2021-05-25,8482,126000,9159300,72.5,73.2,72.5,73.0,0.6,36,667
2021-05-26,8482,89258,6712140,73.7,77.8,73.7,76.4,3.4,52,652
2021-05-27,8482,31000,2334800,76.2,76.2,74.7,75.0,-1.4,21,797
2021-05-28,8482,5432,408938,75.0,75.5,74.6,75.4,0.4,8,908
2021-05-31,8482,2015,151941,75.4,75.4,75.4,75.4,0.0,3,929
2021-06-01,8482,5000,371700,74.6,74.6,74.0,74.0,-1.4,5,914
2021-06-02,8482,3000,225400,74.2,75.6,74.2,75.6,1.6,3,927
2021-06-03,8482,6099,468582,77.9,77.9,75.2,76.7,1.1,8,906
2021-06-04,8482,11000,836000,76.7,76.7,75.8,75.8,-0.9,9,884
2021-06-07,8482,11000,832800,75.8,76.7,75.0,76.7,0.9,9,875
2021-06-08,8482,36024,2718400,76.7,76.7,75.0,75.0,-1.7,28,740
2021-06-09,8482,25000,1858400,74.0,75.0,73.9,74.5,-0.5,22,808
2021-06-10,8482,11064,839596,76.7,76.7,75.4,76.1,1.6,12,860
2021-06-11,8482,27000,2081700,77.0,77.4,77.0,77.2,1.1,19,793
2021-06-15,8482,70000,5558500,78.6,82.5,77.7,78.8,1.6,58,696
2021-06-16,8482,5000,393700,78.8,78.8,78.7,78.7,-0.1,5,908
2021-06-17,8482,10000,793400,79.4,79.8,79.0,79.8,1.1,8,868
2021-06-18,8482,43000,3387800,79.4,80.8,77.6,78.0,-1.8,29,772
2021-06-21,8482,3000,233400,78.0,78.0,77.7,77.7,-0.3,3,921
2021-06-22,8482,22100,1743900,79.1,79.7,78.5,78.6,0.9,21,836
2021-06-23,8482,2000,157200,78.5,78.7,78.5,78.7,0.1,2,921
2021-06-24,8482,24034,1891322,78.7,79.2,78.0,78.0,-0.7,20,818
2021-06-25,8482,10002,779354,78.0,78.0,77.8,77.9,-0.1,11,888
2021-06-28,8482,3000,234100,77.9,78.5,77.7,77.7,-0.2,3,927
2021-06-29,8482,25000,1926400,77.5,77.5,76.9,77.0,-0.7,22,843
2021-06-30,8482,10100,780400,77.0,78.0,76.9,76.9,-0.1,11,894
2021-07-01,8482,7000,539500,77.1,78.0,76.7,76.7,-0.2,7,907
2021-07-02,8482,15000,1157900,76.7,77.5,76.7,77.5,0.8,15,872
2021-07-05,8482,17000,1335200,78.0,79.3,78.0,79.2,1.7,17,877
2021-07-06,8482,19099,1525064,80.8,80.8,79.4,79.6,0.4,21,861
2021-07-07,8482,73000,5994000,82.7,82.7,80.6,82.0,2.4,42,730
2021-07-08,8482,24000,1929300,81.8,81.8,79.8,80.1,-1.9,22,848
2021-07-09,8482,7023,566526,80.0,80.9,80.0,80.9,0.8,7,908
2021-07-12,8482,5000,404900,80.9,81.3,80.9,81.3,0.4,5,924
2021-07-13,8482,67000,5236800,80.5,80.5,76.9,77.5,-3.8,61,787
2021-07-14,8482,8049,620701,77.1,77.5,77.0,77.5,0.0,11,897
2021-07-15,8482,10021,777947,77.5,78.0,77.1,78.0,0.5,12,875
2021-07-16,8482,23008,1810636,77.6,79.5,77.6,79.4,1.4,24,831
2021-07-19,8482,37010,2767150,75.0,75.1,74.5,74.6,0.0,31,807
2021-07-20,8482,12070,896982,74.3,75.1,74.0,74.0,-0.6,18,876
2021-07-21,8482,5000,367800,73.6,73.6,73.5,73.5,-0.5,5,917
2021-07-22,8482,10000,741600,73.0,74.7,73.0,74.3,0.8,10,894
2021-07-23,8482,8000,596000,74.0,75.0,74.0,75.0,0.7,6,900
2021-07-26,8482,5000,372400,75.0,75.0,74.3,74.3,-0.7,5,912
2021-07-27,8482,7120,522370,74.5,74.5,73.0,73.2,-1.1,9,895
2021-07-28,8482,21000,1531800,73.2,73.2,72.6,72.6,-0.6,16,859
2021-07-29,8482,0,0,0.0,0.0,0.0,0.0,0.0,0,940
2021-07-30,8482,5000,362400,72.9,72.9,72.2,72.2,0.0,5,894
2021-08-02,8482,15000,1084100,72.2,73.5,72.0,73.5,1.3,9,858
2021-08-03,8482,11044,800903,73.0,73.4,72.2,73.4,-0.1,12,852
2021-08-04,8482,1000,73900,73.9,73.9,73.9,73.9,0.5,1,928
2021-08-05,8482,11280,817603,73.4,73.4,72.2,72.3,-1.6,14,865
2021-08-06,8482,1,72,0.0,0.0,0.0,0.0,0.0,1,939
2021-08-09,8482,10000,715500,71.6,71.7,71.5,71.6,0.0,6,881
2021-08-10,8482,22001,1570871,71.6,71.6,71.2,71.2,-0.4,17,825
2021-08-11,8482,7060,502778,71.3,71.3,71.2,71.2,0.0,7,900
2021-08-12,8482,9000,640800,71.3,71.3,71.1,71.1,-0.1,5,873
2021-08-13,8482,11021,787291,71.1,72.0,71.1,71.1,0.0,8,870
2021-08-16,8482,13000,923900,71.2,71.2,71.0,71.0,-0.1,12,877
2021-08-17,8482,3000,213900,71.9,71.9,71.0,71.0,0.0,2,918
2021-08-18,8482,64000,4517800,71.0,71.5,70.0,71.5,0.5,31,723
2021-08-19,8482,2000,142200,71.1,71.1,71.1,71.1,-0.4,2,929
2021-08-20,8482,8032,568272,70.8,70.9,70.6,70.6,-0.5,9,876
2021-08-23,8482,2000,142200,70.6,71.6,70.6,71.6,1.0,2,925
2021-08-24,8482,1000,71000,71.0,71.0,71.0,71.0,-0.6,1,932
2021-08-25,8482,2000,142600,72.0,72.0,70.6,70.6,-0.4,2,926
2021-08-26,8482,36012,2581752,72.4,73.1,70.6,70.6,0.0,39,740
2021-08-27,8482,2070,146576,70.8,70.8,70.8,70.8,0.2,4,924
2021-08-30,8482,9204,654626,71.9,71.9,70.8,70.9,0.1,11,871
2021-08-31,8482,6000,425100,71.0,71.0,70.7,70.8,-0.1,6,899
2021-09-01,8482,8000,569000,70.9,71.5,70.9,71.5,0.7,8,883
2021-09-02,8482,0,0,0.0,0.0,0.0,0.0,0.0,0,940
2021-09-03,8482,11000,791100,72.0,72.0,71.8,72.0,0.0,11,878
2021-09-06,8482,2000,143200,71.6,71.6,71.6,71.6,-0.4,2,918
2021-09-07,8482,5000,357000,71.7,71.7,71.1,71.5,-0.1,5,894
2021-09-08,8482,7000,496500,71.5,71.5,70.5,70.5,-1.0,7,890
2021-09-09,8482,1000,70500,70.5,70.5,70.5,70.5,0.0,1,929
2021-09-10,8482,0,0,0.0,0.0,0.0,0.0,0.0,0,939
2021-09-13,8482,5000,354900,70.6,71.3,70.6,71.0,0.0,5,900
2021-09-14,8482,5000,354500,70.8,71.0,70.8,71.0,0.0,5,896
2021-09-15,8482,2000,142000,71.0,71.0,71.0,71.0,0.0,2,924
2021-09-16,8482,14000,1002300,72.0,72.0,71.3,71.3,0.3,12,819
2021-09-17,8482,13000,939900,72.2,72.6,72.1,72.6,1.3,13,836
2021-09-22,8482,8000,576600,72.6,72.6,71.5,71.9,-0.7,8,893
2021-09-23,8482,7000,508500,72.0,73.2,72.0,73.2,1.3,7,869
2021-09-24,8482,5000,368300,73.5,74.0,73.5,74.0,0.8,5,902
2021-09-27,8482,8000,582700,74.0,74.0,72.1,72.6,-1.4,6,891
2021-09-28,8482,2000,142900,71.5,71.5,71.4,71.4,-1.2,2,926
2021-09-29,8482,6001,428973,71.4,71.7,71.3,71.3,-0.1,7,905
2021-09-30,8482,4000,285700,71.4,71.5,71.4,71.5,0.2,4,900
2021-10-01,8482,26000,1851100,71.5,71.5,71.0,71.0,-0.5,24,852
2021-10-04,8482,23000,1636500,71.1,71.4,71.0,71.4,0.4,21,839
2021-10-05,8482,11041,783464,70.7,71.5,70.7,71.5,0.1,12,876
2021-10-06,8482,2000,141700,70.9,70.9,70.8,70.8,-0.7,2,921
2021-10-07,8482,8000,569700,71.3,71.5,70.9,70.9,0.1,7,883
2021-10-08,8482,2000,141800,70.9,70.9,70.9,70.9,0.0,2,920
2021-10-12,8482,26000,1841500,70.9,71.6,70.4,70.4,-0.5,20,782
2021-10-13,8482,20000,1409000,71.0,71.2,70.2,70.2,-0.2,16,811
2021-10-14,8482,2011,141181,70.2,70.2,70.2,70.2,0.0,3,916
2021-10-15,8482,1000,70400,70.4,70.4,70.4,70.4,0.2,1,931
2021-10-18,8482,8009,563635,70.4,70.6,70.2,70.2,-0.2,13,888
2021-10-19,8482,3000,210600,70.2,70.2,70.2,70.2,0.0,3,928
2021-10-20,8482,5000,352400,70.5,70.5,70.4,70.4,0.2,5,907
2021-10-21,8482,8009,571157,71.5,71.5,71.2,71.4,1.0,8,872
2021-10-22,8482,2000,143800,71.9,71.9,71.9,71.9,0.5,2,911
2021-10-25,8482,6000,430600,71.6,72.0,71.6,71.6,-0.3,6,896
2021-10-26,8482,24000,1741500,71.8,73.2,71.8,71.9,0.3,18,830
2021-10-27,8482,5000,356800,71.5,71.5,71.2,71.2,-0.7,5,905
2021-10-28,8482,0,0,0.0,0.0,0.0,0.0,0.0,0,943
2021-10-29,8482,6000,428100,71.2,72.2,71.1,71.3,0.0,6,888
2021-11-01,8482,7000,505500,71.0,72.8,71.0,72.1,0.8,7,894
2021-11-02,8482,1000,72000,72.0,72.0,72.0,72.0,-0.1,1,934
2021-11-03,8482,8000,572400,71.5,71.8,71.4,71.5,-0.5,8,883
2021-11-04,8482,5000,360000,72.1,72.1,71.9,71.9,0.4,5,906
2021-11-05,8482,9,648,0.0,0.0,0.0,0.0,0.0,1,942
2021-11-08,8482,6005,429965,71.6,71.6,71.6,71.6,0.0,5,908
2021-11-09,8482,5000,360000,72.0,72.0,72.0,72.0,0.4,5,916
2021-11-10,8482,25028,1843700,73.2,74.3,73.2,74.3,2.3,24,815
2021-11-11,8482,27000,2024800,75.3,76.0,74.1,74.4,0.1,26,817
2021-11-12,8482,9011,666998,74.4,74.4,73.8,73.8,-0.6,10,896
2021-11-15,8482,25055,1858527,74.0,74.5,73.8,73.8,0.0,21,848
2021-11-16,8482,17054,1269674,74.4,74.5,74.4,74.4,0.6,17,867
2021-11-17,8482,21000,1557600,74.3,74.4,73.9,74.0,-0.4,17,849
2021-11-18,8482,56050,4152375,74.2,74.4,73.8,73.8,-0.2,41,752
2021-11-19,8482,13000,949800,73.6,73.6,72.8,72.8,-1.0,13,869
2021-11-22,8482,22000,1593700,72.9,72.9,72.2,72.3,-0.5,21,838
2021-11-23,8482,3028,219256,72.1,73.0,72.0,73.0,0.7,5,920
2021-11-24,8482,13001,937772,71.5,73.0,71.5,72.2,-0.8,14,866
2021-11-25,8482,2000,144200,72.2,72.2,72.0,72.0,-0.2,2,924
2021-11-26,8482,15012,1079070,72.0,72.0,71.7,71.7,-0.3,10,863
2021-11-29,8482,8000,572200,71.7,71.7,71.3,71.5,-0.2,6,890
2021-11-30,8482,1000,72300,72.3,72.3,72.3,72.3,0.8,1,933
2021-12-01,8482,38004,2758590,73.5,73.5,71.5,73.3,1.0,31,750
2021-12-02,8482,14000,1011000,73.3,73.3,71.9,71.9,-1.4,13,852
2021-12-03,8482,9000,656800,72.9,73.3,72.6,73.0,1.1,9,873
2021-12-06,8482,13056,955993,73.0,73.5,73.0,73.0,0.0,14,850
2021-12-07,8482,4000,292300,73.0,73.1,73.0,73.1,0.1,3,915
2021-12-08,8482,8000,591300,73.1,74.4,73.1,74.1,1.0,8,901
2021-12-09,8482,1000,74200,74.2,74.2,74.2,74.2,0.1,1,940
2021-12-10,8482,13000,966400,74.2,74.7,74.1,74.3,0.1,13,858
2021-12-13,8482,41000,3085900,75.6,75.6,74.7,75.3,1.0,34,762
2021-12-14,8482,40000,3021900,75.7,76.0,75.3,75.9,0.6,27,774
2021-12-15,8482,156000,12074700,76.4,79.9,75.9,77.4,1.5,114,516
2021-12-16,8482,33000,2546100,77.5,77.5,76.2,77.1,-0.3,28,764
2021-12-17,8482,17000,1309200,77.0,77.4,76.7,77.1,0.0,16,838
2021-12-20,8482,6000,457100,77.1,77.1,76.0,76.0,-1.1,6,904
2021-12-21,8482,20000,1529100,76.0,77.0,76.0,76.6,0.6,17,815
2021-12-22,8482,22000,1698500,77.0,77.5,77.0,77.5,0.9,17,805
2021-12-23,8482,8000,615100,77.6,77.6,76.5,76.5,-1.0,8,889
2021-12-24,8482,36194,2789259,76.1,77.4,75.8,77.4,0.9,24,766
2021-12-27,8482,23000,1787900,77.4,78.5,77.4,78.5,1.1,19,830
2021-12-28,8482,35000,2760600,78.5,79.5,78.5,78.9,0.4,28,780
2021-12-29,8482,209009,15759486,78.3,78.3,74.6,74.8,-4.1,155,538
2021-12-30,8482,110045,8140667,76.0,76.0,73.0,73.7,-1.1,77,641
2022-01-03,8482,114203,8294758,73.7,74.1,71.8,72.6,-1.1,86,643
2022-01-04,8482,46000,3331900,72.6,74.1,72.1,72.1,-0.5,37,756
2022-01-05,8482,82000,5872400,72.1,72.1,71.3,71.3,-0.8,60,680
2022-01-06,8482,17000,1214800,71.3,72.0,71.0,72.0,0.7,16,848
2022-01-07,8482,60000,4284200,72.0,72.1,71.0,71.8,-0.2,44,753
2022-01-10,8482,29000,2105700,73.2,73.2,72.2,72.3,0.5,22,798
2022-01-11,8482,196500,14631820,74.8,77.0,72.4,72.5,0.2,158,574
2022-01-12,8482,38000,2791600,73.8,74.0,73.0,73.5,1.0,29,779
2022-01-13,8482,59200,4364900,73.5,74.7,73.2,73.2,-0.3,44,680
2022-01-14,8482,13300,970120,73.2,73.2,72.8,73.0,-0.2,10,880
2022-01-17,8482,23000,1681000,73.0,74.1,72.7,73.1,0.1,19,804
2022-01-18,8482,6000,438000,72.9,73.1,72.9,73.0,-0.1,6,906
2022-01-19,8482,6011,441458,72.9,73.6,72.9,73.5,0.5,6,900
2022-01-20,8482,41000,2957700,73.5,73.5,71.3,73.0,-0.5,35,709
2022-01-21,8482,40000,2885000,72.1,72.5,72.0,72.0,-1.0,19,771
2022-01-24,8482,10000,720600,72.0,72.4,71.6,72.2,0.2,10,891
2022-01-25,8482,10011,721000,72.2,72.2,72.0,72.0,-0.2,13,901
2022-01-26,8482,6000,436800,72.1,73.0,72.1,72.9,0.9,6,913
2022-02-07,8482,22000,1616200,73.4,73.8,73.4,73.4,0.5,19,813
2022-02-08,8482,9000,662700,73.4,74.0,73.4,74.0,0.6,7,886
2022-02-09,8482,25002,1878750,74.5,75.5,74.5,75.4,1.4,21,809
2022-02-10,8482,14000,1056200,75.7,75.7,75.2,75.2,-0.2,10,846
2022-02-11,8482,23000,1732400,75.8,75.8,74.9,74.9,-0.3,21,795
2022-02-14,8482,80003,6056028,75.3,76.8,74.0,74.3,-0.6,52,661
2022-02-15,8482,50059,3654590,73.7,73.7,72.5,72.9,-1.4,54,705
2022-02-16,8482,17470,1286568,72.7,74.4,72.7,74.4,1.5,25,838
2022-02-17,8482,24000,1788600,74.4,74.8,74.4,74.8,0.4,22,814
2022-02-18,8482,18000,1357700,74.8,75.9,74.8,75.9,1.1,18,822
2022-02-21,8482,4014,301896,76.2,76.2,74.6,75.3,-0.6,6,919
2022-02-22,8482,1000,75300,75.3,75.3,75.3,75.3,0.0,1,942
2022-02-23,8482,8003,602027,75.3,75.4,74.8,74.8,-0.5,9,884
2022-02-24,8482,16012,1201015,74.6,75.4,73.8,73.9,-0.9,10,889
2022-02-25,8482,5000,370200,73.9,74.8,73.7,74.8,0.9,5,912
2022-03-01,8482,8000,600700,73.7,75.3,73.7,75.2,0.4,6,902
2022-03-02,8482,7000,529100,75.5,75.8,75.5,75.6,0.4,7,885
2022-03-03,8482,5000,380400,76.1,76.1,76.0,76.1,0.5,5,907
2022-03-04,8482,17000,1286300,76.0,76.2,75.2,75.7,-0.4,17,831
2022-03-07,8482,39056,2868521,74.3,74.3,72.9,73.3,-2.4,41,821
2022-03-08,8482,27000,1969200,73.1,73.3,72.6,72.6,-0.7,26,844
2022-03-09,8482,20000,1456400,72.3,73.2,72.3,72.7,0.1,20,815
2022-03-10,8482,6003,439719,72.7,73.5,72.7,73.5,0.8,7,906
2022-03-11,8482,23000,1692400,73.5,75.3,72.7,73.0,-0.5,22,781
2022-03-14,8482,7000,512900,73.1,73.4,73.1,73.2,0.2,6,887
2022-03-15,8482,16000,1163600,73.2,73.2,72.4,72.4,-0.8,16,857
2022-03-16,8482,14000,1015900,72.4,72.8,72.4,72.7,0.3,14,861
2022-03-17,8482,28000,2066800,72.9,74.4,72.9,74.4,1.7,28,809
2022-03-18,8482,0,0,0.0,0.0,0.0,0.0,0.0,0,953
2022-03-21,8482,0,0,0.0,0.0,0.0,0.0,0.0,0,954
2022-03-22,8482,0,0,0.0,0.0,0.0,0.0,0.0,0,954
2022-03-23,8482,10000,739800,74.4,74.4,73.8,74.0,0.0,10,895
2022-03-24,8482,57019,4247115,74.0,75.1,74.0,74.3,0.3,51,684
2022-03-25,8482,21018,1565546,74.3,75.0,74.1,74.4,0.1,19,823
2022-03-28,8482,7001,521973,74.4,74.6,74.4,74.6,0.2,8,903
2022-03-29,8482,45000,3395400,74.6,76.0,74.6,75.5,0.9,42,704
2022-03-30,8482,11000,836700,75.9,76.2,75.6,76.2,0.7,11,891
2022-03-31,8482,17000,1289700,76.2,76.3,75.6,75.6,-0.6,15,811
2022-04-01,8482,16001,1205875,75.6,75.6,75.1,75.1,-0.5,14,836
2022-04-06,8482,2000,150100,75.0,75.1,75.0,75.1,0.0,2,940
2022-04-07,8482,17059,1282566,75.0,75.8,74.5,74.5,-0.6,20,871
2022-04-08,8482,8002,594662,74.3,74.5,74.0,74.5,0.0,10,899
2022-04-11,8482,12001,892681,74.5,75.0,73.9,73.9,-0.6,13,895
2022-04-12,8482,10000,739800,74.0,74.0,73.9,73.9,0.0,10,873
2022-04-13,8482,24000,1792500,74.0,75.4,74.0,75.4,1.5,24,820
2022-04-14,8482,13000,971200,75.4,75.4,74.6,74.6,-0.8,11,844
2022-04-15,8482,24000,1777700,74.6,74.6,73.9,74.1,-0.5,22,786
2022-04-18,8482,7000,517300,74.1,74.1,73.8,73.8,-0.3,7,900
2022-04-19,8482,7000,518000,73.8,74.1,73.8,74.1,0.3,7,888
2022-04-20,8482,6021,446055,74.0,74.2,74.0,74.1,0.0,10,909
2022-04-21,8482,6000,446300,74.2,74.5,74.2,74.4,0.3,5,899
2022-04-22,8482,9000,667400,74.3,74.3,74.0,74.0,-0.4,9,881
2022-04-25,8482,23080,1685888,73.2,73.3,72.9,72.9,-1.1,21,854
2022-04-26,8482,7001,509980,73.0,73.0,72.7,73.0,0.1,7,894
2022-04-27,8482,43000,3100300,72.1,72.7,71.9,72.2,-0.8,31,784
2022-04-28,8482,13000,939500,72.2,72.6,72.1,72.6,0.4,12,839
2022-04-29,8482,12000,870200,72.5,72.8,72.3,72.8,0.2,12,867
2022-05-03,8482,42010,3021529,72.3,72.3,71.8,71.9,-0.9,33,690
2022-05-04,8482,26000,1870200,72.0,72.0,71.8,72.0,0.1,14,737
2022-05-05,8482,18000,1297800,72.1,72.4,72.0,72.4,0.4,13,800
2022-05-06,8482,43010,3089024,72.0,72.0,71.6,71.6,-0.8,32,714
2022-05-09,8482,95000,6728200,71.6,71.6,70.2,70.2,-1.4,59,655
2022-05-10,8482,11000,776400,70.3,71.9,70.3,71.6,1.4,10,878
2022-05-11,8482,43113,3040136,71.0,71.0,70.3,70.7,-0.9,35,727
2022-05-12,8482,26000,1842200,71.0,71.0,70.7,70.7,0.0,22,839
2022-05-13,8482,19030,1360720,70.9,71.8,70.9,71.8,1.1,20,836
2022-05-16,8482,8000,570900,71.5,71.6,71.3,71.3,-0.5,4,895
2022-05-17,8482,14021,1008154,71.4,72.0,71.4,72.0,0.7,11,848
2022-05-18,8482,11000,796600,72.3,72.6,72.3,72.4,0.4,11,897
2022-05-19,8482,7000,501300,71.6,71.7,71.6,71.6,-0.8,4,901
2022-05-20,8482,9000,649000,71.6,72.7,71.6,72.6,1.0,6,864
2022-05-23,8482,13000,948300,72.6,73.3,72.6,73.3,0.7,10,837
2022-05-24,8482,4110,301295,73.5,73.5,73.0,73.0,-0.3,5,914
2022-05-25,8482,7200,528300,73.0,73.5,72.9,72.9,-0.1,5,878
2022-05-26,8482,13014,960850,73.0,74.0,73.0,74.0,1.1,15,842
2022-05-27,8482,8000,594000,74.2,74.5,74.0,74.4,0.4,8,888
2022-05-30,8482,1000,74400,74.4,74.4,74.4,74.4,0.0,1,950
2022-05-31,8482,1000,74500,74.5,74.5,74.5,74.5,0.1,1,949
2022-06-01,8482,18009,1341575,74.4,75.0,74.4,74.9,0.4,7,829
2022-06-02,8482,5006,374956,74.9,74.9,74.9,74.9,0.0,6,907
2022-06-06,8482,3005,225080,74.9,74.9,74.9,74.9,0.0,4,937
2022-06-07,8482,8003,596124,74.9,74.9,74.1,74.1,-0.8,9,879
2022-06-08,8482,7014,522964,74.0,75.0,74.0,74.5,0.4,7,898
2022-06-09,8482,1001,74976,74.9,74.9,74.9,74.9,0.4,2,955
2022-06-10,8482,6000,444300,74.3,74.3,73.8,73.8,-1.1,6,903
2022-06-13,8482,15000,1094200,73.1,73.1,72.9,72.9,-0.9,15,893
2022-06-14,8482,5000,365000,72.9,73.1,72.9,73.0,0.1,4,937
2022-06-15,8482,22320,1668915,73.6,75.5,73.6,75.3,2.3,24,843
2022-06-16,8482,7024,531109,75.9,75.9,75.2,75.2,-0.1,9,908
2022-06-17,8482,6000,445800,74.1,75.0,74.0,74.5,-0.7,6,914
2022-06-20,8482,11000,818800,74.4,75.5,74.1,74.5,0.0,11,896
2022-06-21,8482,22050,1650500,74.9,75.0,74.3,75.0,0.5,21,837
2022-06-22,8482,7000,521600,75.0,75.5,74.0,74.0,-1.0,7,904
2022-06-23,8482,15001,1122373,74.5,75.3,74.5,74.5,0.5,16,879
2022-06-24,8482,22000,1647100,75.2,75.2,74.3,75.0,0.5,17,824
2022-06-27,8482,130011,9747429,75.3,75.3,74.5,74.6,-0.4,27,571
2022-06-28,8482,76000,5693300,74.6,75.4,74.6,75.1,0.5,30,572
2022-06-29,8482,86115,6398821,75.1,75.1,73.4,75.1,0.0,50,550
2022-06-30,8482,65058,4492006,69.3,69.3,68.8,68.8,0.0,53,709
2022-07-01,8482,33000,2325200,71.0,71.0,69.8,70.6,1.8,30,840
2022-07-04,8482,38002,2768550,71.0,73.8,70.6,72.5,1.9,39,751
2022-07-05,8482,22002,1607448,73.5,73.5,72.2,72.4,-0.1,23,811
2022-07-06,8482,7043,507178,71.9,72.2,71.9,72.2,-0.2,8,900
2022-07-07,8482,15000,1071400,70.8,72.4,70.8,71.4,-0.8,15,833
2022-07-08,8482,20000,1413300,71.3,71.3,70.4,70.4,-1.0,18,804
2022-07-11,8482,6000,421200,70.2,70.2,70.2,70.2,-0.2,4,900
2022-07-12,8482,8072,569952,71.0,71.0,70.5,70.5,0.3,13,905
2022-07-13,8482,21000,1514700,70.2,73.5,70.1,73.5,3.0,19,799
2022-07-14,8482,93,6819,0.0,0.0,0.0,0.0,0.0,12,958
2022-07-15,8482,9000,643900,73.0,73.0,71.2,71.4,0.0,8,875
2022-07-18,8482,5000,354700,70.6,71.1,70.6,71.1,-0.3,5,916
2022-07-19,8482,5213,373163,71.6,72.2,71.4,71.4,0.3,10,898
2022-07-20,8482,16081,1138548,71.2,71.3,70.5,70.5,-0.9,41,868
2022-07-21,8482,6000,423100,70.3,70.7,70.3,70.7,0.2,6,892
2022-07-22,8482,1000,70700,70.7,70.7,70.7,70.7,0.0,1,955
2022-07-25,8482,1000,72300,72.3,72.3,72.3,72.3,1.6,1,952
2022-07-26,8482,33,2381,0.0,0.0,0.0,0.0,0.0,5,961
2022-07-27,8482,6000,430500,71.1,71.9,71.1,71.8,0.0,6,887
2022-07-28,8482,11000,786700,71.8,72.0,70.8,71.3,-0.5,10,870
2022-07-29,8482,4005,287555,71.8,71.8,71.8,71.8,0.5,9,919
2022-08-01,8482,33084,2371130,71.7,71.7,71.2,71.2,-0.6,9,722
2022-08-02,8482,13000,936500,71.8,72.4,71.2,72.3,1.1,12,846
2022-08-03,8482,2014,145624,72.0,72.6,72.0,72.6,0.3,5,950
2022-08-04,8482,20009,1423639,71.8,71.8,70.9,71.4,-1.2,22,815
2022-08-05,8482,8000,568600,71.2,71.2,71.0,71.0,-0.4,8,899
2022-08-08,8482,10000,710300,71.0,71.3,70.8,71.3,0.3,10,853
2022-08-09,8482,15001,1065871,71.0,71.8,71.0,71.8,0.5,16,827
2022-08-10,8482,7000,499200,71.9,71.9,71.0,71.5,-0.3,7,907
2022-08-11,8482,1000,72300,72.3,72.3,72.3,72.3,0.8,1,952
2022-08-12,8482,1000,72600,72.6,72.6,72.6,72.6,0.3,1,949
2022-08-15,8482,5000,363300,72.8,72.9,72.2,72.6,0.0,5,929
2022-08-16,8482,1000,72500,72.5,72.5,72.5,72.5,-0.1,1,950
2022-08-17,8482,17001,1226872,72.5,73.1,71.5,71.8,-0.7,18,874
2022-08-18,8482,3000,214800,71.3,72.1,71.3,72.1,0.3,3,934
2022-08-19,8482,18000,1288700,71.7,71.7,71.5,71.5,-0.6,10,845
2022-08-22,8482,11000,792000,72.0,72.1,71.8,72.0,0.5,9,883
2022-08-23,8482,11119,803960,72.2,72.5,71.9,71.9,-0.1,13,868
2022-08-24,8482,4000,286700,71.6,71.9,71.6,71.9,0.0,2,933
2022-08-25,8482,8000,579400,72.0,72.7,72.0,72.7,0.8,5,913
2022-08-26,8482,11004,802996,72.9,73.0,72.9,73.0,0.3,10,908
2022-08-29,8482,16099,1169267,71.8,73.5,71.8,72.7,-0.3,13,882
2022-08-30,8482,28000,2049700,72.8,73.7,72.8,73.7,1.0,20,779
2022-08-31,8482,10133,744636,73.4,73.7,73.4,73.7,0.0,21,889
2022-09-01,8482,22000,1597900,73.0,73.0,72.5,72.5,-1.2,22,860
2022-09-02,8482,23100,1665540,73.0,73.0,71.9,71.9,-0.6,21,804
2022-09-05,8482,3000,215700,71.9,72.0,71.8,71.8,-0.1,3,937
2022-09-06,8482,0,0,0.0,0.0,0.0,0.0,0.0,0,962
2022-09-07,8482,75000,5280600,71.3,71.3,70.0,70.0,0.0,59,662
2022-09-08,8482,2235,157728,70.9,70.9,70.2,70.2,0.2,6,935
2022-09-12,8482,7000,493200,70.5,70.5,70.3,70.3,0.1,3,911
2022-09-13,8482,13000,921100,70.8,70.9,70.8,70.8,0.5,10,859
2022-09-14,8482,33000,2336500,72.4,72.4,70.6,70.6,-0.2,22,765
2022-09-15,8482,76001,5351174,70.3,70.9,70.3,70.9,0.3,44,639
2022-09-16,8482,11000,773600,70.3,70.6,70.2,70.6,-0.3,11,878
2022-09-19,8482,36000,2514900,70.3,70.3,69.6,69.6,-1.0,30,741
2022-09-20,8482,5000,349300,69.8,70.3,69.6,69.9,0.3,5,913
2022-09-21,8482,30000,2080200,69.7,69.8,68.7,69.1,-0.8,26,775
2022-09-22,8482,26000,1790100,69.1,69.5,68.5,69.1,0.0,25,798
2022-09-23,8482,20072,1386652,69.4,69.4,68.8,68.9,-0.2,21,830
2022-09-26,8482,17000,1168200,68.7,69.0,68.5,68.6,-0.3,15,893
2022-09-27,8482,10000,685300,68.8,68.8,68.3,68.8,0.2,9,879
2022-09-28,8482,19036,1296320,68.8,68.8,67.8,68.3,-0.5,18,885
2022-09-29,8482,20018,1374432,68.7,68.8,68.6,68.7,0.4,17,817
2022-09-30,8482,8000,550000,68.3,69.0,68.3,69.0,0.3,7,884
2022-10-03,8482,3000,207000,69.0,69.0,69.0,69.0,0.0,3,925
2022-10-04,8482,11017,760373,69.1,69.1,69.0,69.0,0.0,16,867
2022-10-05,8482,14000,965200,68.7,69.3,68.7,69.1,0.1,14,866
2022-10-06,8482,12000,826000,69.1,69.1,68.7,68.8,-0.3,11,814
2022-10-07,8482,5000,343500,68.5,68.8,68.5,68.7,-0.1,5,894
2022-10-11,8482,18000,1224900,68.2,68.5,67.7,67.9,-0.8,14,851
2022-10-12,8482,34000,2307000,67.7,68.2,67.5,67.9,0.0,21,747
2022-10-13,8482,7172,481573,67.5,67.5,66.5,67.0,-0.9,14,931
2022-10-14,8482,6000,408700,68.0,68.3,67.9,68.2,1.2,6,922
2022-10-17,8482,5000,340300,67.9,68.2,67.9,68.2,0.0,5,910
2022-10-18,8482,10000,688200,68.9,68.9,68.7,68.7,0.5,10,854
2022-10-19,8482,10000,691400,69.0,69.2,69.0,69.2,0.5,10,851
2022-10-20,8482,10001,688171,69.0,69.0,68.4,68.6,-0.6,8,858
2022-10-21,8482,11000,751000,68.3,68.3,68.1,68.2,-0.4,5,815
2022-10-24,8482,8001,551668,69.0,69.0,68.9,68.9,0.7,9,873
2022-10-25,8482,21000,1448500,68.9,69.2,68.4,69.0,0.1,20,793
2022-10-26,8482,9072,627532,69.2,69.2,69.1,69.2,0.2,13,863
2022-10-27,8482,14000,969700,69.2,69.5,69.2,69.2,0.0,11,816
2022-10-28,8482,1000,68600,68.6,68.6,68.6,68.6,-0.6,1,946
2022-10-31,8482,6001,411969,68.6,68.9,68.6,68.6,0.0,7,876
2022-11-01,8482,7000,479900,68.6,68.6,68.4,68.6,0.0,7,870
2022-11-02,8482,3000,205700,68.7,68.7,68.5,68.5,-0.1,3,922
2022-11-03,8482,10000,682800,68.8,68.8,68.2,68.2,-0.3,8,823
2022-11-04,8482,4000,273000,68.2,68.4,68.2,68.4,0.2,4,919
2022-11-07,8482,4000,273600,68.4,68.4,68.4,68.4,0.0,4,931
2022-11-08,8482,7000,478300,68.6,68.6,68.1,68.3,-0.1,6,902
2022-11-09,8482,26000,1779700,68.3,68.6,68.3,68.6,0.3,26,795
2022-11-10,8482,10142,691282,68.3,68.3,68.0,68.1,-0.5,10,850
2022-11-11,8482,27000,1862800,68.7,69.2,68.7,68.7,0.6,24,814
2022-11-14,8482,20000,1401700,69.0,70.5,69.0,70.1,1.4,18,840
2022-11-15,8482,32001,2249570,70.0,70.5,70.0,70.5,0.4,27,788
2022-11-16,8482,29000,2030700,70.1,70.1,70.0,70.0,-0.5,17,805
2022-11-17,8482,32000,2235800,70.0,70.0,69.8,69.8,-0.2,20,741
2022-11-18,8482,15009,1048357,69.8,70.0,69.8,69.8,0.0,10,836
2022-11-21,8482,22000,1526600,69.6,69.6,69.2,69.2,-0.6,17,764
2022-11-22,8482,31000,2139900,69.2,69.2,69.0,69.0,-0.2,27,718
2022-11-23,8482,33000,2288800,69.0,69.5,69.0,69.3,0.3,22,728
2022-11-24,8482,14000,982200,69.8,70.4,69.8,70.4,1.1,14,868
2022-11-25,8482,1000,70400,70.4,70.4,70.4,70.4,0.0,1,947
2022-11-28,8482,3054,213003,69.7,69.9,69.6,69.9,-0.5,11,935
2022-11-29,8482,2000,140300,70.0,70.3,70.0,70.3,0.4,2,943
2022-11-30,8482,10000,703500,69.4,70.8,69.4,70.8,0.5,10,907
2022-12-01,8482,15000,1065600,71.2,71.3,70.9,71.3,0.5,13,872
2022-12-02,8482,10001,711670,71.0,71.3,71.0,71.2,-0.1,11,884
2022-12-05,8482,5000,356100,71.2,71.3,71.1,71.3,0.1,5,932
2022-12-06,8482,7000,499000,71.5,71.5,71.2,71.3,0.0,7,913
2022-12-07,8482,6170,439072,71.3,71.3,71.1,71.1,-0.2,8,919
2022-12-08,8482,6000,426500,70.9,71.2,70.9,71.2,0.1,6,900
2022-12-09,8482,16000,1144300,71.3,71.9,71.1,71.8,0.6,11,820
2022-12-12,8482,16000,1131400,71.1,71.3,70.2,70.8,-1.0,18,820
2022-12-13,8482,32130,2259973,70.5,70.8,70.0,70.8,0.0,26,753
2022-12-14,8482,14501,1038121,71.2,71.8,71.2,71.6,0.8,15,860
2022-12-15,8482,25000,1760700,70.7,70.7,70.3,70.4,-1.2,22,778
2022-12-16,8482,30000,2091800,69.8,70.2,69.6,69.6,-0.8,25,786
2022-12-19,8482,2000,139200,69.6,69.6,69.6,69.6,0.0,2,942
2022-12-20,8482,13000,906200,70.2,70.2,69.5,69.5,-0.1,10,884
2022-12-21,8482,7000,488900,70.0,70.0,69.6,69.8,0.3,7,895
2022-12-22,8482,4000,280100,70.2,70.2,69.9,69.9,0.1,3,910
2022-12-23,8482,7000,488800,69.9,69.9,69.6,69.9,0.0,7,876
2022-12-26,8482,4000,279800,69.9,70.0,69.9,69.9,0.0,4,910
2022-12-27,8482,5000,348800,69.9,69.9,69.7,69.8,-0.1,5,899
2022-12-28,8482,3000,209900,69.9,70.1,69.9,70.1,0.3,3,940
2022-12-29,8482,1014,70981,70.0,70.0,70.0,70.0,-0.1,2,950
2022-12-30,8482,3000,210400,70.1,70.2,70.1,70.1,0.1,3,924
2023-01-03,8482,4000,279800,70.0,70.0,69.8,69.8,-0.3,4,913
2023-01-04,8482,1000,69800,69.8,69.8,69.8,69.8,0.0,1,952
2023-01-05,8482,4000,279400,69.9,69.9,69.8,69.8,0.0,4,918
2023-01-06,8482,8000,565900,70.6,71.1,70.1,70.1,0.3,8,869
2023-01-09,8482,11000,773600,70.8,70.8,70.1,70.1,0.0,8,874
2023-01-10,8482,2000,140500,70.3,70.3,70.2,70.2,0.1,2,942
2023-01-11,8482,12000,838400,69.5,70.2,69.5,70.2,0.0,10,849
2023-01-12,8482,196000,13739100,70.0,70.1,70.0,70.0,-0.2,10,437
2023-01-13,8482,6001,419570,69.9,70.1,69.7,70.1,0.1,6,902
2023-01-16,8482,9000,630800,70.1,70.3,70.0,70.3,0.2,5,872
2023-01-17,8482,5000,350400,70.0,70.4,69.9,70.4,0.1,5,907
2023-01-30,8482,5008,352662,70.5,70.5,70.4,70.4,0.0,7,934
2023-01-31,8482,4000,283200,70.2,71.1,70.2,71.0,0.6,4,927
2023-02-01,8482,175000,12415200,70.8,71.6,70.8,71.5,0.5,8,544
2023-02-02,8482,163025,11636305,71.5,71.5,71.3,71.5,0.0,6,570
2023-02-03,8482,11000,787400,71.5,71.8,71.5,71.8,0.3,10,875
2023-02-06,8482,13000,931500,71.8,71.8,71.5,71.8,0.0,8,853
2023-02-07,8482,3000,214700,71.6,71.6,71.5,71.5,-0.3,3,943
2023-02-08,8482,4000,285900,71.5,71.5,71.4,71.4,-0.1,3,941
2023-02-09,8482,13000,927200,71.5,71.5,71.1,71.4,0.0,10,861
2023-02-10,8482,14003,996914,71.3,71.3,71.0,71.2,-0.2,14,869
2023-02-13,8482,16000,1140100,71.3,71.3,71.2,71.3,0.1,15,858
2023-02-14,8482,15000,1081500,71.6,72.3,71.6,72.2,0.9,14,846
2023-02-15,8482,33000,2377400,72.2,72.4,71.8,72.2,0.0,22,770
2023-02-16,8482,44000,3205300,72.5,73.2,72.5,72.7,0.5,20,726
2023-02-17,8482,4000,291100,72.8,72.8,72.7,72.7,0.0,4,934
2023-02-20,8482,25000,1830500,73.2,73.5,72.9,73.2,0.5,20,844
2023-02-21,8482,15000,1092500,72.8,73.0,72.8,73.0,-0.2,13,877
2023-02-22,8482,17000,1231900,72.5,72.6,72.4,72.4,-0.6,16,861
2023-02-23,8482,21235,1547860,72.3,73.1,72.3,72.9,0.5,20,869
2023-02-24,8482,15075,1106742,73.5,73.5,73.2,73.5,0.6,15,874
2023-03-01,8482,21161,1557960,73.6,74.0,73.2,73.5,0.0,27,860
2023-03-02,8482,4011,294618,73.1,73.6,73.1,73.6,0.1,5,943
2023-03-03,8482,12484,924829,73.9,74.2,73.9,74.0,0.4,25,883
2023-03-06,8482,8624,643221,74.3,74.6,74.3,74.6,0.6,49,928
2023-03-07,8482,26034,1957122,74.7,75.5,74.6,75.0,0.4,27,859
2023-03-08,8482,7036,529943,75.4,75.5,75.1,75.2,0.2,7,928
2023-03-09,8482,18000,1358300,75.4,75.5,75.3,75.3,0.1,10,885
2023-03-10,8482,7027,526027,75.2,75.2,74.6,74.6,-0.7,8,939
2023-03-13,8482,29065,2131709,74.6,74.6,73.0,73.2,-1.4,47,855
2023-03-14,8482,8280,603615,72.5,73.2,72.5,73.2,0.0,13,915
2023-03-15,8482,2720,196739,73.0,73.0,73.0,73.0,-0.2,15,953
2023-03-16,8482,10000,723400,72.0,72.8,72.0,72.8,-0.2,10,909
2023-03-17,8482,4009,293293,73.1,73.3,73.1,73.3,0.5,3,943
2023-03-20,8482,4000,293600,73.5,73.5,73.1,73.5,0.2,4,938
2023-03-21,8482,0,0,0.0,0.0,0.0,0.0,0.0,0,971
2023-03-22,8482,4053,298695,73.9,73.9,73.6,73.6,0.0,8,951
2023-03-23,8482,6000,442900,73.6,74.5,73.6,74.0,0.4,5,937
2023-03-24,8482,3000,223400,74.5,74.5,74.4,74.4,0.4,3,956
2023-03-27,8482,8000,594700,74.4,74.4,74.3,74.3,-0.1,6,921
2023-03-28,8482,115074,8724580,74.8,76.6,74.8,76.0,1.7,44,640
2023-03-29,8482,139211,10637747,75.9,76.8,75.1,76.5,0.5,50,574
2023-03-30,8482,26115,2020084,77.7,77.7,77.1,77.2,0.7,48,799
2023-03-31,8482,43243,3357295,77.2,77.9,77.2,77.5,0.3,92,750
2023-04-06,8482,37145,2895548,77.3,78.9,77.2,77.6,0.1,48,785
2023-04-07,8482,20000,1559700,78.0,78.1,77.9,78.1,0.5,9,846
2023-04-10,8482,29082,2270811,78.5,78.7,77.8,77.8,-0.3,28,820
2023-04-11,8482,4001,311278,77.8,77.8,77.8,77.8,0.0,5,950
2023-04-12,8482,23000,1780400,77.2,77.6,77.2,77.4,-0.4,21,876
2023-04-13,8482,24027,1847798,77.0,77.0,76.6,76.8,-0.6,25,862
2023-04-14,8482,58048,4442105,77.1,77.2,76.0,76.3,-0.5,41,764
2023-04-17,8482,28083,2143190,76.4,76.8,76.0,76.4,0.1,27,862
2023-04-18,8482,11019,847864,76.4,77.5,76.4,77.1,0.7,11,917
2023-04-19,8482,16026,1236804,77.3,77.5,77.0,77.0,-0.1,16,898
2023-04-20,8482,10020,769345,76.8,77.3,76.6,76.8,-0.2,9,915
2023-04-21,8482,20105,1524589,75.5,76.8,75.5,75.6,-1.2,28,878
2023-04-24,8482,5000,379800,75.6,76.4,75.5,75.9,0.3,5,930
2023-04-25,8482,9007,681529,75.8,75.8,75.5,75.6,-0.3,11,924
2023-04-26,8482,0,0,0.0,0.0,0.0,0.0,0.0,0,971
2023-04-27,8482,0,0,0.0,0.0,0.0,0.0,0.0,0,970
2023-04-28,8482,3203,243527,75.8,76.2,75.8,76.2,0.0,6,946
2023-05-02,8482,3014,231866,77.0,77.0,76.8,76.8,0.6,5,952
2023-05-03,8482,4000,306900,76.8,77.0,76.5,77.0,0.2,4,936
2023-05-04,8482,5000,383500,76.8,77.2,76.5,77.2,0.2,5,943
2023-05-05,8482,3000,230100,76.8,76.8,76.6,76.6,-0.6,3,953
2023-05-08,8482,4100,316100,77.1,77.2,77.0,77.0,0.4,6,945
2023-05-09,8482,5000,382600,76.6,76.6,76.5,76.5,-0.5,5,932
2023-05-10,8482,5003,381330,76.2,77.0,75.8,77.0,0.5,6,933
2023-05-11,8482,22052,1664197,76.5,76.5,75.3,75.3,-1.7,21,869
2023-05-12,8482,72558,5282717,72.6,74.0,72.0,73.3,-2.0,69,663
2023-05-15,8482,63125,4562087,73.0,73.0,71.9,72.2,-1.1,57,701
2023-05-16,8482,10099,740247,72.8,73.7,72.6,73.7,1.5,13,918
2023-05-17,8482,54360,4116716,73.8,77.8,73.5,77.1,3.4,58,795
2023-05-18,8482,12860,986699,77.0,77.0,76.5,76.7,-0.4,29,908
2023-05-19,8482,14238,1090924,76.1,76.9,75.6,76.8,0.1,13,890
2023-05-22,8482,17196,1322439,76.8,77.1,76.7,76.8,0.0,28,866
2023-05-23,8482,18050,1388739,76.2,77.1,76.2,77.0,0.2,19,876
2023-05-24,8482,27000,2077900,76.9,77.0,76.8,76.8,-0.2,23,837
2023-05-25,8482,8000,609000,76.0,76.9,75.8,76.8,0.0,6,919
2023-05-26,8482,6004,460307,76.7,76.9,76.4,76.4,-0.4,7,942
2023-05-29,8482,4060,310390,76.5,76.5,76.4,76.4,0.0,7,949
2023-05-30,8482,8331,635018,76.4,76.4,76.0,76.1,-0.3,60,908
2023-05-31,8482,16212,1246832,76.5,77.2,76.2,77.2,1.1,26,859
2023-06-01,8482,221,16830,0.0,0.0,0.0,0.0,0.0,17,970
2023-06-02,8482,6000,462500,77.1,77.1,77.0,77.0,0.0,6,949
2023-06-05,8482,2062,158642,77.0,77.0,76.9,76.9,-0.1,5,961
2023-06-06,8482,9000,690000,76.9,77.0,76.2,76.9,0.0,9,925
2023-06-07,8482,6009,461690,76.9,76.9,76.5,76.9,0.0,9,953
2023-06-08,8482,1150,87411,75.9,75.9,75.9,75.9,-1.0,40,969
2023-06-09,8482,6000,461100,76.8,76.9,76.7,76.9,1.0,6,947
2023-06-12,8482,20211,1542347,76.6,76.6,76.0,76.5,-0.4,20,881
2023-06-13,8482,18030,1382104,76.5,76.9,75.8,75.8,-0.7,19,890
2023-06-14,8482,26001,1966675,75.9,76.1,75.3,76.1,0.3,17,856
2023-06-15,8482,13000,984100,76.2,76.2,75.3,76.1,0.0,10,923
2023-06-16,8482,5000,381400,76.3,76.3,76.2,76.2,0.1,5,958
2023-06-19,8482,2030,154395,76.1,76.1,76.0,76.0,-0.2,3,963
2023-06-20,8482,0,0,0.0,0.0,0.0,0.0,0.0,0,972
