date,stock_id,Trading_Volume,Trading_money,open,max,min,close,spread,Trading_turnover,Trading_money_rank
2017-11-24,8499,4293000,572602500,122.0,160.0,122.0,158.0,0.0,2740,51
2017-11-27,8499,2038705,296558135,147.0,151.0,140.5,142.5,-15.5,1617,77
2017-11-28,8499,1210295,171628216,145.5,146.0,135.5,146.0,3.5,1023,127
2017-11-29,8499,1467000,222063000,147.0,162.0,142.0,155.0,9.0,1177,118
2017-11-30,8499,1075000,160747000,150.0,157.0,145.5,146.0,-9.0,877,174
2017-12-01,8499,1121330,156103715,148.0,148.0,131.5,133.0,-13.0,960,173
2017-12-04,8499,667100,84635250,130.0,131.0,123.5,124.5,-8.5,560,207
2017-12-05,8499,814100,94558400,123.0,123.0,112.5,112.5,-12.0,652,217
2017-12-06,8499,536070,62564260,112.0,121.5,112.0,116.0,3.5,460,251
2017-12-07,8499,372151,41667638,116.0,116.0,110.0,111.5,-4.5,328,270
2017-12-08,8499,455249,48339141,111.5,112.0,101.5,107.5,-4.0,370,256
2017-12-11,8499,239300,25538500,106.5,110.0,103.5,107.0,-0.5,214,325
2017-12-12,8499,448000,50093500,108.5,116.0,106.0,111.0,4.0,378,240
2017-12-13,8499,509340,54203700,109.0,111.0,103.5,105.0,-6.0,412,225
2017-12-14,8499,260100,27420600,105.5,108.0,103.5,105.0,0.0,209,324
2017-12-15,8499,174100,18051200,106.0,106.0,103.0,103.0,-2.0,141,374
2017-12-18,8499,131130,13737780,103.0,107.0,103.0,105.0,2.0,122,392
2017-12-19,8499,150001,15563104,105.0,105.5,102.5,103.0,-2.0,135,374
2017-12-20,8499,552000,59790500,103.5,113.0,102.5,113.0,10.0,454,214
2017-12-21,8499,549051,61916441,113.0,116.5,109.0,113.5,0.5,469,222
2017-12-22,8499,206200,22924900,113.0,113.0,110.0,111.0,-2.5,194,343
2017-12-25,8499,264200,28498600,111.0,112.0,106.0,106.0,-5.0,213,298
2017-12-26,8499,228460,23783610,106.0,107.0,102.5,103.5,-2.5,186,332
2017-12-27,8499,109100,11487000,104.0,106.5,104.0,104.5,1.0,100,410
2017-12-28,8499,100130,10395520,104.5,104.5,103.5,103.5,-1.0,93,454
2017-12-29,8499,140030,14663150,104.0,106.5,104.0,104.0,0.5,110,427
2018-01-02,8499,165000,16829000,104.0,104.0,101.0,102.5,-1.5,142,412
2018-01-03,8499,118080,12218740,103.0,104.5,102.5,103.0,0.5,105,491
2018-01-04,8499,70000,7258000,103.0,104.5,103.0,103.5,0.5,63,561
2018-01-05,8499,97106,9955918,103.5,103.5,102.0,102.0,-1.5,84,528
2018-01-08,8499,391190,41889020,102.5,109.0,102.5,108.5,6.5,312,352
2018-01-09,8499,221052,23264908,106.5,107.5,104.0,104.0,-4.5,181,404
2018-01-10,8499,151088,15514888,104.0,104.0,102.0,102.0,-2.0,130,466
2018-01-11,8499,252308,25133630,102.0,103.0,97.0,97.4,-4.6,224,369
2018-01-12,8499,193100,18909900,97.5,99.5,97.4,97.4,0.0,159,412
2018-01-15,8499,412250,38533900,97.4,97.4,91.4,92.5,-4.9,348,314
2018-01-16,8499,148000,13994000,92.7,95.5,92.7,95.2,2.7,123,454
2018-01-17,8499,146030,14062553,95.2,97.0,94.0,96.1,0.9,103,457
2018-01-18,8499,90020,8553590,97.0,97.0,94.5,94.5,-1.6,80,564
2018-01-19,8499,84000,7996300,95.2,95.9,95.0,95.0,0.5,65,539
2018-01-22,8499,91030,8523090,95.5,95.5,93.2,93.2,-1.8,81,546
2018-01-23,8499,80050,7484455,93.3,94.0,93.2,94.0,0.8,56,554
2018-01-24,8499,46000,4261900,94.5,94.5,92.4,92.5,-1.5,45,620
2018-01-25,8499,144000,13161300,92.5,92.5,90.5,91.0,-1.5,116,448
2018-01-26,8499,77278,7001403,91.0,91.0,90.3,90.3,-0.7,71,525
2018-01-29,8499,78070,7081010,92.8,92.8,89.0,91.5,1.2,71,530
2018-01-30,8499,45322,4064358,90.3,90.3,89.0,89.0,-2.5,42,619
2018-01-31,8499,378000,34356200,88.0,96.3,84.5,94.8,5.8,314,311
2018-02-01,8499,323102,30657392,94.4,97.0,92.2,96.0,1.2,275,297
2018-02-02,8499,97000,9106000,95.0,95.0,92.5,93.0,-3.0,79,444
2018-02-05,8499,115000,10241400,90.0,90.3,88.2,90.1,-2.9,95,484
2018-02-06,8499,217000,18793500,86.5,92.0,84.0,85.1,-5.0,167,563
2018-02-07,8499,107050,9257910,86.8,88.0,84.2,84.2,-0.9,82,529
2018-02-08,8499,76000,6447700,84.2,85.4,84.2,85.0,0.8,48,518
2018-02-09,8499,87100,7299690,83.0,85.0,82.1,83.2,-1.8,64,581
2018-02-12,8499,85030,7258056,85.0,86.3,84.2,85.8,2.6,63,536
2018-02-21,8499,40000,3487200,87.8,87.8,86.5,86.7,0.9,34,649
2018-02-22,8499,53001,4591990,87.1,87.3,86.1,87.1,0.4,48,551
2018-02-23,8499,170098,15386265,87.8,92.5,87.8,92.0,4.9,145,422
2018-02-26,8499,127000,11384000,92.1,92.1,88.5,88.7,-3.3,106,434
2018-02-27,8499,36000,3174600,89.0,89.0,87.7,87.7,-1.0,31,636
2018-03-01,8499,107000,9473500,88.7,89.7,87.6,87.8,0.1,90,455
2018-03-02,8499,54000,4732500,87.8,88.1,87.0,87.6,-0.2,44,564
2018-03-05,8499,24010,2103661,87.8,88.1,87.2,87.2,-0.4,25,701
2018-03-06,8499,46000,4027000,87.3,87.8,87.3,87.5,0.3,31,578
2018-03-07,8499,94025,8182572,87.3,87.7,86.0,86.0,-1.5,64,486
2018-03-08,8499,51130,4401392,86.0,86.5,86.0,86.0,0.0,38,606
2018-03-09,8499,44000,3827200,87.0,87.9,86.8,87.0,1.0,35,623
2018-03-12,8499,122000,10762400,86.5,89.0,86.5,88.8,1.8,93,494
2018-03-13,8499,44000,3893800,89.3,89.3,88.0,88.2,-0.6,36,644
2018-03-14,8499,48050,4276980,88.5,89.9,88.5,89.5,1.3,39,601
2018-03-15,8499,28000,2497200,89.3,89.5,88.7,89.4,-0.1,22,686
2018-03-16,8499,169008,15515759,89.9,93.7,89.5,91.5,2.1,141,442
2018-03-19,8499,65010,5955500,91.6,92.5,91.1,91.3,-0.2,48,568
2018-03-20,8499,37000,3351300,90.7,91.1,90.2,90.2,-1.1,32,623
2018-03-21,8499,22000,1993000,90.2,91.0,90.2,90.6,0.4,22,730
2018-03-22,8499,66000,5955800,90.8,91.3,89.7,90.9,0.3,45,590
2018-03-23,8499,94000,8296400,88.9,89.0,88.0,88.0,-2.9,67,547
2018-03-26,8499,103050,9377250,89.2,92.4,89.2,90.6,2.6,87,496
2018-03-27,8499,401042,38860782,91.1,99.6,91.1,99.6,9.0,277,285
2018-03-28,8499,1108634,116537152,103.5,109.0,101.5,105.5,5.9,860,149
2018-03-29,8499,440400,44684600,102.5,103.5,99.7,102.0,-3.5,359,267
2018-03-30,8499,203000,20449500,103.0,103.0,100.0,100.0,-2.0,167,372
2018-03-31,8499,195240,19274016,101.0,101.0,97.8,98.1,-1.9,175,324
2018-04-02,8499,157290,15762824,97.7,102.0,97.7,100.0,1.9,137,423
2018-04-03,8499,124000,12164100,99.6,99.6,97.5,98.2,-1.8,104,455
2018-04-09,8499,63178,6183108,99.0,99.5,97.5,97.6,-0.6,60,592
2018-04-10,8499,107000,10476800,98.6,98.7,97.2,97.6,0.0,95,533
2018-04-11,8499,106036,10220341,97.6,97.9,95.5,95.6,-2.0,89,525
2018-04-12,8499,65050,6213374,95.6,96.0,95.1,95.5,-0.1,63,565
2018-04-13,8499,67000,6430200,95.7,96.3,95.5,96.0,0.5,59,565
2018-04-16,8499,38100,3688089,97.5,97.5,96.2,96.3,0.3,39,649
2018-04-17,8499,92056,8617480,96.0,96.0,92.8,93.0,-3.3,80,523
2018-04-18,8499,62050,5782920,93.1,94.5,92.3,92.5,-0.5,45,551
2018-04-19,8499,47050,4362024,92.5,93.0,92.4,92.4,-0.1,41,592
2018-04-20,8499,36003,3318779,92.4,92.5,92.0,92.4,0.0,29,619
2018-04-23,8499,96001,8686290,92.8,92.8,89.6,89.7,-2.7,68,491
2018-04-24,8499,51044,4529506,90.4,90.4,88.4,88.8,-0.9,49,645
2018-04-25,8499,26010,2314290,89.7,89.9,88.0,88.5,-0.3,23,702
2018-04-26,8499,43000,3817700,89.5,89.5,88.5,88.6,0.1,31,644
2018-04-27,8499,25000,2205900,88.4,88.6,88.0,88.6,0.0,24,669
2018-04-30,8499,11000,977300,88.6,90.0,88.6,89.6,1.0,10,765
2018-05-02,8499,19100,1702960,89.6,89.6,88.8,89.6,0.0,16,701
2018-05-03,8499,18000,1609600,89.6,89.7,89.2,89.6,0.0,15,706
2018-05-04,8499,5000,441900,88.2,88.5,88.2,88.5,-1.1,5,819
2018-05-07,8499,38000,3451900,89.0,92.6,89.0,90.7,2.2,34,598
2018-05-08,8499,25006,2260938,90.9,91.0,90.0,90.0,-0.7,22,671
2018-05-09,8499,19252,1750154,89.4,91.8,89.4,90.4,0.4,20,699
2018-05-10,8499,69000,6098300,90.0,90.0,88.0,88.7,-1.7,60,542
2018-05-11,8499,34000,3017700,90.7,90.7,88.1,88.1,-0.6,30,685
2018-05-14,8499,146001,12448085,86.8,86.8,84.0,84.5,-3.6,92,463
2018-05-15,8499,128050,10585639,84.0,84.5,82.0,82.0,-2.5,93,472
2018-05-16,8499,56000,4606600,82.0,83.8,81.6,82.4,0.4,49,613
2018-05-17,8499,85050,7119270,86.0,86.0,82.6,82.6,0.2,73,508
2018-05-18,8499,33000,2777000,84.0,85.0,83.7,84.4,1.8,29,664
2018-05-21,8499,35000,2971700,84.5,85.1,84.5,84.5,0.1,22,668
2018-05-22,8499,55000,4616700,84.5,84.5,83.4,84.0,-0.5,40,572
2018-05-23,8499,24000,1989000,84.0,84.0,82.7,82.7,-1.3,24,683
2018-05-24,8499,32000,2639000,82.7,82.7,82.1,82.5,-0.2,25,640
2018-05-25,8499,41000,3391900,82.5,83.0,82.5,82.6,0.1,31,606
2018-05-28,8499,38000,3109800,83.0,83.0,80.0,82.0,-0.6,31,651
2018-05-29,8499,16000,1315700,82.5,82.5,82.0,82.2,0.2,15,758
2018-05-30,8499,67300,5699969,83.3,85.9,83.3,84.3,2.1,59,559
2018-05-31,8499,24200,2038380,85.0,85.3,83.3,83.3,-1.0,23,732
2018-06-01,8499,18000,1497900,83.3,83.9,82.9,83.9,0.6,17,754
2018-06-04,8499,17051,1422358,84.9,84.9,83.1,83.5,-0.4,19,785
2018-06-05,8499,7000,583300,83.5,83.6,83.1,83.1,-0.4,7,833
2018-06-06,8499,45000,3729300,82.3,83.5,82.3,83.0,-0.1,31,683
2018-06-07,8499,31000,2594000,83.0,84.2,82.7,84.0,1.0,27,727
2018-06-08,8499,13038,1104821,85.5,85.5,83.9,84.8,0.8,12,789
2018-06-11,8499,19000,1606100,85.3,85.3,84.1,84.3,-0.5,18,774
2018-06-12,8499,69102,5825158,85.1,85.3,83.4,84.7,0.4,51,605
2018-06-13,8499,199050,17601600,85.0,92.0,84.2,90.0,5.3,158,426
2018-06-14,8499,93100,8253350,88.6,89.9,87.3,89.9,-0.1,75,532
2018-06-15,8499,37266,3251855,89.8,89.8,86.4,86.6,-3.3,37,648
2018-06-19,8499,28124,2395690,86.3,86.3,84.5,84.5,-2.1,30,695
2018-06-20,8499,12010,1019569,84.8,85.9,84.2,84.2,-0.3,13,790
2018-06-21,8499,11000,925900,84.2,84.9,84.0,84.9,0.7,10,783
2018-06-22,8499,9100,767270,85.0,85.0,83.7,84.1,-0.8,10,798
2018-06-25,8499,16000,1335100,84.0,84.9,83.1,83.1,-1.0,15,749
2018-06-26,8499,39002,3293873,82.9,87.0,82.3,85.9,2.8,34,670
2018-06-27,8499,17000,1424300,83.2,84.0,83.2,84.0,-1.9,14,729
2018-06-28,8499,27000,2276400,83.6,86.0,83.4,84.9,0.9,26,690
2018-06-29,8499,15000,1275900,84.3,85.9,84.3,85.5,0.6,14,727
2018-07-02,8499,5000,420600,84.9,84.9,83.7,83.7,-1.8,5,814
2018-07-03,8499,19000,1602600,84.8,84.9,83.9,83.9,0.2,17,741
2018-07-04,8499,11000,921300,83.6,84.0,83.5,83.6,-0.3,10,769
2018-07-05,8499,17000,1419500,82.7,84.0,82.7,83.2,-0.4,15,734
2018-07-06,8499,32000,2687100,84.0,84.3,83.6,84.3,1.1,29,673
2018-07-09,8499,7000,590000,84.3,85.0,84.0,85.0,0.7,7,805
2018-07-10,8499,35000,2936700,84.1,84.1,83.6,84.0,-1.0,24,621
2018-07-11,8499,26000,2182000,84.0,84.1,83.7,84.1,0.1,18,642
2018-07-12,8499,16050,1348085,84.0,84.1,83.9,84.0,-0.1,17,702
2018-07-13,8499,56000,4761600,84.1,85.9,84.0,85.0,1.0,42,540
2018-07-16,8499,7000,589000,85.0,85.0,83.8,83.8,-1.2,7,804
2018-07-17,8499,20148,1670454,83.2,83.2,82.7,82.7,-1.1,19,683
2018-07-18,8499,9030,752396,83.6,83.9,82.7,83.9,1.2,10,797
2018-07-19,8499,6000,497300,83.0,83.0,82.8,82.8,-1.1,6,794
2018-07-20,8499,9000,741500,82.5,82.8,82.3,82.3,-0.5,9,782
2018-07-23,8499,6000,493000,82.5,82.5,82.1,82.1,-0.2,6,795
2018-07-24,8499,6099,504827,83.0,83.3,82.1,82.1,0.0,8,803
2018-07-25,8499,4000,330000,82.3,83.3,82.2,83.3,1.2,4,822
2018-07-26,8499,27000,2223900,82.4,82.4,82.3,82.3,-1.0,17,640
2018-07-27,8499,16000,1316100,82.3,82.3,82.1,82.3,0.0,11,710
2018-07-30,8499,17000,1394000,82.0,82.0,82.0,82.0,-0.3,8,714
2018-07-31,8499,6030,490687,80.9,82.7,80.8,81.5,-0.5,7,799
2018-08-01,8499,18040,1459476,81.0,81.1,80.7,80.8,-0.7,16,712
2018-08-02,8499,31000,2469700,80.8,80.8,78.0,79.8,-1.0,28,658
2018-08-03,8499,77320,5982068,79.7,79.7,77.0,77.2,-2.6,70,501
2018-08-06,8499,98400,7409240,77.2,77.2,74.0,74.3,-2.9,85,480
2018-08-07,8499,66002,4781156,74.0,74.0,72.0,72.6,-1.7,61,559
2018-08-08,8499,62003,4478232,72.6,72.6,72.0,72.4,-0.2,47,563
2018-08-09,8499,41000,3024900,72.3,74.3,72.3,74.3,1.9,37,607
2018-08-10,8499,125000,9727600,74.3,80.0,74.1,77.2,2.9,95,462
2018-08-13,8499,38000,2866300,76.0,76.5,75.0,75.0,-2.2,24,730
2018-08-14,8499,16000,1202000,75.1,76.0,75.0,75.0,0.0,13,751
2018-08-15,8499,22000,1669500,77.0,77.0,75.5,75.5,0.5,21,722
2018-08-16,8499,17150,1287330,75.5,75.5,74.4,74.4,-1.1,18,738
2018-08-17,8499,9000,675600,74.7,75.9,74.5,75.9,1.5,9,794
2018-08-20,8499,21005,1568179,75.6,75.8,74.0,74.0,-1.9,22,715
2018-08-21,8499,7000,528600,75.5,75.6,75.5,75.6,1.6,7,803
2018-08-22,8499,7000,526500,75.6,75.6,75.0,75.0,-0.6,5,796
2018-08-23,8499,25000,1896500,75.0,76.3,75.0,75.9,0.9,25,654
2018-08-24,8499,31000,2349400,75.9,76.1,75.2,75.4,-0.5,26,605
2018-08-27,8499,47222,3629936,78.0,78.0,76.1,77.0,1.6,51,551
2018-08-28,8499,93063,7163508,77.5,77.5,76.6,77.0,0.0,74,477
2018-08-29,8499,37000,2671700,72.7,72.7,71.5,71.5,0.0,28,612
2018-08-30,8499,11003,788334,71.6,71.7,71.6,71.7,0.2,12,759
2018-08-31,8499,24000,1718400,71.7,71.9,71.4,71.9,0.2,13,652
2018-09-03,8499,49050,3471150,72.4,72.4,70.0,70.4,-1.5,37,590
2018-09-04,8499,18359,1296736,71.2,71.2,70.3,70.3,-0.1,17,714
2018-09-05,8499,20000,1401700,70.3,70.5,70.0,70.0,-0.3,19,692
2018-09-06,8499,33000,2303300,71.0,71.0,69.5,69.7,-0.3,31,632
2018-09-07,8499,35086,2363479,69.1,69.1,66.7,67.2,-2.5,28,710
2018-09-10,8499,33000,2221000,67.5,68.0,66.5,67.5,0.3,32,732
2018-09-11,8499,15000,999300,67.5,67.5,66.2,66.4,-1.1,14,755
2018-09-12,8499,11000,725000,66.4,66.4,65.6,65.6,-0.8,11,780
2018-09-13,8499,17000,1129800,66.0,67.0,66.0,66.8,1.2,16,734
2018-09-14,8499,11050,745050,67.2,67.6,67.2,67.5,0.7,11,767
2018-09-17,8499,8000,539800,67.6,67.7,66.9,66.9,-0.6,7,778
2018-09-18,8499,11000,731500,66.5,67.0,66.0,67.0,0.1,10,758
2018-09-19,8499,9000,603700,67.0,67.5,66.6,66.7,-0.3,9,825
2018-09-20,8499,6000,397500,66.7,66.7,65.6,66.6,-0.1,5,816
2018-09-21,8499,19005,1250535,66.6,66.6,65.5,66.0,-0.6,18,703
2018-09-25,8499,44052,2933640,65.0,68.0,64.3,67.1,1.1,38,584
2018-09-26,8499,54004,3631988,67.7,67.9,66.4,67.8,0.7,38,546
2018-09-27,8499,13000,870400,67.8,67.8,66.6,66.6,-1.2,13,750
2018-09-28,8499,102000,6960800,67.2,69.7,66.8,69.5,2.9,76,470
2018-10-01,8499,122000,8804700,71.1,74.0,71.1,72.1,2.6,88,405
2018-10-02,8499,49170,3543840,73.5,73.5,71.0,71.0,-1.1,40,533
2018-10-03,8499,44000,3073000,70.7,70.7,68.0,68.4,-2.6,34,586
2018-10-04,8499,18000,1227900,68.0,69.4,67.3,69.4,1.0,15,716
2018-10-05,8499,36020,2435688,68.3,68.4,67.2,67.2,-2.2,32,710
2018-10-08,8499,14000,931300,66.6,66.7,66.4,66.7,-0.5,12,759
2018-10-09,8499,36000,2546700,72.4,72.4,68.8,69.0,2.3,35,642
2018-10-11,8499,89000,5884200,67.0,68.7,63.9,66.7,-2.3,70,685
2018-10-12,8499,48000,3217700,66.7,68.0,66.3,67.5,0.8,37,696
2018-10-15,8499,31000,2068200,67.2,67.3,66.3,67.0,-0.5,27,656
2018-10-16,8499,47000,3205900,67.0,69.0,67.0,68.0,1.0,34,583
2018-10-17,8499,18000,1232400,68.6,68.6,68.3,68.4,0.4,16,712
2018-10-18,8499,142000,9991000,68.8,71.5,68.8,71.5,3.1,87,361
2018-10-19,8499,27000,1886700,69.6,70.7,68.8,70.0,-1.5,25,643
2018-10-22,8499,41000,2927900,70.7,72.0,70.7,71.3,1.3,33,526
2018-10-23,8499,39000,2734300,70.6,70.6,69.5,69.5,-1.8,28,557
2018-10-24,8499,75000,5271700,70.0,71.0,69.6,70.0,0.5,21,479
2018-10-25,8499,8080,552956,68.5,68.5,68.3,68.5,-1.5,9,820
2018-10-26,8499,21135,1468801,69.5,70.0,68.5,69.6,1.1,19,720
2018-10-29,8499,10001,693068,70.7,70.7,68.8,68.8,-0.8,10,758
2018-10-30,8499,27135,1840980,68.2,68.2,67.3,67.3,-1.5,21,664
2018-10-31,8499,156000,11020000,68.5,71.8,68.2,70.6,3.3,115,371
2018-11-01,8499,170070,12333985,71.4,73.5,70.6,72.9,2.3,115,347
2018-11-02,8499,68100,4961780,73.6,73.8,72.1,72.7,-0.2,55,504
2018-11-05,8499,67000,4955700,72.8,75.0,72.8,73.8,1.1,51,419
2018-11-06,8499,115000,8601800,75.5,76.8,73.4,74.0,0.2,88,389
2018-11-07,8499,54000,3970200,73.0,74.7,73.0,74.7,0.7,31,480
2018-11-08,8499,78000,5870400,76.0,76.0,74.5,74.5,-0.2,74,466
2018-11-09,8499,47000,3486800,75.0,75.0,73.7,74.1,-0.4,35,508
2018-11-12,8499,27000,2007900,74.1,74.6,74.0,74.4,0.3,19,603
2018-11-13,8499,20000,1463600,73.0,73.5,73.0,73.5,-0.9,19,651
2018-11-14,8499,28000,2066200,73.1,74.7,72.8,74.0,0.5,27,606
2018-11-15,8499,34000,2527900,74.0,74.6,74.0,74.5,0.5,24,577
2018-11-16,8499,13000,964500,74.4,74.4,74.1,74.1,-0.4,11,720
2018-11-19,8499,21000,1553000,74.4,74.5,73.7,74.0,-0.1,19,644
2018-11-20,8499,21000,1542300,73.8,73.8,73.3,73.3,-0.7,17,624
2018-11-21,8499,11000,811300,74.0,74.1,73.3,73.9,0.6,8,718
2018-11-22,8499,19000,1402200,74.1,74.4,73.7,73.7,-0.2,16,646
2018-11-23,8499,28000,2063900,73.8,74.1,73.3,73.3,-0.4,25,593
2018-11-26,8499,17000,1251700,73.1,74.2,73.1,74.0,0.7,15,695
2018-11-27,8499,36000,2679500,73.6,74.8,73.6,74.8,0.8,30,550
2018-11-28,8499,93000,7142400,75.0,77.9,75.0,77.5,2.7,75,456
2018-11-29,8499,24000,1850200,77.7,77.7,76.6,76.6,-0.9,22,680
2018-11-30,8499,44050,3417525,76.3,78.2,76.3,77.7,1.1,40,584
2018-12-03,8499,64000,5047600,78.0,79.4,77.5,79.2,1.5,51,607
2018-12-04,8499,18231,1444080,79.0,79.5,79.0,79.4,0.2,15,729
2018-12-05,8499,30000,2365100,78.9,79.0,78.5,79.0,-0.4,28,633
2018-12-06,8499,40000,3123600,79.0,79.0,77.6,77.7,-1.3,37,641
2018-12-07,8499,147103,11940137,78.8,83.1,78.8,82.2,4.5,114,360
2018-12-10,8499,178003,14868846,81.7,86.5,80.5,82.0,-0.2,137,329
2018-12-11,8499,38104,3135033,80.5,83.0,80.5,81.9,-0.1,38,555
2018-12-12,8499,159177,13578476,82.4,87.3,82.0,87.0,5.1,126,385
2018-12-13,8499,149013,13161850,87.0,89.9,86.5,87.8,0.8,137,374
2018-12-14,8499,49310,4306270,88.1,88.5,86.1,87.4,-0.4,47,511
2018-12-17,8499,83030,7327973,87.4,89.0,86.9,89.0,1.6,61,414
2018-12-18,8499,266065,24040677,89.1,92.0,88.9,90.9,1.9,198,308
2018-12-19,8499,212170,19616737,91.6,94.8,91.0,91.6,0.7,156,312
2018-12-20,8499,192001,17296087,91.5,93.0,86.8,87.8,-3.8,159,339
2018-12-21,8499,116000,10319700,88.9,90.6,87.5,90.1,2.3,104,402
2018-12-22,8499,71000,6476400,90.8,91.7,90.7,90.8,0.7,65,353
2018-12-24,8499,123601,11435151,91.7,93.4,91.1,92.9,2.1,99,346
2018-12-25,8499,75000,6769300,90.7,91.4,88.7,89.8,-3.1,72,431
2018-12-26,8499,61055,5434040,89.1,90.7,88.0,88.0,-1.8,52,449
2018-12-27,8499,90030,8061640,90.6,90.7,87.8,88.1,0.1,75,408
2018-12-28,8499,39000,3463600,88.2,89.8,88.2,89.6,1.5,38,507
2019-01-02,8499,27002,2431782,89.6,90.5,89.6,89.6,0.0,20,544
2019-01-03,8499,12147,1075909,90.0,90.0,88.2,88.2,-1.4,13,677
2019-01-04,8499,98012,8342120,85.2,86.5,84.0,84.9,-3.3,86,411
2019-01-07,8499,224020,20086932,90.6,91.3,88.2,90.3,5.4,159,283
2019-01-08,8499,52000,4677800,91.0,91.1,89.2,89.2,-1.1,48,457
2019-01-09,8499,66000,5906300,89.8,90.0,88.8,88.8,-0.4,48,496
2019-01-10,8499,157000,14321600,91.0,92.3,90.1,90.7,1.9,123,337
2019-01-11,8499,94150,8568869,91.1,92.5,90.0,90.7,0.0,71,412
2019-01-14,8499,520270,49327190,91.5,97.8,91.5,96.6,5.9,401,195
2019-01-15,8499,769000,75725400,97.8,101.5,95.0,95.0,-1.6,539,171
2019-01-16,8499,256000,24189400,94.5,96.0,93.3,93.5,-1.5,179,292
2019-01-17,8499,185000,17284700,94.0,94.6,92.1,92.5,-1.0,141,331
2019-01-18,8499,198050,18268550,92.6,94.0,90.2,91.1,-1.4,156,309
2019-01-21,8499,138030,12699048,93.3,93.3,90.3,91.6,0.5,119,365
2019-01-22,8499,71138,6450444,91.6,91.6,90.0,90.0,-1.6,69,424
2019-01-23,8499,248032,21941704,89.5,91.2,87.4,87.7,-2.3,207,262
2019-01-24,8499,461120,41885588,88.0,92.9,87.7,92.4,4.7,333,218
2019-01-25,8499,606063,57192790,94.8,95.5,93.0,93.0,0.6,486,214
2019-01-28,8499,289097,26400324,93.1,93.8,89.9,90.6,-2.4,231,281
2019-01-29,8499,186000,17126100,91.5,93.4,91.3,92.3,1.7,140,311
2019-01-30,8499,96024,8806505,92.3,92.5,91.3,91.5,-0.8,88,403
2019-02-11,8499,176000,16294200,93.5,93.5,91.8,92.5,1.0,126,359
2019-02-12,8499,146003,13689386,93.2,94.6,92.7,93.7,1.2,121,390
2019-02-13,8499,122000,11300100,94.0,94.0,92.1,92.9,-0.8,99,434
2019-02-14,8499,67000,6199500,92.5,93.3,92.3,92.4,-0.5,57,525
2019-02-15,8499,69000,6378200,92.4,92.7,92.3,92.6,0.2,60,516
2019-02-18,8499,218030,19929060,92.7,92.7,90.6,91.0,-1.6,158,362
2019-02-19,8499,75009,6899329,91.5,92.7,91.0,91.3,0.3,69,483
2019-02-20,8499,77000,7052100,91.4,92.4,91.0,91.2,-0.1,62,531
2019-02-21,8499,141000,12926600,92.0,92.3,90.8,91.6,0.4,100,422
2019-02-22,8499,161000,14927200,91.6,93.8,91.6,92.2,0.6,119,386
2019-02-25,8499,192000,17948400,93.2,94.6,92.3,93.3,1.1,161,382
2019-02-26,8499,102000,9451600,94.1,94.1,91.8,91.9,-1.4,84,478
2019-02-27,8499,55000,5019900,92.2,92.2,90.8,91.2,-0.7,51,549
2019-03-04,8499,62000,5640700,91.3,91.4,90.5,90.6,-0.6,52,545
2019-03-05,8499,49211,4440548,90.5,90.8,90.0,90.8,0.2,44,560
2019-03-06,8499,32000,2900500,90.5,91.0,90.3,90.7,-0.1,30,637
2019-03-07,8499,99000,8923900,90.9,91.0,89.6,89.9,-0.8,64,472
2019-03-08,8499,110000,10055200,90.0,92.4,90.0,92.4,2.5,92,427
2019-03-11,8499,131000,12208800,92.8,93.6,92.8,93.5,1.1,115,403
2019-03-12,8499,514037,49346629,94.1,97.8,94.1,96.8,3.3,424,256
2019-03-13,8499,450126,44606436,98.6,100.5,97.9,99.0,2.2,387,256
2019-03-14,8499,369069,36646300,100.0,101.0,97.9,99.4,0.4,281,301
2019-03-15,8499,1066194,115400146,102.0,109.0,102.0,109.0,9.6,540,207
2019-03-18,8499,2115468,246184724,114.5,119.5,112.0,117.5,8.5,1491,102
2019-03-19,8499,1778260,213006789,116.0,126.5,114.0,116.5,-1.0,1332,125
2019-03-20,8499,1131376,136087996,120.0,122.5,118.0,119.0,2.5,846,173
2019-03-21,8499,1284220,156455780,120.5,125.0,117.5,120.5,1.5,858,155
2019-03-22,8499,2433671,309244223,124.0,132.0,122.5,125.5,5.0,1725,99
2019-03-25,8499,973200,122612999,123.0,128.5,122.5,125.5,0.0,733,166
2019-03-26,8499,930486,114904820,126.5,128.0,120.0,120.0,-5.5,756,174
2019-03-27,8499,696000,84746000,122.0,126.5,117.5,122.5,2.5,518,196
2019-03-28,8499,303220,36818780,122.5,123.5,120.0,123.5,1.0,251,292
2019-03-29,8499,609380,73937100,126.0,126.0,118.0,118.0,-5.5,549,213
2019-04-01,8499,411000,48116500,119.0,120.0,115.5,116.0,-2.0,361,280
2019-04-02,8499,372315,44654115,117.0,121.5,117.0,121.0,5.0,331,289
2019-04-03,8499,564000,68789500,120.5,123.5,119.0,121.0,0.0,404,228
2019-04-08,8499,685400,84828800,123.5,125.5,121.0,124.0,3.0,515,235
2019-04-09,8499,604000,74438000,125.0,126.5,120.0,120.0,-4.0,476,229
2019-04-10,8499,242118,29311014,119.5,123.0,119.0,122.0,2.0,209,348
2019-04-11,8499,225150,27155074,123.0,123.0,118.5,119.5,-2.5,196,364
2019-04-12,8499,97018,11611660,119.5,121.0,119.0,119.5,0.0,88,453
2019-04-15,8499,322246,39353126,120.5,124.0,119.5,124.0,4.5,292,298
2019-04-16,8499,1267101,158508170,124.5,130.5,119.0,119.5,-4.5,1021,148
2019-04-17,8499,1034030,119576510,120.5,121.0,111.5,116.0,-3.5,877,185
2019-04-18,8499,875069,98253090,116.0,117.0,109.5,109.5,-6.5,734,224
2019-04-19,8499,634150,68952850,112.0,112.5,106.5,107.5,-2.0,487,213
2019-04-22,8499,473231,51508525,109.0,110.5,107.5,109.5,2.0,407,248
2019-04-23,8499,677129,76674835,113.0,115.0,111.0,115.0,5.5,561,203
2019-04-24,8499,224036,25277604,113.5,114.0,111.5,112.5,-2.5,175,334
2019-04-25,8499,135022,15177508,112.5,113.5,111.0,113.0,0.5,126,387
2019-04-26,8499,85400,9466300,113.0,113.0,110.5,110.5,-2.5,86,433
2019-04-29,8499,201177,21624348,110.0,110.0,106.0,107.0,-3.5,186,349
2019-04-30,8499,108000,11528000,108.5,108.5,106.0,107.0,0.0,104,405
2019-05-02,8499,217055,23530742,107.0,112.0,105.5,112.0,5.0,190,318
2019-05-03,8499,157000,17765000,111.5,114.5,111.5,113.5,1.5,137,358
2019-05-06,8499,157030,17409360,111.0,112.5,109.5,110.0,-3.5,130,415
2019-05-07,8499,103000,11358000,110.0,111.0,109.5,109.5,-0.5,93,421
2019-05-08,8499,262070,29422085,108.0,114.5,108.0,114.0,4.5,237,295
2019-05-09,8499,217035,23947867,113.5,113.5,107.0,107.5,-6.5,192,371
2019-05-10,8499,186040,20237860,109.0,111.5,106.5,107.0,-0.5,173,380
2019-05-13,8499,326240,33542119,108.0,108.5,100.0,100.5,-6.5,274,313
2019-05-14,8499,248085,24381915,100.0,100.0,96.5,99.0,-1.5,214,356
2019-05-15,8499,157627,16055727,101.5,103.0,99.9,101.5,2.5,146,376
2019-05-16,8499,205500,20223500,102.5,102.5,96.6,97.0,-4.5,180,358
2019-05-17,8499,240255,23014921,97.1,99.3,94.0,94.2,-2.8,208,341
2019-05-20,8499,148167,13702364,94.2,94.2,91.5,92.0,-2.2,141,388
2019-05-21,8499,171045,16417701,93.5,98.3,92.8,97.3,5.3,156,374
2019-05-22,8499,178100,17311789,98.1,99.0,95.1,95.1,-2.2,148,341
2019-05-23,8499,64000,6039600,95.7,95.7,94.0,94.3,-0.8,62,505
2019-05-24,8499,110025,10620750,94.5,98.1,94.3,96.9,2.6,90,402
2019-05-27,8499,67000,6472700,98.8,98.8,95.4,95.4,-1.5,54,508
2019-05-28,8499,62075,5904337,95.4,95.7,94.6,95.2,-0.2,57,503
2019-05-29,8499,36000,3410100,95.2,95.6,94.2,94.3,-0.9,33,593
2019-05-30,8499,36000,3410400,94.0,95.4,93.9,94.9,0.6,35,583
2019-05-31,8499,84010,8170675,95.0,98.0,95.0,96.9,2.0,78,471
2019-06-03,8499,40000,3803000,95.2,95.8,94.2,95.5,-1.4,40,575
2019-06-04,8499,41000,3873000,95.1,95.1,94.1,94.1,-1.4,34,527
2019-06-05,8499,59000,5648000,95.5,96.6,94.6,96.5,2.4,55,482
2019-06-06,8499,52100,4965420,96.5,96.8,94.5,94.7,-1.8,48,509
2019-06-10,8499,57000,5456000,96.5,96.9,95.0,95.0,0.3,54,510
2019-06-11,8499,84000,8118500,96.0,97.5,95.5,96.4,1.4,80,456
2019-06-12,8499,40000,3846100,96.5,96.7,95.7,95.7,-0.7,36,542
2019-06-13,8499,28500,2733300,95.7,96.7,95.3,95.3,-0.4,27,573
2019-06-14,8499,22100,2105700,95.4,96.0,95.0,95.0,-0.3,23,629
2019-06-17,8499,46200,4371340,95.0,95.0,94.2,94.2,-0.8,41,517
2019-06-18,8499,26000,2453500,93.8,94.8,93.8,94.5,0.3,25,589
2019-06-19,8499,72100,6913980,95.3,97.0,94.7,96.8,2.3,70,507
2019-06-20,8499,128105,12591474,96.2,99.4,96.2,98.5,1.7,126,417
2019-06-21,8499,85000,8381700,98.3,99.3,98.0,98.0,-0.5,75,502
2019-06-24,8499,21000,2058500,97.3,98.2,97.3,98.2,0.2,20,675
2019-06-25,8499,21000,2054300,98.0,98.0,97.4,97.4,-0.8,18,656
2019-06-26,8499,24000,2315400,97.2,97.2,96.1,96.2,-1.2,23,615
2019-06-27,8499,24000,2330300,96.5,97.6,96.5,97.1,0.9,16,652
2019-06-28,8499,45000,4322200,96.6,96.6,95.5,96.0,-1.1,40,529
2019-07-01,8499,181000,17980500,98.5,99.9,98.4,99.9,3.9,157,384
2019-07-02,8499,102000,10290800,100.0,102.0,99.9,100.5,0.6,92,466
2019-07-03,8499,61000,6086400,100.5,100.5,99.2,99.5,-1.0,54,537
2019-07-04,8499,77000,7686600,99.8,100.5,99.5,99.8,0.3,68,498
2019-07-05,8499,82150,8266350,101.0,101.0,100.0,101.0,1.2,76,472
2019-07-08,8499,664780,72312080,105.0,111.0,105.0,111.0,10.0,521,195
2019-07-09,8499,541325,60123237,112.0,112.5,109.0,111.5,0.5,434,219
2019-07-10,8499,426000,47655500,111.5,114.5,109.0,109.5,-2.0,350,255
2019-07-11,8499,187000,20547500,110.0,111.5,108.5,108.5,-1.0,156,387
2019-07-12,8499,471655,52775515,111.0,114.0,109.0,113.0,4.5,392,236
2019-07-15,8499,188250,20973500,113.0,113.0,110.5,110.5,-2.5,150,380
2019-07-16,8499,125030,13763315,111.0,111.0,109.0,110.0,-0.5,107,441
2019-07-17,8499,43090,4742035,109.5,110.5,109.5,110.5,0.5,43,603
2019-07-18,8499,131335,14534017,110.5,112.0,109.5,110.0,-0.5,112,397
2019-07-19,8499,543500,61770250,111.0,116.0,110.5,112.0,2.0,430,220
2019-07-22,8499,278260,31672640,112.5,115.0,112.0,115.0,3.0,232,307
2019-07-23,8499,303011,34132732,114.5,116.0,111.5,111.5,-3.5,237,312
2019-07-24,8499,94000,10540500,112.5,113.0,111.5,111.5,0.0,88,485
2019-07-25,8499,74250,8338624,112.5,113.0,111.5,112.5,1.0,69,503
2019-07-26,8499,61078,6877352,112.5,113.5,111.5,113.5,1.0,60,503
2019-07-29,8499,71000,7951000,113.5,113.5,110.5,110.5,-3.0,66,500
2019-07-30,8499,270093,29096230,111.0,111.5,105.5,106.0,-4.5,208,352
2019-07-31,8499,198200,21443700,106.0,111.0,105.0,109.0,3.0,187,355
2019-08-01,8499,664109,75417980,108.0,116.0,108.0,114.5,5.5,518,201
2019-08-02,8499,454119,50298328,111.5,113.0,109.0,109.5,-5.0,365,271
2019-08-05,8499,119060,12828600,109.0,110.0,106.5,107.5,-2.0,111,441
2019-08-06,8499,856313,94173808,103.0,116.5,101.0,116.0,8.5,549,184
2019-08-07,8499,446105,50705865,115.0,115.5,111.5,113.0,-3.0,350,239
2019-08-08,8499,827000,94357000,113.5,115.5,111.5,115.5,2.5,531,179
2019-08-12,8499,311010,35250205,115.0,115.5,112.0,112.5,-3.0,235,284
2019-08-13,8499,293010,31746080,110.0,110.5,106.5,107.0,-5.5,244,294
2019-08-14,8499,181001,19817110,110.0,111.0,108.5,108.5,1.5,146,369
2019-08-15,8499,152000,16170000,105.0,108.0,104.5,107.5,-1.0,120,395
2019-08-16,8499,600119,67936804,108.5,115.5,108.0,115.0,7.5,473,212
2019-08-19,8499,3049775,376418037,119.5,126.5,118.5,126.5,11.5,2185,73
2019-08-20,8499,3562367,462921924,129.0,134.5,124.5,126.5,0.0,2748,69
2019-08-21,8499,3088054,413195006,128.0,139.0,128.0,139.0,12.5,2387,68
2019-08-22,8499,2415571,337248152,141.0,142.5,137.0,138.5,-0.5,1970,88
2019-08-23,8499,2246031,312999526,142.0,145.5,134.0,135.5,-3.0,1811,78
2019-08-26,8499,1109020,144211580,131.5,133.0,127.0,127.0,-8.5,890,150
2019-08-27,8499,928141,123208176,130.0,136.5,129.0,131.5,4.5,837,179
2019-08-28,8499,541200,70268800,130.0,132.5,128.0,130.5,-1.0,450,206
2019-08-29,8499,1022220,136433600,132.5,135.5,130.5,131.0,0.5,858,153
2019-08-30,8499,656142,84596318,132.0,133.0,125.5,126.5,-4.5,538,221
2019-09-02,8499,483100,62609050,128.0,131.5,127.0,131.5,5.0,316,218
2019-09-03,8499,2379143,324145161,136.5,140.0,133.5,135.0,3.5,1846,70
2019-09-04,8499,554000,74685000,135.0,136.5,132.5,135.0,0.0,454,211
2019-09-05,8499,566500,76839500,137.0,137.5,134.0,136.0,1.0,404,220
2019-09-06,8499,1847169,259555167,138.5,142.0,138.0,142.0,6.0,1439,100
2019-09-09,8499,840739,113702504,137.0,137.5,132.0,134.5,0.0,708,165
2019-09-10,8499,518439,68269509,136.0,136.0,130.0,131.0,-3.5,406,217
2019-09-11,8499,354650,46788325,132.5,133.5,131.0,131.5,0.5,279,265
2019-09-12,8499,608201,77905125,132.0,132.5,126.0,127.5,-4.0,502,188
2019-09-16,8499,922966,112062852,127.5,128.0,119.0,120.0,-7.5,760,163
2019-09-17,8499,426150,52564525,121.5,125.0,121.5,123.5,3.5,385,225
2019-09-18,8499,160500,19775250,122.0,124.0,122.0,123.5,0.0,147,362
2019-09-19,8499,484370,61260675,125.0,128.0,124.5,127.5,4.0,371,204
2019-09-20,8499,302467,38580009,126.5,129.5,125.0,128.0,0.5,275,287
2019-09-23,8499,257219,32857922,130.0,130.0,126.0,126.0,-2.0,203,285
2019-09-24,8499,191102,24021504,126.0,127.0,124.5,127.0,1.0,176,339
2019-09-25,8499,169100,21375650,128.0,128.0,125.5,126.5,-0.5,138,337
2019-09-26,8499,188000,23826000,127.0,128.0,125.5,127.0,0.5,151,314
2019-09-27,8499,204393,25798911,128.0,128.0,124.5,127.0,0.0,174,329
2019-10-01,8499,617000,79736000,127.0,132.5,127.0,128.0,1.0,494,186
2019-10-02,8499,351815,44042967,127.0,127.0,124.0,124.5,-3.5,300,224
2019-10-03,8499,179050,22208225,123.0,125.5,123.0,124.5,0.0,144,299
2019-10-04,8499,745150,96102300,126.5,131.0,125.5,131.0,6.5,619,167
2019-10-07,8499,591076,77342456,133.0,133.5,129.0,129.5,-1.5,502,185
2019-10-08,8499,250300,31968500,130.0,130.0,126.0,126.0,-3.5,208,287
2019-10-09,8499,629396,75913416,122.0,123.0,119.0,120.0,-6.0,532,207
2019-10-14,8499,606500,71079500,122.0,122.5,114.5,116.5,-3.5,530,230
2019-10-15,8499,271265,31338740,117.0,117.0,115.0,115.0,-1.5,240,293
2019-10-16,8499,512576,58808240,116.0,117.5,112.0,112.0,-3.0,435,246
2019-10-17,8499,432000,48254000,111.5,113.5,110.0,113.5,1.5,372,251
2019-10-18,8499,155500,17605500,113.5,114.0,112.0,113.0,-0.5,135,425
2019-10-21,8499,228500,26346250,114.5,116.5,114.0,115.0,2.0,201,338
2019-10-22,8499,270410,30826150,115.0,116.0,112.5,113.5,-1.5,230,308
2019-10-23,8499,225200,25257200,113.5,114.0,111.0,111.5,-2.0,199,337
2019-10-24,8499,127230,14288220,111.5,113.0,111.5,113.0,1.5,121,392
2019-10-25,8499,155430,17474090,113.0,113.0,112.0,112.0,-1.0,121,352
2019-10-28,8499,145500,16321500,112.0,112.5,111.5,112.0,0.0,109,370
2019-10-29,8499,193181,21800134,112.5,114.0,111.5,113.0,1.0,173,359
2019-10-30,8499,99490,11203370,112.5,113.0,112.0,112.0,-1.0,84,420
2019-10-31,8499,124000,13996500,112.5,113.5,112.0,113.0,1.0,103,400
2019-11-01,8499,321533,36967861,113.0,116.5,112.5,116.5,3.5,289,268
2019-11-04,8499,240410,27943765,117.0,117.5,115.5,116.0,-0.5,208,339
2019-11-05,8499,177063,20676902,117.5,118.0,116.0,117.0,1.0,157,369
2019-11-06,8499,290183,33745277,117.0,117.0,115.5,117.0,0.0,203,305
2019-11-07,8499,648540,77367260,120.5,121.5,117.0,117.0,0.0,531,210
2019-11-08,8499,135710,15874425,118.5,118.5,116.0,117.5,0.5,128,395
2019-11-11,8499,255044,29108494,116.0,116.0,112.5,113.5,-4.0,194,356
2019-11-12,8499,88100,9951600,113.5,113.5,112.5,113.5,0.0,79,453
2019-11-13,8499,96120,10954300,113.5,115.5,113.0,113.5,0.0,87,439
2019-11-14,8499,82000,9243500,113.5,113.5,112.0,113.0,-0.5,69,482
2019-11-15,8499,70100,7938350,113.0,113.5,113.0,113.0,0.0,58,506
2019-11-18,8499,78010,8828125,113.5,113.5,112.5,113.5,0.5,69,468
2019-11-19,8499,86000,9723500,113.5,113.5,112.5,113.0,-0.5,73,449
2019-11-20,8499,124250,13873375,112.5,113.0,111.0,111.0,-2.0,108,398
2019-11-21,8499,198171,21649553,111.0,111.0,108.5,109.0,-2.0,172,345
2019-11-22,8499,263078,28249424,109.5,109.5,106.0,107.0,-2.0,196,292
2019-11-25,8499,220100,24032250,107.5,111.0,107.5,110.0,3.0,205,329
2019-11-26,8499,143100,15733650,111.0,111.0,109.5,109.5,-0.5,125,403
2019-11-27,8499,146100,15852500,110.0,110.0,108.0,108.0,-1.5,126,388
2019-11-28,8499,196100,21584100,108.0,111.5,108.0,109.5,1.5,155,336
2019-11-29,8499,89523,9686030,109.5,109.5,107.5,108.0,-1.5,83,465
2019-12-02,8499,369150,38428400,108.5,108.5,102.5,103.0,-5.0,306,272
2019-12-03,8499,152100,15797500,102.5,104.5,102.5,104.0,1.0,133,358
2019-12-04,8499,80060,8259330,104.5,104.5,102.5,102.5,-1.5,74,461
2019-12-05,8499,145100,15016550,103.0,105.0,103.0,103.5,1.0,98,378
2019-12-06,8499,153050,15979800,104.5,105.5,103.5,105.5,2.0,122,383
2019-12-09,8499,79100,8271050,106.0,106.0,103.5,104.0,-1.5,70,472
2019-12-10,8499,151012,15858278,105.0,106.5,104.0,105.5,1.5,126,386
2019-12-11,8499,78000,8191000,105.5,105.5,104.5,105.5,0.0,68,512
2019-12-12,8499,88050,9234675,105.5,105.5,104.0,104.5,-1.0,68,500
2019-12-13,8499,129452,13664540,105.5,106.0,104.5,106.0,1.5,101,451
2019-12-16,8499,108733,11605528,106.0,108.0,105.5,108.0,2.0,110,455
2019-12-17,8499,140250,15163125,108.5,109.5,107.0,107.5,-0.5,132,439
2019-12-18,8499,102200,10805300,106.5,106.5,105.0,106.0,-1.5,92,478
2019-12-19,8499,44000,4636000,105.5,106.0,105.0,105.5,-0.5,40,589
2019-12-20,8499,124100,12937550,105.0,105.0,104.0,104.0,-1.5,113,434
2019-12-23,8499,87050,9032200,105.0,105.0,103.0,104.0,0.0,69,484
2019-12-24,8499,102028,10538940,104.0,104.0,103.0,103.5,-0.5,93,434
2019-12-25,8499,92000,9565500,103.5,105.0,103.5,104.0,0.5,81,453
2019-12-26,8499,127130,13257150,104.5,105.0,103.5,104.0,0.0,107,396
2019-12-27,8499,653352,70482543,104.5,110.5,103.0,109.5,5.5,513,204
2019-12-30,8499,183100,20035450,110.0,110.5,108.5,108.5,-1.0,140,367
2019-12-31,8499,87060,9419920,108.5,109.0,107.5,108.0,-0.5,81,475
2020-01-02,8499,95273,10359530,109.5,109.5,108.0,109.0,1.0,76,484
2020-01-03,8499,161740,17272070,109.5,109.5,105.0,106.5,-2.5,154,446
2020-01-06,8499,108712,11366192,105.5,105.5,103.5,104.5,-2.0,109,470
2020-01-07,8499,113800,11826499,105.0,105.5,103.5,103.5,-1.0,101,461
2020-01-08,8499,95012,9833242,103.0,104.5,102.5,103.5,0.0,77,493
2020-01-09,8499,134000,14098500,105.0,106.0,104.0,106.0,2.5,110,388
2020-01-10,8499,125751,13373606,107.0,107.0,105.0,106.5,0.5,99,396
2020-01-13,8499,84000,8940500,106.5,107.0,106.0,106.5,0.0,65,486
2020-01-14,8499,300520,32842458,106.5,111.5,106.5,111.0,4.5,264,304
2020-01-15,8499,732450,82131050,112.5,114.5,109.5,109.5,-1.5,560,195
2020-01-16,8499,210000,22911500,109.0,110.0,108.5,109.5,0.0,145,328
2020-01-17,8499,140150,15154200,110.0,110.0,107.5,108.0,-1.5,116,382
2020-01-20,8499,128500,13989000,108.5,110.0,108.0,108.0,0.0,92,428
2020-01-30,8499,328172,32357056,100.0,100.0,97.2,97.2,-10.8,264,466
2020-01-31,8499,326060,30816296,96.2,98.4,92.7,93.9,-3.3,262,372
2020-02-03,8499,305090,26856533,92.0,92.0,84.6,90.9,-3.0,251,418
2020-02-04,8499,122300,11322690,91.5,93.3,91.0,93.3,2.4,93,471
2020-02-05,8499,106075,9839650,93.3,93.6,92.0,92.0,-1.3,88,486
2020-02-06,8499,155090,14674320,92.9,98.0,92.6,96.0,4.0,137,422
2020-02-07,8499,161570,15237250,94.2,95.5,93.4,93.7,-2.3,119,412
2020-02-10,8499,94313,8686252,91.8,93.0,91.7,92.4,-1.3,78,501
2020-02-11,8499,139202,13190990,94.0,95.8,93.5,95.0,2.6,130,402
2020-02-12,8499,107200,10310300,95.0,97.6,94.4,96.3,1.3,99,446
2020-02-13,8499,152163,14758511,97.2,97.8,96.4,96.4,0.1,129,402
2020-02-14,8499,140300,13739520,97.7,98.8,96.6,98.3,1.9,128,380
2020-02-17,8499,174000,17160800,97.8,99.3,97.2,99.3,1.0,130,374
2020-02-18,8499,121000,12049000,100.0,100.5,98.1,99.2,-0.1,105,411
2020-02-19,8499,89300,8791780,99.2,99.3,97.8,98.6,-0.6,79,475
2020-02-20,8499,99000,9688700,99.2,99.2,97.1,97.9,-0.7,94,449
2020-02-21,8499,83000,8025400,97.5,97.7,96.0,96.8,-1.1,79,475
2020-02-24,8499,85062,8034921,95.9,95.9,93.6,94.5,-2.3,81,515
2020-02-25,8499,48138,4527623,91.5,94.7,91.5,94.1,-0.4,47,589
2020-02-26,8499,60000,5669700,94.0,95.3,93.2,94.3,0.2,55,529
2020-02-27,8499,116300,10820500,94.3,94.9,91.2,91.5,-2.8,103,523
2020-03-02,8499,157000,14221000,90.0,92.6,88.8,91.9,0.4,145,481
2020-03-03,8499,71100,6688540,93.6,94.8,93.2,93.2,1.3,64,504
2020-03-04,8499,49000,4517800,92.3,93.1,91.7,92.4,-0.8,47,556
2020-03-05,8499,51000,4752200,93.1,93.8,92.9,93.2,0.8,47,568
2020-03-06,8499,72200,6626600,92.9,92.9,91.3,91.4,-1.8,66,524
2020-03-09,8499,145000,12913000,90.2,90.2,87.5,87.7,-3.7,133,566
2020-03-10,8499,257150,21527265,81.1,87.7,81.1,87.7,0.0,217,437
2020-03-11,8499,64140,5639050,87.8,88.5,87.1,87.1,-0.6,55,578
2020-03-12,8499,317015,25652800,84.5,84.5,79.0,79.0,-8.1,269,484
2020-03-13,8499,323000,23609400,74.0,75.6,72.0,75.6,-3.4,260,527
2020-03-16,8499,202200,14500680,75.6,75.6,69.0,69.4,-6.2,169,507
2020-03-17,8499,189175,12625431,66.1,69.0,65.4,66.0,-3.4,167,540
2020-03-18,8499,149030,10124340,67.2,69.7,66.7,66.7,0.7,133,559
2020-03-19,8499,367796,23044578,64.6,65.0,60.2,61.0,-5.7,263,482
2020-03-20,8499,134000,8886600,64.1,67.1,64.1,67.1,6.1,119,568
2020-03-23,8499,212310,14719713,64.7,72.0,64.5,71.8,4.7,193,401
2020-03-24,8499,143062,10419368,72.0,74.1,72.0,73.0,1.2,133,478
2020-03-25,8499,159014,12028559,74.5,77.0,74.5,75.0,2.0,141,507
2020-03-26,8499,98300,7302690,75.0,75.3,73.3,75.1,0.1,87,532
2020-03-27,8499,133140,9988688,76.0,76.5,73.3,73.5,-1.6,123,522
2020-03-30,8499,85050,6147775,72.0,73.8,70.5,73.8,0.3,82,522
2020-03-31,8499,55191,4057389,75.6,75.6,72.5,72.7,-1.1,52,598
2020-04-01,8499,35000,2572200,74.2,74.2,72.4,73.7,1.0,34,625
2020-04-06,8499,99150,7221625,73.1,75.0,70.0,73.7,0.0,69,519
2020-04-07,8499,129000,9798800,75.3,76.6,75.0,76.3,2.6,101,514
2020-04-08,8499,291100,23921090,76.3,83.9,76.3,83.9,7.6,234,396
2020-04-09,8499,431648,37822085,84.6,89.9,84.6,86.4,2.5,364,329
2020-04-10,8499,140000,12028200,87.0,87.0,85.0,85.6,-0.8,122,437
2020-04-13,8499,82016,6889456,86.0,86.0,83.0,83.9,-1.7,76,546
2020-04-14,8499,186200,16264900,85.2,89.2,84.8,88.0,4.1,170,432
2020-04-15,8499,160010,14019672,88.7,88.7,86.5,87.0,-1.0,134,502
2020-04-16,8499,92510,7998205,86.2,87.4,85.5,86.6,-0.4,89,535
2020-04-17,8499,140160,12229875,88.0,89.6,85.7,85.7,-0.9,124,527
2020-04-20,8499,269227,23951293,86.0,90.5,85.5,89.6,3.9,221,338
2020-04-21,8499,259000,22776400,89.2,91.0,85.6,86.8,-2.8,225,432
2020-04-22,8499,56035,4831083,85.2,87.5,85.0,87.1,0.3,49,585
2020-04-23,8499,39004,3404682,87.7,87.9,86.0,87.0,-0.1,40,616
2020-04-24,8499,34001,2963788,87.5,87.5,86.5,87.1,0.1,28,596
2020-04-27,8499,129105,11402082,87.6,89.5,87.5,88.3,1.2,103,507
2020-04-28,8499,169012,15256809,88.9,91.6,88.9,90.3,2.0,151,445
2020-04-29,8499,577262,55379920,94.5,97.9,93.8,96.0,5.7,505,305
2020-04-30,8499,375334,37007798,96.8,99.9,96.8,97.9,1.9,327,388
2020-05-04,8499,147000,14286000,95.7,98.4,95.7,97.7,-0.2,129,497
2020-05-05,8499,107001,10503899,98.0,99.3,97.2,97.9,0.2,97,499
2020-05-06,8499,69000,6746300,98.3,98.5,97.2,97.6,-0.3,58,589
2020-05-07,8499,201100,20069400,97.6,101.5,97.6,99.8,2.2,177,436
2020-05-08,8499,138250,13958000,100.5,102.0,100.0,101.0,1.2,123,510
2020-05-11,8499,584900,63001400,110.5,110.5,104.0,105.5,4.5,445,299
2020-05-12,8499,217107,22667021,105.0,106.5,102.5,103.5,-2.0,179,413
2020-05-13,8499,144200,15043600,103.5,106.0,102.0,105.5,2.0,121,440
2020-05-14,8499,246145,25343645,104.0,106.0,100.0,100.0,-5.5,197,403
2020-05-15,8499,169000,16986900,102.0,103.0,98.1,100.5,0.5,155,435
2020-05-18,8499,92200,9221480,101.0,101.5,99.4,99.5,-1.0,80,507
2020-05-19,8499,80160,8113480,101.5,101.5,101.0,101.0,1.5,73,535
2020-05-20,8499,151000,15574500,101.5,105.0,101.5,103.0,2.0,127,424
2020-05-21,8499,201000,20951500,102.5,106.0,102.5,103.5,0.5,165,408
2020-05-22,8499,86203,8917221,104.0,104.0,102.5,104.0,0.5,74,537
2020-05-25,8499,71204,7398429,104.5,104.5,103.0,104.5,0.5,64,541
2020-05-26,8499,264080,28198440,105.0,109.0,104.0,106.0,1.5,191,376
2020-05-27,8499,109168,11597060,107.5,107.5,105.0,105.5,-0.5,99,508
2020-05-28,8499,114050,12038325,106.0,107.5,104.0,104.0,-1.5,102,528
2020-05-29,8499,57102,5923914,104.0,104.0,103.0,104.0,0.0,55,552
2020-06-01,8499,281120,30259020,104.0,109.5,104.0,109.0,5.0,248,374
2020-06-02,8499,271376,29463419,110.0,111.5,106.0,106.5,-2.5,218,369
2020-06-03,8499,402591,44177010,109.0,112.0,107.5,111.0,4.5,312,356
2020-06-04,8499,427094,47972028,112.0,114.5,109.5,111.0,0.0,348,341
2020-06-05,8499,191150,21501450,111.0,113.5,110.5,112.5,1.5,138,455
2020-06-08,8499,383100,43891049,114.5,116.0,112.5,114.5,2.0,286,366
2020-06-09,8499,669670,77049374,118.0,118.0,112.0,112.5,-2.0,526,299
2020-06-10,8499,449030,49818360,113.0,113.5,109.5,110.5,-2.0,309,337
2020-06-11,8499,458102,51686771,112.0,116.0,110.5,111.5,1.0,382,373
2020-06-12,8499,308200,33645800,108.0,111.0,106.5,110.0,-1.5,226,378
2020-06-15,8499,224080,24556420,110.5,112.5,107.0,109.5,-0.5,181,410
2020-06-16,8499,146393,16323123,111.0,112.5,111.0,112.0,2.5,124,465
2020-06-17,8499,147140,16514250,113.0,113.0,111.0,112.5,0.5,102,465
2020-06-18,8499,307223,35214033,113.5,116.0,112.5,114.5,2.0,223,375
2020-06-19,8499,278005,32095070,115.0,117.0,114.0,114.5,0.0,204,426
2020-06-22,8499,706395,82901110,116.0,119.0,116.0,119.0,4.5,455,269
2020-06-23,8499,385000,45438500,119.0,120.0,116.5,117.0,-2.0,275,336
2020-06-24,8499,350143,41715160,118.0,121.0,117.0,120.0,3.0,270,325
2020-06-29,8499,294325,34834350,119.0,120.5,117.0,117.0,-3.0,195,359
2020-06-30,8499,110010,12992670,118.0,119.0,117.0,118.0,1.0,94,472
2020-07-01,8499,175005,20948095,118.5,121.0,118.5,119.0,1.0,144,441
2020-07-02,8499,309050,36959925,120.0,121.0,118.0,118.5,-0.5,218,377
2020-07-03,8499,367458,44691189,121.5,124.0,120.0,121.5,3.0,287,365
2020-07-06,8499,1583572,205818004,123.0,133.5,122.0,133.0,11.5,991,212
2020-07-07,8499,1221919,162157565,135.0,135.5,129.0,134.0,1.0,915,241
2020-07-08,8499,1592825,213148136,132.0,137.0,130.5,133.5,0.0,1269,204
2020-07-09,8499,778200,102510899,136.0,136.0,128.0,129.5,-4.0,582,307
2020-07-10,8499,598286,75079107,129.5,129.5,123.0,124.0,-5.5,445,338
2020-07-13,8499,292200,36889199,126.5,127.5,125.0,127.5,3.5,245,397
2020-07-14,8499,301200,37969900,128.5,128.5,125.0,125.0,-2.5,214,392
2020-07-15,8499,286250,35902500,126.0,126.5,123.5,125.0,0.0,205,413
2020-07-16,8499,187100,23464100,126.5,126.5,124.5,125.0,0.0,141,437
2020-07-17,8499,1290206,167209383,127.0,133.0,126.0,128.5,3.5,969,201
2020-07-20,8499,362316,45921632,127.5,128.5,125.0,127.0,-1.5,303,320
2020-07-21,8499,321168,41299004,128.5,130.0,127.5,128.0,1.0,245,366
2020-07-22,8499,345202,44499856,129.0,131.0,127.0,127.5,-0.5,274,346
2020-07-23,8499,201500,25784500,128.0,129.0,127.0,128.0,0.5,165,411
2020-07-24,8499,333405,42040625,128.0,128.0,124.5,126.0,-2.0,247,369
2020-07-27,8499,582320,70751559,126.0,126.5,118.5,120.5,-5.5,448,284
2020-07-28,8499,260400,31497900,122.0,124.5,119.0,120.5,0.0,197,416
2020-07-29,8499,507258,63867024,121.5,129.0,121.5,127.5,7.0,338,280
2020-07-30,8499,485460,62665830,128.5,131.0,127.5,129.5,2.0,338,279
2020-07-31,8499,287000,37261500,129.5,131.5,127.5,131.5,2.0,202,328
2020-08-03,8499,1099113,147503594,130.5,136.5,130.5,135.5,4.0,740,185
2020-08-04,8499,2112730,284352050,139.0,139.0,131.0,132.5,-3.0,1526,131
2020-08-05,8499,1256400,171335100,133.5,139.0,132.0,139.0,6.5,977,182
2020-08-06,8499,1339120,185471620,139.0,143.0,135.0,136.0,-3.0,1034,195
2020-08-07,8499,975240,132490900,138.0,140.0,133.0,133.5,-2.5,754,230
2020-08-10,8499,439315,58723525,134.0,135.5,132.5,133.0,-0.5,305,339
2020-08-11,8499,567260,76695340,134.0,138.0,133.0,134.0,1.0,408,298
2020-08-12,8499,246586,32655024,135.5,135.5,131.0,132.0,-2.0,218,364
2020-08-13,8499,285006,37961288,134.0,134.5,132.0,132.0,0.0,204,362
2020-08-14,8499,529130,71252745,132.0,136.5,131.5,135.5,3.5,406,291
2020-08-17,8499,458684,62251366,135.5,138.5,134.0,135.5,0.0,340,330
2020-08-18,8499,488297,65150148,136.0,137.0,131.5,133.0,-2.5,331,321
2020-08-19,8499,1022221,140249940,133.0,141.0,132.5,141.0,8.0,847,257
2020-08-20,8499,2493745,334356065,141.5,144.0,127.0,136.5,-4.5,2023,177
2020-08-21,8499,720990,97269160,137.5,138.0,132.5,134.0,-2.5,597,272
2020-08-24,8499,1014250,131989872,135.0,136.0,127.0,129.0,-5.0,780,216
2020-08-25,8499,522260,68116080,130.5,133.0,129.0,131.5,2.5,392,302
2020-08-26,8499,568010,76667880,131.5,137.0,131.5,135.0,3.5,457,283
2020-08-27,8499,282000,37467000,135.0,135.0,131.5,132.0,-3.0,218,378
2020-08-28,8499,121300,15932600,132.0,132.0,130.5,132.0,0.0,109,475
2020-08-31,8499,159000,21127500,132.5,134.0,132.0,132.0,0.0,125,484
2020-09-01,8499,114000,15082000,132.5,133.5,130.5,133.0,1.0,94,521
2020-09-02,8499,638200,87249100,133.0,139.0,133.0,137.0,4.0,488,283
2020-09-03,8499,442050,60810350,137.5,140.0,135.5,135.5,-1.5,324,348
2020-09-04,8499,339000,45201000,133.5,135.0,132.0,135.0,-0.5,255,385
2020-09-07,8499,336100,44646850,135.0,135.0,131.5,132.0,-3.0,237,416
2020-09-08,8499,200370,26858635,133.0,136.0,131.5,134.5,2.5,143,440
2020-09-09,8499,358000,47332000,132.0,133.5,131.0,132.5,-2.0,244,354
2020-09-10,8499,2354653,324766349,135.0,143.0,133.0,133.0,0.5,1625,117
2020-09-11,8499,640060,84437010,133.5,135.5,128.5,132.5,-0.5,455,297
2020-09-14,8499,1099060,148473100,131.0,138.5,130.0,136.0,3.5,728,184
2020-09-15,8499,1106060,154343870,136.5,142.5,136.0,137.5,1.5,824,183
2020-09-16,8499,2309360,338947860,138.5,151.0,138.5,151.0,13.5,1374,108
2020-09-17,8499,4942691,761540375,155.5,161.5,147.0,149.5,-1.5,3582,40
2020-09-18,8499,1321440,196163940,148.0,151.5,146.0,147.5,-2.0,998,180
2020-09-21,8499,1224500,174593250,148.0,149.0,139.5,141.0,-6.5,998,161
2020-09-22,8499,535100,74694500,140.5,142.5,137.0,139.5,-1.5,429,282
2020-09-23,8499,525004,72482056,141.0,141.5,136.0,137.0,-2.5,410,266
2020-09-24,8499,506560,68442040,136.0,138.0,133.5,133.5,-3.5,405,325
2020-09-25,8499,812400,106518000,135.5,135.5,127.0,129.5,-4.0,583,249
2020-09-28,8499,296200,39207500,131.5,134.0,130.0,132.0,2.5,235,307
2020-09-29,8499,173208,22963456,133.5,133.5,131.5,132.5,0.5,142,368
2020-09-30,8499,97000,12847000,133.0,133.5,131.0,133.5,1.0,87,404
2020-10-05,8499,420190,57486625,134.5,139.0,134.0,138.5,5.0,330,249
2020-10-06,8499,1121620,160683160,139.5,147.0,139.5,143.5,5.0,809,166
2020-10-07,8499,550090,78908370,143.5,145.0,142.0,142.5,-1.0,426,226
2020-10-08,8499,720335,104830407,143.5,147.5,142.0,145.0,2.5,550,207
2020-10-12,8499,498110,71737450,146.0,147.0,141.5,142.0,-3.0,366,284
2020-10-13,8499,253050,36479225,142.5,147.0,142.0,143.5,1.5,229,337
2020-10-14,8499,187060,26989200,145.0,145.5,143.5,143.5,0.0,146,402
2020-10-15,8499,153205,22061225,144.0,145.5,142.5,144.5,1.0,125,407
2020-10-16,8499,262283,37666469,143.5,146.5,141.0,141.0,-3.5,227,362
2020-10-19,8499,130150,18467525,142.5,142.5,141.0,142.5,1.5,94,436
2020-10-20,8499,124100,17796500,142.5,144.5,142.5,144.0,1.5,84,410
2020-10-21,8499,124185,17875102,145.0,145.0,143.0,144.5,0.5,105,444
2020-10-22,8499,870300,127172950,145.0,148.5,143.0,145.0,0.5,672,218
2020-10-23,8499,124100,17960100,145.0,145.5,143.5,145.0,0.0,101,430
2020-10-26,8499,169300,24528150,145.0,146.5,144.0,144.5,-0.5,136,406
2020-10-27,8499,126014,18169572,144.0,146.0,143.5,144.5,0.0,101,420
2020-10-28,8499,410250,59200550,144.0,147.5,141.5,144.5,0.0,303,290
2020-10-29,8499,446350,64383100,143.0,147.0,139.0,146.5,2.0,333,272
2020-10-30,8499,229060,33047640,147.5,147.5,141.0,142.5,-4.0,188,368
2020-11-02,8499,506470,73465460,143.0,147.0,142.0,144.5,2.0,363,255
2020-11-03,8499,2040586,307784795,148.0,155.0,146.0,149.5,5.0,1512,94
2020-11-04,8499,3678522,588946020,150.5,164.0,150.5,164.0,14.5,2602,52
2020-11-05,8499,1962121,314082980,163.0,163.0,156.0,161.5,-2.5,1461,90
2020-11-06,8499,1799566,295834001,161.5,168.5,161.0,163.5,2.0,1421,113
2020-11-09,8499,1823814,304603581,163.5,171.0,161.5,171.0,7.5,1396,128
2020-11-10,8499,2882236,469571548,171.0,171.0,156.0,159.5,-11.5,2137,116
2020-11-11,8499,789080,125987135,161.5,162.0,156.0,158.5,-1.0,599,247
2020-11-12,8499,559471,89792291,160.5,162.5,159.0,160.5,2.0,395,291
2020-11-13,8499,569200,91781913,161.0,163.5,159.0,160.5,0.0,438,260
2020-11-16,8499,1195674,186927718,161.5,161.5,154.0,155.5,-5.0,914,194
2020-11-17,8499,519009,82026438,156.5,160.0,155.0,158.0,2.5,418,303
2020-11-18,8499,530845,84872988,158.5,161.0,158.0,160.0,2.0,384,293
2020-11-19,8499,365339,58025059,159.5,160.0,158.0,158.0,-2.0,302,337
2020-11-20,8499,485203,78029545,158.0,162.0,158.0,160.0,2.0,406,306
2020-11-23,8499,239987,38251269,160.0,160.5,158.5,159.0,-1.0,217,422
2020-11-24,8499,445625,70200385,160.0,160.5,156.0,156.0,-3.0,356,344
2020-11-25,8499,335476,52754993,156.5,158.5,155.5,156.0,0.0,277,396
2020-11-26,8499,392835,62513168,156.0,161.0,156.0,160.5,4.5,304,339
2020-11-27,8499,223865,35649565,160.5,161.5,158.0,158.0,-2.5,209,435
2020-11-30,8499,181233,28585697,158.0,159.5,156.5,157.0,-1.0,148,518
2020-12-01,8499,304730,47127689,157.0,157.0,152.5,154.5,-2.5,274,411
2020-12-02,8499,321343,49166778,154.5,155.5,152.0,153.5,-1.0,275,411
2020-12-03,8499,152700,23378250,153.5,154.5,152.0,154.0,0.5,126,505
2020-12-04,8499,118784,18137427,153.5,153.5,152.0,152.5,-1.5,115,534
2020-12-07,8499,206387,31241477,152.5,153.5,150.5,150.5,-2.0,171,496
2020-12-08,8499,187530,28486655,150.5,153.5,150.0,153.5,3.0,167,482
2020-12-09,8499,389150,59061774,153.5,154.5,150.5,152.5,-1.0,304,395
2020-12-10,8499,749235,111410859,150.5,151.0,147.0,147.0,-5.5,542,307
2020-12-11,8499,374483,54878184,146.5,148.5,145.0,145.5,-1.5,298,401
2020-12-14,8499,99480,14661940,146.5,148.5,146.0,147.0,1.5,95,533
2020-12-15,8499,191750,27894700,147.0,148.0,144.0,144.5,-2.5,151,481
2020-12-16,8499,158082,23268988,146.0,148.5,145.0,147.5,3.0,107,480
2020-12-17,8499,61690,9054229,147.5,148.0,145.5,146.5,-1.0,65,588
2020-12-18,8499,105038,15274910,146.5,147.0,144.5,144.5,-2.0,88,555
2020-12-21,8499,133645,19100955,144.5,144.5,141.0,143.0,-1.5,126,542
2020-12-22,8499,239190,33876850,142.5,144.0,139.0,139.5,-3.5,191,490
2020-12-23,8499,135310,18879900,139.5,141.5,137.5,140.5,1.0,99,502
2020-12-24,8499,145221,20358519,140.5,142.5,139.0,139.5,-1.0,113,497
2020-12-25,8499,128570,17842515,139.0,139.5,138.0,138.5,-1.0,117,529
2020-12-28,8499,206360,28450445,138.5,139.0,137.0,138.5,0.0,155,508
2020-12-29,8499,96318,13282468,138.0,138.5,137.5,137.5,-1.0,86,592
2020-12-30,8499,85250,11872850,138.0,140.0,138.0,139.5,2.0,83,620
2020-12-31,8499,70292,9733768,138.5,139.5,138.0,138.0,-1.5,67,643
2021-01-04,8499,261566,35908129,139.0,140.0,135.5,136.5,-1.5,196,482
2021-01-05,8499,152590,20945379,136.5,139.5,136.0,139.0,2.5,126,542
2021-01-06,8499,372370,52661880,140.0,143.5,139.5,140.5,1.5,299,469
2021-01-07,8499,664775,90563533,141.5,142.0,132.0,134.5,-6.0,521,325
2021-01-08,8499,347759,48220278,136.5,140.5,136.0,138.0,3.5,290,423
2021-01-11,8499,185617,25619680,138.0,140.5,137.5,137.5,-0.5,133,510
2021-01-12,8499,236707,32065956,138.0,138.5,133.0,133.0,-4.5,205,515
2021-01-13,8499,127672,17338358,134.5,137.0,134.5,135.5,2.5,113,556
2021-01-14,8499,102991,13951367,135.0,136.5,134.5,135.0,-0.5,104,554
2021-01-15,8499,234577,31347189,136.0,136.5,131.0,131.0,-4.0,203,498
2021-01-18,8499,235556,30425842,131.5,131.5,127.0,128.5,-2.5,190,472
2021-01-19,8499,216000,28544000,129.5,134.0,129.5,131.0,2.5,160,446
2021-01-20,8499,399786,50726456,132.0,132.0,124.0,125.0,-6.0,318,451
2021-01-21,8499,212200,26799700,127.5,128.5,124.0,124.5,-0.5,160,464
2021-01-22,8499,133728,17072434,126.0,128.5,125.5,127.5,3.0,117,518
2021-01-25,8499,150400,19524650,127.5,131.5,127.0,130.0,2.5,118,494
2021-01-26,8499,266828,34655770,131.0,132.5,127.0,128.0,-2.0,197,413
2021-01-27,8499,75189,9698881,129.5,130.0,128.0,129.0,1.0,64,544
2021-01-28,8499,118100,15072300,128.0,128.5,127.0,127.5,-1.5,87,495
2021-01-29,8499,90050,11405875,128.0,128.5,125.0,125.5,-2.0,85,582
2021-02-01,8499,109165,13462960,124.5,125.5,120.5,125.0,-0.5,102,514
2021-02-02,8499,88000,10985000,124.5,126.0,124.5,125.0,0.0,55,534
2021-02-03,8499,135000,17066000,126.5,127.5,125.5,125.5,0.5,113,457
2021-02-04,8499,62031,7747921,125.5,126.0,124.5,124.5,-1.0,57,549
2021-02-05,8499,154282,19154934,126.0,126.0,123.0,124.5,0.0,136,447
2021-02-17,8499,189906,23799785,124.5,127.0,124.0,125.5,1.0,149,494
2021-02-18,8499,218749,28234051,126.0,130.5,126.0,129.0,3.5,188,477
2021-02-19,8499,178295,23360629,128.0,133.5,128.0,133.5,4.5,157,499
2021-02-22,8499,225270,30206093,133.5,135.5,132.0,134.0,0.5,191,506
2021-02-23,8499,194073,25962380,133.5,135.5,132.5,135.0,1.0,137,526
2021-02-24,8499,176655,23691257,136.0,136.0,132.5,132.5,-2.5,133,551
2021-02-25,8499,76304,10178292,133.5,134.0,132.5,133.5,1.0,71,633
2021-02-26,8499,155510,20359525,132.5,133.5,129.0,131.0,-2.5,149,538
2021-03-02,8499,104563,13922160,133.0,134.0,132.0,132.0,1.0,102,583
2021-03-03,8499,80060,10638630,133.0,134.0,130.5,134.0,2.0,80,624
2021-03-04,8499,109230,14422760,132.0,133.0,131.0,131.5,-2.5,112,568
2021-03-05,8499,168166,22148075,131.0,133.5,130.5,131.5,0.0,133,481
2021-03-08,8499,186200,24597950,132.0,133.5,130.5,132.0,0.5,157,492
2021-03-09,8499,1804639,255530305,135.0,145.0,134.0,145.0,13.0,1259,187
2021-03-10,8499,2388849,353612611,148.5,151.5,145.0,148.0,3.0,1946,136
2021-03-11,8499,749121,112110301,149.5,151.0,148.5,149.0,1.0,627,300
2021-03-12,8499,1275181,196816903,150.5,159.0,150.0,153.0,4.0,1082,210
2021-03-15,8499,642762,99192167,154.0,158.0,152.0,152.5,-0.5,540,310
2021-03-16,8499,566333,85328491,152.5,153.0,149.0,151.5,-1.0,458,346
2021-03-17,8499,305455,46150134,151.5,154.0,150.0,150.5,-1.0,290,433
2021-03-18,8499,306366,46780232,153.0,154.0,151.5,153.0,2.5,296,441
2021-03-19,8499,355711,54678068,152.0,155.0,152.0,154.0,1.0,318,430
2021-03-22,8499,762956,115116775,152.5,155.5,148.5,149.5,-4.5,674,328
2021-03-23,8499,519198,76166603,150.0,150.5,145.5,146.0,-3.5,487,399
2021-03-24,8499,206703,30830826,146.5,151.0,146.5,149.0,3.0,184,496
2021-03-25,8499,111000,16402000,148.0,149.0,147.0,147.0,-2.0,93,591
2021-03-26,8499,399250,60351524,148.5,152.5,148.5,152.0,5.0,362,375
2021-03-29,8499,458315,70664499,153.0,155.5,152.5,154.5,2.5,414,400
2021-03-30,8499,391916,61380625,157.0,158.0,155.5,157.0,2.5,373,404
2021-03-31,8499,882408,141434015,157.0,162.5,157.0,162.0,5.0,795,292
2021-04-01,8499,828990,134382800,163.0,166.0,159.5,160.0,-2.0,723,298
2021-04-06,8499,442786,69972174,162.5,162.5,156.0,157.0,-3.0,401,432
2021-04-07,8499,483981,77468289,161.5,162.0,158.5,160.0,3.0,428,421
2021-04-08,8499,1923010,330342174,162.0,176.0,162.0,173.0,13.0,1368,223
2021-04-09,8499,1651441,281046793,175.0,178.5,165.5,166.0,-7.0,1400,250
2021-04-12,8499,688764,113249614,168.5,168.5,162.5,164.0,-2.0,628,419
2021-04-13,8499,631115,103216993,165.5,166.5,160.0,160.5,-3.5,558,429
2021-04-14,8499,776219,121355374,162.0,162.0,151.5,155.0,-5.5,663,395
2021-04-15,8499,205386,32259209,156.0,159.0,155.5,157.0,2.0,193,520
2021-04-16,8499,241251,38336993,157.5,161.0,157.0,158.0,1.0,220,532
2021-04-19,8499,340135,52977072,156.0,158.0,154.5,154.5,-3.5,304,545
2021-04-20,8499,125865,19689497,156.0,158.0,154.5,156.5,2.0,139,682
2021-04-21,8499,140726,21951002,155.0,158.0,154.5,156.5,0.0,142,654
2021-04-22,8499,370431,57237468,158.5,159.0,151.0,152.5,-4.0,337,591
2021-04-23,8499,124408,19252985,153.5,156.5,152.5,156.5,4.0,123,662
2021-04-26,8499,198483,31039518,158.0,158.0,155.0,157.0,0.5,178,598
2021-04-27,8499,182717,28572435,158.0,158.0,155.5,156.0,-1.0,153,609
2021-04-28,8499,107784,16921763,158.5,158.5,156.0,156.5,0.5,110,689
2021-04-29,8499,157523,24505193,155.0,156.5,155.0,155.0,-1.5,135,633
2021-05-03,8499,380120,57331193,155.0,155.0,148.0,149.5,-5.5,318,532
2021-05-04,8499,435943,63819111,150.5,150.5,140.5,148.0,-1.5,394,542
2021-05-05,8499,198244,29019658,147.0,150.0,143.5,144.5,-3.5,304,553
2021-05-06,8499,189581,27409490,144.5,146.5,143.5,143.5,-1.0,162,558
2021-05-07,8499,125658,18479098,145.0,149.0,144.5,148.5,5.0,121,599
2021-05-10,8499,116439,17081756,148.0,148.5,145.5,146.0,-2.5,121,624
2021-05-11,8499,699224,97192212,140.5,145.0,134.0,136.5,-9.5,502,444
2021-05-12,8499,713843,90542850,133.5,135.0,123.0,124.5,-12.0,609,493
2021-05-13,8499,364071,46478536,122.5,132.5,120.0,129.5,5.0,397,526
2021-05-14,8499,232451,30155216,133.5,133.5,126.5,127.0,-2.5,211,556
2021-05-17,8499,270993,32576115,120.0,124.5,117.0,119.0,-8.0,248,600
2021-05-18,8499,180614,22816594,121.5,129.0,121.5,128.5,9.5,189,584
2021-05-19,8499,129840,16712998,125.5,130.5,125.5,130.0,1.5,110,572
2021-05-20,8499,104526,13352540,130.0,130.0,126.5,127.0,-3.0,95,581
2021-05-21,8499,122157,15844492,128.0,131.5,128.0,131.0,4.0,123,553
2021-05-24,8499,79456,10384651,128.0,132.0,128.0,132.0,1.0,83,618
2021-05-25,8499,106002,14175483,133.0,135.5,132.0,134.0,2.0,124,604
2021-05-26,8499,87265,11587329,134.5,135.0,131.5,132.5,-1.5,92,572
2021-05-27,8499,82351,10820513,132.0,134.0,131.0,131.0,-1.5,83,582
2021-05-28,8499,82510,10961868,132.0,133.5,132.0,133.0,2.0,84,630
2021-05-31,8499,138228,18547608,133.0,135.5,133.0,134.5,1.5,121,566
2021-06-01,8499,122340,16687890,134.5,137.5,134.5,137.0,2.5,116,559
2021-06-02,8499,281437,38339040,141.0,141.0,134.0,134.0,-3.0,236,460
2021-06-03,8499,58330,7872849,135.0,136.0,134.5,135.5,1.5,59,657
2021-06-04,8499,97045,12923566,134.0,135.0,131.5,133.0,-2.5,90,581
2021-06-07,8499,67267,8923877,133.0,134.0,131.0,133.5,0.5,64,652
2021-06-08,8499,69338,9276254,133.5,134.5,133.0,133.5,0.0,62,569
2021-06-09,8499,116373,15702190,134.0,136.0,133.0,135.5,2.0,95,526
2021-06-10,8499,217310,29537670,136.5,137.0,135.0,136.5,1.0,163,451
2021-06-11,8499,68285,9351247,138.0,138.0,136.5,136.5,0.0,72,617
2021-06-15,8499,70050,9529750,136.5,137.0,135.5,136.0,-0.5,60,631
2021-06-16,8499,122590,16541710,135.5,135.5,134.0,134.5,-1.5,101,552
2021-06-17,8499,142619,19481322,134.5,138.0,134.5,137.5,3.0,129,507
2021-06-18,8499,234560,32754493,138.0,143.0,136.5,142.0,4.5,208,459
2021-06-21,8499,154052,21607805,143.0,143.0,139.0,140.0,-2.0,137,551
2021-06-22,8499,74503,10357801,140.0,140.0,138.5,139.0,-1.0,89,615
2021-06-23,8499,118908,16854086,140.0,143.0,140.0,141.0,2.0,130,562
2021-06-24,8499,139194,19840371,142.0,144.5,141.0,143.5,2.5,115,540
2021-06-25,8499,161223,23386220,144.0,145.5,144.0,145.5,2.0,158,538
2021-06-28,8499,98926,14171789,146.0,146.0,142.5,142.5,-3.0,108,616
2021-06-29,8499,119266,16763718,143.5,143.5,139.5,140.0,-2.5,113,609
2021-06-30,8499,88408,12311011,141.5,141.5,138.0,138.5,-1.5,85,614
2021-07-01,8499,175188,24587574,139.0,143.0,139.0,140.0,1.5,160,543
2021-07-02,8499,115671,16063499,141.0,141.0,138.0,139.5,-0.5,137,580
2021-07-05,8499,125954,17744662,140.0,143.0,139.0,143.0,3.5,119,589
2021-07-06,8499,65547,9331322,143.5,143.5,141.5,141.5,-1.5,75,655
2021-07-07,8499,116849,16676451,141.5,143.5,141.5,143.0,1.5,110,581
2021-07-08,8499,78493,11152624,143.5,143.5,141.5,142.0,-1.0,78,635
2021-07-09,8499,86032,12005081,141.5,142.0,138.5,139.5,-2.5,84,634
2021-07-12,8499,188081,25586266,138.5,139.0,134.0,135.5,-4.0,201,555
2021-07-13,8499,156143,20983420,136.5,137.0,132.5,132.5,-3.0,153,610
2021-07-14,8499,68144,9002187,132.5,133.5,131.0,132.0,-0.5,71,682
2021-07-15,8499,38197,5058786,133.5,134.0,131.0,133.5,1.5,44,732
2021-07-16,8499,69599,9288354,133.5,134.5,132.5,133.5,0.0,64,638
2021-07-19,8499,97103,12972423,133.5,134.5,132.0,133.5,0.0,85,624
2021-07-20,8499,54049,7141519,132.5,132.5,131.5,132.0,-1.5,56,697
2021-07-21,8499,72141,9555652,134.0,134.0,131.5,131.5,-0.5,66,696
2021-07-22,8499,63486,8427748,133.0,133.5,131.5,132.0,0.5,76,681
2021-07-23,8499,77142,10321576,132.5,135.5,132.5,134.0,2.0,79,647
2021-07-26,8499,48226,6497547,135.0,135.0,134.0,134.5,0.5,50,710
2021-07-27,8499,98286,13064691,134.5,134.5,131.5,132.0,-2.5,105,622
2021-07-28,8499,86133,11239519,132.0,132.0,129.0,130.5,-1.5,88,659
2021-07-29,8499,24270,3181141,131.5,131.5,130.5,131.5,1.0,29,748
2021-07-30,8499,41120,5413740,131.5,132.5,131.0,131.0,-0.5,35,690
2021-08-02,8499,48244,6433378,131.0,135.0,131.0,133.0,2.0,40,665
2021-08-03,8499,66163,8920188,135.0,136.0,133.5,135.5,2.5,66,599
2021-08-04,8499,75181,10234703,136.0,137.0,135.5,136.5,1.0,72,593
2021-08-05,8499,67108,9191350,137.5,137.5,136.5,136.5,0.0,63,611
2021-08-06,8499,35000,4772000,137.5,137.5,135.5,135.5,-1.0,30,705
2021-08-09,8499,142183,19573908,135.5,138.5,135.5,138.5,3.0,107,520
2021-08-10,8499,94446,12957618,138.5,139.0,135.5,136.0,-2.5,71,590
2021-08-11,8499,132315,18012625,137.0,138.0,134.0,134.5,-1.5,134,557
2021-08-12,8499,74016,10043198,135.0,136.5,135.0,136.0,1.5,61,570
2021-08-13,8499,159303,21577752,136.0,136.0,133.5,135.0,-1.0,131,504
2021-08-16,8499,157497,19220867,126.0,126.0,120.0,121.5,0.0,146,550
2021-08-17,8499,133462,15843360,121.0,121.5,117.0,117.0,-4.5,127,536
2021-08-18,8499,164659,18886725,115.0,116.5,112.0,116.5,-0.5,141,529
2021-08-19,8499,94426,10688552,116.5,116.5,111.0,111.0,-5.5,93,594
2021-08-20,8499,49070,5522440,114.0,114.0,111.0,113.5,2.5,48,657
2021-08-23,8499,73871,8667135,114.0,120.0,114.0,119.0,5.5,84,582
2021-08-24,8499,31257,3713977,120.0,120.5,117.5,117.5,-1.5,54,688
2021-08-25,8499,142581,17623409,120.5,126.0,120.0,123.0,5.5,143,483
2021-08-26,8499,70312,8606210,124.0,124.5,121.0,123.0,0.0,66,579
2021-08-27,8499,41040,5065500,124.0,124.0,122.5,122.5,-0.5,31,637
2021-08-30,8499,15290,1879160,122.5,124.0,122.5,124.0,1.5,17,764
2021-08-31,8499,31110,3838450,124.5,124.5,122.5,122.5,-1.5,31,683
2021-09-01,8499,37400,4578698,122.5,123.0,122.0,123.0,0.5,37,694
2021-09-02,8499,56015,6861852,123.5,123.5,121.5,122.0,-1.0,44,621
2021-09-03,8499,26091,3228102,123.5,124.0,123.5,124.0,2.0,28,729
2021-09-06,8499,64036,7924464,124.5,125.0,122.0,125.0,1.0,59,606
2021-09-07,8499,38209,4727917,123.5,124.5,123.5,123.5,-1.5,36,650
2021-09-08,8499,74000,8985000,123.5,123.5,120.0,122.0,-1.5,66,596
2021-09-09,8499,18076,2208802,122.5,122.5,122.0,122.0,0.0,19,737
2021-09-10,8499,101225,12821139,126.0,127.5,125.5,127.0,5.0,102,481
2021-09-13,8499,31160,3946820,126.5,127.5,125.5,127.5,0.5,36,674
2021-09-14,8499,41091,5232102,126.5,128.0,126.5,128.0,0.5,42,630
2021-09-15,8499,44315,5676320,128.5,128.5,127.0,128.0,0.0,51,624
2021-09-16,8499,37203,4762516,128.5,128.5,127.5,128.0,0.0,43,633
2021-09-17,8499,20076,2558727,128.0,128.0,127.0,127.5,-0.5,26,732
2021-09-22,8499,53092,6566410,126.0,126.0,122.0,123.5,-4.0,53,656
2021-09-23,8499,33032,4090526,124.0,124.0,123.0,123.5,0.0,24,650
2021-09-24,8499,25567,3158425,124.0,124.0,123.0,123.5,0.0,38,700
2021-09-27,8499,22090,2722179,123.5,123.5,123.0,123.0,-0.5,24,756
2021-09-28,8499,49044,5932820,122.0,122.0,120.5,120.5,-2.5,51,620
2021-09-29,8499,70001,8234620,119.0,119.0,116.5,116.5,-4.0,65,628
2021-09-30,8499,47000,5499000,116.5,117.5,116.0,117.0,0.5,38,641
2021-10-01,8499,137041,15564797,115.5,115.5,111.0,113.5,-3.5,106,571
2021-10-04,8499,98136,10831732,112.5,113.0,109.0,111.0,-2.5,92,599
2021-10-05,8499,40501,4481061,110.0,113.5,108.0,111.5,0.5,54,677
2021-10-06,8499,22125,2497812,115.0,115.0,111.0,111.0,-0.5,27,736
2021-10-07,8499,43012,4888892,111.5,115.5,111.5,112.5,1.5,42,666
2021-10-08,8499,25073,2854968,113.5,114.0,113.5,113.5,1.0,23,700
2021-10-12,8499,39000,4325000,112.5,112.5,110.0,110.5,-3.0,38,676
2021-10-13,8499,58015,6304240,110.5,110.5,107.5,108.0,-2.5,55,617
2021-10-14,8499,43100,4708300,108.0,111.0,108.0,110.0,2.0,43,626
2021-10-15,8499,27250,3009000,112.0,112.0,108.5,110.5,0.5,29,712
2021-10-18,8499,42112,4733323,110.0,114.0,110.0,113.5,3.0,40,626
2021-10-19,8499,27000,3083500,115.0,115.0,113.5,114.0,0.5,22,722
2021-10-20,8499,22811,2622643,115.5,116.0,114.0,115.0,1.0,28,713
2021-10-21,8499,22316,2567018,116.0,116.5,114.5,114.5,-0.5,36,746
2021-10-22,8499,19151,2161276,114.0,114.0,112.0,112.0,-2.5,24,736
2021-10-25,8499,10165,1148730,113.0,113.5,112.0,113.5,1.5,15,829
2021-10-26,8499,20150,2304750,113.5,115.0,113.5,115.0,1.5,24,790
2021-10-27,8499,33641,3932270,115.5,117.5,115.5,117.5,2.5,50,682
2021-10-28,8499,14100,1644650,118.0,118.0,116.0,116.0,-1.5,16,784
2021-10-29,8499,24018,2771613,115.5,116.5,114.5,115.5,-0.5,22,749
2021-11-01,8499,34043,3966510,115.0,118.0,115.0,118.0,2.5,34,711
2021-11-02,8499,38100,4474800,119.0,119.0,116.5,117.5,-0.5,34,706
2021-11-03,8499,46138,5457505,117.5,119.5,117.5,118.5,1.0,42,657
2021-11-04,8499,180193,22849408,126.0,129.0,125.0,127.0,8.5,196,459
2021-11-05,8499,95672,11907072,127.0,127.5,123.0,124.0,-3.0,101,537
2021-11-08,8499,118171,15104566,124.0,129.0,124.0,128.0,4.0,104,542
2021-11-09,8499,100220,12805540,126.0,129.0,126.0,128.0,0.0,64,562
2021-11-10,8499,65136,8275908,127.0,128.5,125.5,128.5,0.5,55,641
2021-11-11,8499,151922,19684774,128.5,133.0,127.5,128.0,-0.5,141,517
2021-11-12,8499,116034,15034138,128.5,130.5,128.5,130.0,2.0,95,550
2021-11-15,8499,67168,8838115,131.0,132.0,131.0,131.5,1.5,67,650
2021-11-16,8499,46172,6090668,132.0,132.5,131.5,131.5,0.0,46,697
2021-11-17,8499,51191,6653075,132.0,132.0,129.0,129.5,-2.0,59,683
2021-11-18,8499,84394,10732741,130.0,130.0,126.0,126.5,-3.0,102,616
2021-11-19,8499,41168,5230784,126.0,128.0,126.0,128.0,1.5,37,704
2021-11-22,8499,33033,4208740,126.5,128.5,126.5,128.0,0.0,34,725
2021-11-23,8499,25109,3183813,127.0,127.5,126.5,127.0,-1.0,27,763
2021-11-24,8499,65102,8139603,125.5,125.5,124.5,125.5,-1.5,56,614
2021-11-25,8499,16076,2018231,126.0,126.0,125.0,126.0,0.5,22,787
2021-11-26,8499,42666,5272934,127.0,127.0,121.5,123.0,-3.0,64,739
2021-11-29,8499,80364,9668377,121.0,122.0,119.0,120.0,-3.0,88,627
2021-11-30,8499,33161,4078726,122.0,124.0,122.0,122.5,2.5,34,706
2021-12-01,8499,39300,4803245,123.0,123.5,121.0,123.0,0.5,48,677
2021-12-02,8499,25125,3068851,123.0,123.0,121.5,122.0,-1.0,34,732
2021-12-03,8499,21054,2577142,122.0,123.0,122.0,122.5,0.5,21,745
2021-12-06,8499,25000,3121000,122.5,126.5,122.5,125.5,3.0,24,721
2021-12-07,8499,20157,2518802,124.5,125.5,124.5,124.5,-1.0,25,770
2021-12-08,8499,40095,5027490,124.5,126.5,124.5,125.0,0.5,35,706
2021-12-09,8499,62436,7710469,126.0,126.0,121.5,123.0,-2.0,76,637
2021-12-10,8499,34000,4145500,121.5,123.0,120.0,122.5,-0.5,34,703
2021-12-13,8499,16400,2004499,123.0,123.0,121.5,122.0,-0.5,27,815
2021-12-14,8499,58020,7026460,122.0,122.0,120.0,121.0,-1.0,44,666
2021-12-15,8499,27300,3338400,122.0,123.0,121.5,123.0,2.0,34,721
2021-12-16,8499,56743,7093404,124.0,126.0,124.0,125.0,2.0,60,628
2021-12-17,8499,20251,2525019,125.0,125.0,124.0,125.0,0.0,35,779
2021-12-20,8499,47320,5950599,125.0,127.0,123.5,125.5,0.5,48,626
2021-12-21,8499,35602,4478051,124.5,126.0,124.5,125.5,0.0,47,666
2021-12-22,8499,26252,3305715,125.5,126.0,125.5,126.0,0.5,39,718
2021-12-23,8499,55286,6917021,126.5,126.5,122.5,124.5,-1.5,131,621
2021-12-24,8499,46085,5766647,125.0,126.0,124.5,125.0,0.5,80,648
2021-12-27,8499,36189,4561872,124.0,127.0,124.0,126.5,1.5,97,714
2021-12-28,8499,62268,7966806,127.0,129.0,127.0,128.0,1.5,64,636
2021-12-29,8499,23125,2965450,128.0,128.5,128.0,128.0,0.0,27,779
2021-12-30,8499,154495,20138502,128.5,132.0,128.0,131.0,3.0,174,484
2022-01-03,8499,83151,10930746,131.5,132.5,130.0,131.0,0.0,76,596
2022-01-04,8499,38439,5032504,130.5,131.5,130.5,131.5,0.5,95,705
2022-01-05,8499,36249,4713832,130.5,131.0,129.5,130.5,-1.0,46,713
2022-01-06,8499,41062,5337033,130.0,130.5,129.5,130.0,-0.5,38,682
2022-01-07,8499,54420,6984190,130.0,130.0,126.5,129.5,-0.5,74,684
2022-01-10,8499,52762,6805570,128.5,130.0,128.0,128.0,-1.5,58,628
2022-01-11,8499,184561,24503018,132.5,135.5,130.0,130.5,2.5,384,504
2022-01-12,8499,27359,3564252,130.5,132.5,129.0,129.0,-1.5,37,739
2022-01-13,8499,69417,9011638,129.5,132.5,128.5,128.5,-0.5,166,580
2022-01-14,8499,40007,5150901,128.0,130.0,128.0,129.5,1.0,40,712
2022-01-17,8499,62154,8061942,129.5,130.5,129.0,130.0,0.5,58,581
2022-01-18,8499,17099,2223865,130.0,130.5,129.5,130.0,0.0,21,750
2022-01-19,8499,21250,2744255,128.5,130.0,128.5,129.5,-0.5,26,732
2022-01-20,8499,26193,3376493,129.5,130.0,128.0,129.0,-0.5,26,688
2022-01-21,8499,57147,7287687,129.5,130.0,126.0,126.0,-3.0,62,641
2022-01-24,8499,31000,3891000,126.0,126.5,125.0,126.0,0.0,30,726
2022-01-25,8499,107300,13350083,126.0,126.0,123.0,123.0,-3.0,133,548
2022-01-26,8499,26057,3187999,122.0,123.5,122.0,122.5,-0.5,32,716
2022-02-07,8499,35183,4378421,126.0,126.0,123.5,125.0,2.5,114,684
2022-02-08,8499,17370,2172255,125.0,125.5,124.5,125.0,0.0,105,763
2022-02-09,8499,65139,8348520,124.5,130.0,124.5,130.0,5.0,110,597
2022-02-10,8499,87020,11329590,129.0,131.5,128.5,131.0,1.0,49,543
2022-02-11,8499,55490,7266705,129.5,131.5,129.5,131.5,0.5,60,606
2022-02-14,8499,69188,8863686,131.5,131.5,126.5,126.5,-5.0,125,600
2022-02-15,8499,46376,5854120,125.5,127.0,125.5,126.0,-0.5,62,633
2022-02-16,8499,12015,1536420,127.0,128.5,127.0,127.5,1.5,13,826
2022-02-17,8499,53069,6697297,126.5,127.5,125.5,125.5,-2.0,55,625
2022-02-18,8499,54206,6914977,125.5,129.0,125.5,128.5,3.0,40,609
2022-02-21,8499,34000,4369000,128.0,129.5,128.0,128.0,-0.5,16,679
2022-02-22,8499,48001,6106132,126.5,128.0,126.0,128.0,0.0,38,677
2022-02-23,8499,40011,5201916,128.5,131.0,128.5,130.0,2.0,37,618
2022-02-24,8499,44463,5666007,127.5,129.5,126.0,126.5,-3.5,47,724
2022-02-25,8499,44459,5615064,127.0,127.0,126.0,126.0,-0.5,41,663
2022-03-01,8499,23040,2921637,126.5,128.5,126.0,127.0,1.0,22,749
2022-03-02,8499,32014,4069778,128.0,128.5,126.0,128.5,1.5,27,666
2022-03-03,8499,11266,1458580,129.0,130.0,129.0,129.0,0.5,17,798
2022-03-04,8499,14085,1799752,128.0,128.5,127.0,127.5,-1.5,16,800
2022-03-07,8499,83232,10310000,128.0,128.0,123.0,123.0,-4.5,90,653
2022-03-08,8499,42382,5160174,123.0,123.5,120.0,120.0,-3.0,49,741
2022-03-09,8499,32060,3938349,122.0,124.0,121.0,122.5,2.5,33,704
2022-03-10,8499,33313,4184781,124.5,126.5,124.5,125.0,2.5,37,688
2022-03-11,8499,34000,4298500,126.0,127.0,125.5,127.0,2.0,31,645
2022-03-14,8499,15000,1907000,127.5,128.0,126.0,127.0,0.0,15,759
2022-03-15,8499,15035,1883885,127.0,127.0,124.5,125.0,-2.0,16,799
2022-03-16,8499,27108,3359320,126.5,126.5,123.0,123.5,-1.5,32,717
2022-03-17,8499,26010,3275260,125.0,126.5,125.0,126.5,3.0,25,751
2022-03-18,8499,17000,2141000,126.5,126.5,125.5,126.0,-0.5,16,742
2022-03-21,8499,25100,3172600,126.0,127.0,126.0,126.0,0.0,22,708
2022-03-22,8499,12100,1519749,126.0,126.0,125.0,125.0,-1.0,13,788
2022-03-23,8499,35020,4451580,126.0,128.5,126.0,128.5,3.5,31,694
2022-03-24,8499,31206,3998921,127.5,129.0,127.5,129.0,0.5,34,692
2022-03-25,8499,49102,6352862,128.5,130.0,128.5,130.0,1.0,45,646
2022-03-28,8499,62022,7861317,128.5,128.5,125.0,127.0,-3.0,53,600
2022-03-29,8499,51035,6448445,127.0,127.5,126.0,126.0,-1.0,47,616
2022-03-30,8499,30300,3834300,126.5,128.0,126.0,127.5,1.5,33,721
2022-03-31,8499,25083,3160701,126.5,127.0,125.5,125.5,-2.0,49,716
2022-04-01,8499,29429,3697224,125.5,126.0,125.0,125.0,-0.5,36,703
2022-04-06,8499,15118,1894277,125.0,126.0,125.0,125.5,0.5,78,798
2022-04-07,8499,41048,5110000,125.0,125.5,123.0,124.0,-1.5,51,709
2022-04-08,8499,9207,1144732,124.0,125.0,124.0,124.0,0.0,29,844
2022-04-11,8499,33115,4044150,123.5,123.5,121.5,121.5,-2.5,36,754
2022-04-12,8499,131700,15339682,120.0,120.0,114.0,115.0,-6.5,144,517
2022-04-13,8499,51017,5894489,116.0,117.0,114.0,117.0,2.0,56,640
2022-04-14,8499,33205,3862565,118.0,118.0,115.5,115.5,-1.5,39,686
2022-04-15,8499,35330,4005915,114.5,114.5,112.5,113.0,-2.5,40,696
2022-04-18,8499,40734,4584508,113.0,114.0,112.0,113.0,0.0,56,684
2022-04-19,8499,31375,3575596,113.5,115.0,113.0,115.0,2.0,40,692
2022-04-20,8499,36040,4150167,116.0,116.0,114.5,115.5,0.5,36,676
2022-04-21,8499,30219,3457668,115.5,115.5,114.0,115.0,-0.5,37,693
2022-04-22,8499,62241,7060789,115.0,115.0,112.5,112.5,-2.5,65,608
2022-04-25,8499,186504,22048119,117.0,122.5,113.0,115.5,3.0,196,515
2022-04-26,8499,58273,6699478,116.0,116.5,113.5,114.0,-1.5,98,616
2022-04-27,8499,46113,5115574,112.0,112.5,110.0,112.0,-2.0,68,730
2022-04-28,8499,27020,3068370,113.5,114.5,112.0,113.5,1.5,26,705
2022-04-29,8499,21000,2396500,113.5,115.0,113.5,115.0,1.5,18,731
2022-05-03,8499,38061,4337393,113.5,115.0,113.0,113.0,-2.0,95,635
2022-05-04,8499,25099,2865334,114.0,114.5,113.5,114.0,1.0,41,695
2022-05-05,8499,28110,3211220,114.0,115.5,113.5,113.5,-0.5,30,689
2022-05-06,8499,19100,2152900,113.0,113.0,112.5,112.5,-1.0,19,769
2022-05-09,8499,63630,6944451,112.5,112.5,108.0,108.5,-4.0,72,648
2022-05-10,8499,103186,11046010,108.0,108.5,106.0,107.0,-1.5,78,546
2022-05-11,8499,69432,7554380,106.0,110.5,106.0,109.5,2.5,67,585
2022-05-12,8499,24522,2658658,108.5,109.5,107.5,108.0,-1.5,23,800
2022-05-13,8499,17129,1868319,108.5,111.0,108.5,109.0,1.0,18,800
2022-05-16,8499,26000,2858000,111.0,111.5,109.0,110.5,1.5,18,720
2022-05-17,8499,13220,1484810,111.5,113.0,111.5,112.5,2.0,18,805
2022-05-18,8499,39000,4385500,112.0,114.0,111.5,114.0,1.5,33,697
2022-05-19,8499,58006,6398169,110.5,111.5,109.5,109.5,-4.5,50,604
2022-05-20,8499,41000,4529500,110.5,112.0,109.5,111.0,1.5,37,626
2022-05-23,8499,12000,1332500,112.5,112.5,110.5,111.0,0.0,12,798
2022-05-24,8499,17222,1893662,110.5,110.5,109.5,110.0,-1.0,21,754
2022-05-25,8499,21000,2312500,110.0,110.5,110.0,110.5,0.5,15,721
2022-05-26,8499,34000,3742500,111.0,111.0,109.0,110.0,-0.5,26,653
2022-05-27,8499,21001,2331111,111.0,112.0,110.5,110.5,0.5,13,725
2022-05-30,8499,25000,2811000,111.0,113.0,111.0,113.0,2.5,24,742
2022-05-31,8499,15150,1701450,113.0,113.0,112.0,112.5,-0.5,16,757
2022-06-01,8499,33298,3771770,112.5,114.0,112.5,113.0,0.5,30,703
2022-06-02,8499,8215,925698,113.0,113.0,112.5,112.5,-0.5,15,847
2022-06-06,8499,8000,905000,113.0,114.0,113.0,113.0,0.5,8,854
2022-06-07,8499,21029,2380364,113.0,113.5,113.0,113.5,0.5,20,740
2022-06-08,8499,67285,7567335,113.5,113.5,111.5,112.0,-1.5,65,581
2022-06-09,8499,24000,2716000,114.0,114.0,113.0,113.5,1.5,20,698
2022-06-10,8499,28137,3172988,113.0,113.5,112.0,112.5,-1.0,30,703
2022-06-13,8499,91598,10501467,113.0,117.0,112.0,115.0,2.5,101,593
2022-06-14,8499,52020,5898780,114.0,114.5,112.5,113.0,-2.0,48,651
2022-06-15,8499,33193,3793616,113.0,116.0,113.0,114.5,1.5,42,706
2022-06-16,8499,103071,12065318,116.5,119.5,114.0,114.5,0.0,98,554
2022-06-17,8499,58051,6598263,114.5,114.5,113.0,114.0,-0.5,51,636
2022-06-20,8499,59234,6753904,114.5,115.5,113.0,114.0,0.0,50,672
2022-06-21,8499,36125,4183836,115.0,117.0,114.5,117.0,3.0,37,708
2022-06-22,8499,45132,5297978,119.0,119.0,116.5,117.0,0.0,48,658
2022-06-23,8499,47534,5620773,119.0,120.0,117.0,117.5,0.5,50,673
2022-06-24,8499,28290,3372300,118.5,120.0,118.5,119.5,2.0,26,732
2022-06-27,8499,33071,3939484,120.5,120.5,118.5,118.5,-1.0,34,709
2022-06-28,8499,13300,1565700,118.5,118.5,117.5,117.5,-1.0,14,749
2022-06-29,8499,29646,3448566,117.0,117.0,115.0,117.0,-0.5,33,649
2022-06-30,8499,39326,4505000,116.0,116.0,114.0,115.0,-2.0,40,708
2022-07-01,8499,45355,5116767,113.5,114.0,111.5,112.5,-2.5,58,725
2022-07-04,8499,29000,3276500,113.0,114.0,111.5,111.5,-1.0,26,721
2022-07-05,8499,26000,2913500,111.5,113.0,111.0,112.5,1.0,22,732
2022-07-06,8499,30000,3306000,112.0,112.0,109.0,110.0,-2.5,26,716
2022-07-07,8499,25153,2784820,109.0,112.0,109.0,111.5,1.5,26,709
2022-07-08,8499,18000,2031000,113.0,113.5,112.0,113.5,2.0,14,752
2022-07-11,8499,78135,9233305,117.0,120.0,116.0,117.5,4.0,71,514
2022-07-12,8499,11010,1268175,114.0,116.5,114.0,116.5,-1.0,12,854
2022-07-13,8499,20005,2345585,119.0,119.0,116.5,117.5,1.0,21,745
2022-07-14,8499,11004,1284470,117.0,117.0,116.5,117.0,-0.5,11,780
2022-07-15,8499,16000,1854000,116.0,116.5,115.5,115.5,-1.5,16,754
2022-07-18,8499,14000,1626500,116.0,116.5,115.5,116.0,0.5,14,786
2022-07-19,8499,6000,692500,115.0,116.0,115.0,116.0,0.0,6,850
2022-07-20,8499,13148,1525816,116.5,116.5,115.5,115.5,-0.5,17,836
2022-07-21,8499,9000,1044500,116.0,117.0,115.0,117.0,1.5,9,813
2022-07-22,8499,12128,1402623,116.0,116.5,115.0,116.5,-0.5,17,794
2022-07-25,8499,5019,582204,116.0,116.0,116.0,116.0,-0.5,6,854
2022-07-26,8499,9551,1104377,115.5,116.0,115.0,116.0,0.0,17,830
2022-07-27,8499,12143,1400038,115.0,116.0,115.0,115.5,-0.5,15,765
2022-07-28,8499,11000,1279000,116.0,117.0,115.5,116.0,0.5,11,810
2022-07-29,8499,37946,4375451,116.0,116.0,114.5,115.0,-1.0,41,626
2022-08-01,8499,35010,4001644,115.0,115.0,113.5,114.5,-0.5,34,643
2022-08-02,8499,34089,3849557,113.5,113.5,112.5,113.0,-1.5,33,681
2022-08-03,8499,26000,2926000,114.5,114.5,112.0,112.0,-1.0,25,693
2022-08-04,8499,24000,2681000,112.0,112.5,111.0,112.5,0.5,23,745
2022-08-05,8499,16200,1835300,112.5,114.5,112.5,114.0,1.5,17,775
2022-08-08,8499,12000,1357000,113.0,113.5,113.0,113.5,-0.5,10,792
2022-08-09,8499,6001,680614,113.5,114.0,113.0,114.0,0.5,7,871
2022-08-10,8499,14001,1587615,113.5,115.0,113.0,113.0,-1.0,14,806
2022-08-11,8499,53697,5945868,111.0,111.5,110.0,110.5,-2.5,62,668
2022-08-12,8499,34050,3748250,110.0,111.5,109.5,111.5,1.0,33,719
2022-08-15,8499,23000,2551500,111.5,111.5,110.5,111.0,-0.5,21,785
2022-08-16,8499,9000,997000,110.5,111.0,110.5,111.0,0.0,9,864
2022-08-17,8499,15246,1683607,111.0,111.0,110.0,110.0,-1.0,21,849
2022-08-18,8499,15528,1712203,109.5,111.0,109.5,111.0,1.0,28,796
2022-08-19,8499,15000,1673500,111.0,112.0,111.0,112.0,1.0,13,824
2022-08-22,8499,23036,2566562,112.0,112.0,111.0,111.0,-1.0,18,773
2022-08-23,8499,5195,573676,111.0,111.0,110.0,110.0,-1.0,16,895
2022-08-24,8499,29220,3223200,110.0,112.0,110.0,110.5,0.5,35,731
2022-08-25,8499,16200,1821100,111.0,113.5,111.0,113.0,2.5,18,813
2022-08-26,8499,160040,18351438,115.0,117.0,113.0,113.0,0.0,157,493
2022-08-29,8499,23145,2573052,111.5,112.0,110.0,111.5,-1.5,33,797
2022-08-30,8499,10238,1152015,111.5,113.5,111.5,113.5,2.0,21,864
2022-08-31,8499,15048,1700451,113.5,113.5,112.5,113.0,-0.5,20,811
2022-09-01,8499,46616,5189278,112.5,112.5,110.5,112.0,-1.0,54,694
2022-09-02,8499,5000,560000,111.5,112.5,111.5,112.5,0.5,5,900
2022-09-05,8499,14215,1591220,111.5,112.5,111.0,112.5,0.0,18,823
2022-09-06,8499,17417,1938451,111.5,111.5,111.0,111.5,-1.0,30,795
2022-09-07,8499,13000,1441000,111.5,111.5,110.0,111.5,0.0,12,837
2022-09-08,8499,126336,13817027,111.5,112.5,107.5,108.5,-3.0,138,470
2022-09-12,8499,59059,6401685,109.5,109.5,107.5,108.0,-0.5,66,636
2022-09-13,8499,42170,4695082,111.0,112.5,111.0,111.0,3.0,48,658
2022-09-14,8499,27003,2980837,108.5,111.5,108.5,111.0,0.0,25,730
2022-09-15,8499,27246,2998306,111.0,111.0,109.0,111.0,0.0,39,723
2022-09-16,8499,11313,1246658,109.5,111.0,109.5,110.0,-1.0,19,819
2022-09-19,8499,13018,1418488,110.0,110.0,108.5,109.0,-1.0,15,822
2022-09-20,8499,10004,1090946,109.0,109.5,108.5,109.5,0.5,12,830
2022-09-21,8499,17002,1844224,108.5,109.0,108.0,108.5,-1.0,18,793
2022-09-22,8499,26201,2837347,108.0,109.0,107.5,109.0,0.5,57,747
2022-09-23,8499,15086,1630505,109.0,109.0,107.5,108.0,-1.0,21,809
2022-09-26,8499,39109,4144961,107.5,107.5,105.0,105.5,-2.5,64,767
2022-09-27,8499,13237,1404609,105.0,107.0,104.0,107.0,1.5,21,819
2022-09-28,8499,46495,4834057,106.0,106.0,103.0,104.0,-3.0,46,745
2022-09-29,8499,16170,1686272,104.5,105.0,104.0,104.0,0.0,18,795
2022-09-30,8499,16342,1721266,103.0,107.0,103.0,106.5,2.5,21,790
2022-10-03,8499,30203,3175119,103.0,106.5,103.0,106.0,-0.5,33,652
2022-10-04,8499,17343,1853822,107.0,107.5,106.5,107.5,1.5,20,765
2022-10-05,8499,19149,2072255,108.5,109.5,107.5,107.5,0.0,22,771
2022-10-06,8499,6109,659381,107.0,109.0,106.5,109.0,1.5,10,836
2022-10-07,8499,7246,778128,108.0,108.0,107.0,107.0,-2.0,13,822
2022-10-11,8499,62735,6461974,104.5,104.5,102.0,103.0,-4.0,66,655
2022-10-12,8499,29000,2943500,103.0,103.0,100.5,101.5,-1.5,25,714
2022-10-13,8499,33650,3375620,101.5,101.5,99.0,99.0,-2.5,54,781
2022-10-14,8499,17362,1763525,103.0,103.0,101.0,102.0,3.0,30,794
2022-10-17,8499,29037,2913994,102.0,102.0,99.7,101.0,-1.0,32,694
2022-10-18,8499,22026,2241191,102.5,102.5,100.5,102.0,1.0,24,717
2022-10-19,8499,8012,817727,102.0,102.5,102.0,102.0,0.0,9,830
2022-10-20,8499,36251,3711013,102.5,103.0,101.5,102.0,0.0,45,659
2022-10-21,8499,33096,3408450,102.5,103.5,101.5,102.5,0.5,28,641
2022-10-24,8499,9130,942642,103.0,104.0,102.5,104.0,1.5,17,819
2022-10-25,8499,50015,5101565,104.5,104.5,100.5,102.5,-1.5,51,597
2022-10-26,8499,118386,11880220,102.0,102.0,100.0,100.0,-2.5,100,430
2022-10-27,8499,47687,4862558,102.0,103.0,101.0,103.0,3.0,58,588
2022-10-28,8499,40096,4118908,103.0,103.0,102.0,102.0,-1.0,34,582
2022-10-31,8499,87251,9306414,106.0,108.0,105.5,105.5,3.5,122,444
2022-11-01,8499,53260,5725195,106.0,109.0,106.0,108.0,2.5,69,547
2022-11-02,8499,34431,3728814,109.0,109.0,107.0,107.0,-1.0,63,616
2022-11-03,8499,26607,2852021,106.0,108.0,106.0,108.0,1.0,38,644
2022-11-04,8499,60077,6448045,108.5,108.5,107.0,108.0,0.0,80,542
2022-11-07,8499,125585,13652385,109.5,110.0,107.5,109.0,1.0,141,460
2022-11-08,8499,94139,9475529,102.0,102.0,100.0,101.0,0.0,121,527
2022-11-09,8499,33011,3365705,101.5,102.5,101.5,102.5,1.5,44,720
2022-11-10,8499,117346,12308810,104.0,106.0,104.0,104.5,2.0,104,472
2022-11-11,8499,92200,9381806,104.5,104.5,100.0,100.5,-4.0,126,587
2022-11-14,8499,52376,5305099,100.5,102.5,100.0,101.5,1.0,51,670
2022-11-15,8499,43004,4348906,101.0,101.5,100.5,101.5,0.0,40,696
2022-11-16,8499,40206,4054909,102.0,102.0,100.5,100.5,-1.0,40,712
2022-11-17,8499,39118,3927418,101.0,101.0,100.0,101.0,0.5,46,658
2022-11-18,8499,49501,5003503,101.0,101.5,100.5,100.5,-0.5,47,628
2022-11-21,8499,17096,1726244,101.0,101.5,100.5,101.0,0.5,17,753
2022-11-22,8499,20040,2033555,101.0,101.5,101.0,101.5,0.5,22,724
2022-11-23,8499,27072,2764376,102.0,102.5,102.0,102.5,1.0,22,699
2022-11-24,8499,40610,4167071,102.0,104.5,101.5,103.5,1.0,52,665
2022-11-25,8499,11100,1135768,103.5,103.5,101.0,102.0,-1.5,21,835
2022-11-28,8499,43285,4355959,101.0,101.5,100.0,101.0,-1.0,62,642
2022-11-29,8499,41413,4159858,100.5,101.5,99.9,101.5,0.5,41,637
2022-11-30,8499,24330,2466650,101.5,102.0,100.5,102.0,0.5,28,774
2022-12-01,8499,73027,7468260,102.5,103.0,102.0,102.5,0.5,54,656
2022-12-02,8499,34244,3494808,102.5,102.5,101.5,102.5,0.0,40,723
2022-12-05,8499,110664,11600406,103.0,106.5,103.0,106.5,4.0,127,548
2022-12-06,8499,40598,4270807,106.0,106.0,104.5,104.5,-2.0,38,718
2022-12-07,8499,50419,5283021,105.0,106.0,104.0,105.0,0.5,50,671
2022-12-08,8499,17163,1798108,105.5,105.5,104.0,105.0,0.0,32,751
2022-12-09,8499,20380,2131825,105.0,105.0,104.0,104.5,-0.5,37,744
2022-12-12,8499,32532,3324216,102.5,103.0,101.5,102.5,-2.0,48,678
2022-12-13,8499,48044,4880020,102.5,102.5,101.0,102.0,-0.5,34,657
2022-12-14,8499,36298,3728865,102.5,103.0,101.5,102.5,0.5,34,701
2022-12-15,8499,12100,1244300,103.0,103.0,102.5,103.0,0.5,19,816
2022-12-16,8499,34618,3554403,102.0,104.0,102.0,102.0,-1.0,45,720
2022-12-19,8499,17000,1739000,104.0,104.0,102.0,102.0,0.0,16,758
2022-12-20,8499,22457,2270237,102.0,102.0,100.5,100.5,-1.5,30,795
2022-12-21,8499,30538,3080550,100.5,101.0,100.5,100.5,0.0,38,669
2022-12-22,8499,22364,2256796,101.5,101.5,100.5,101.5,1.0,33,700
2022-12-23,8499,22325,2243987,100.0,101.5,100.0,101.0,-0.5,27,681
2022-12-26,8499,37080,3711332,100.5,100.5,100.0,100.5,-0.5,52,596
2022-12-27,8499,8212,824325,100.5,100.5,100.0,100.5,0.0,21,832
2022-12-28,8499,18422,1842504,100.5,100.5,100.0,100.0,-0.5,40,765
2022-12-29,8499,21346,2120919,100.0,100.0,98.5,99.2,-0.8,32,717
2022-12-30,8499,9266,926014,100.0,100.0,99.8,99.8,0.6,20,813
2023-01-03,8499,14205,1415479,99.8,99.8,99.6,99.7,-0.1,20,770
2023-01-04,8499,6097,609455,100.0,100.0,99.9,99.9,0.2,8,848
2023-01-05,8499,12286,1229219,99.7,100.5,99.7,100.0,0.1,20,800
2023-01-06,8499,18361,1844220,99.9,101.0,99.9,101.0,1.0,23,730
2023-01-09,8499,19521,1972185,100.5,102.0,100.0,101.5,0.5,29,771
2023-01-10,8499,24296,2446442,101.0,101.5,100.0,101.5,0.0,42,715
2023-01-11,8499,14905,1503332,101.5,101.5,100.5,101.0,-0.5,24,783
2023-01-12,8499,30049,3032953,101.0,101.5,100.5,100.5,-0.5,32,686
2023-01-13,8499,7112,717812,101.0,101.0,100.5,101.0,0.5,11,861
2023-01-16,8499,30200,3060200,101.5,101.5,101.0,101.0,0.0,21,670
2023-01-17,8499,25225,2550230,101.5,101.5,100.5,101.0,0.0,27,706
2023-01-30,8499,21170,2156389,102.5,102.5,101.5,101.5,0.5,26,798
2023-01-31,8499,35033,3595914,102.0,104.0,101.5,104.0,2.5,37,702
2023-02-01,8499,53384,5566651,103.5,105.5,103.0,105.5,1.5,55,664
2023-02-02,8499,51611,5471220,106.0,107.5,105.0,107.5,2.0,67,678
2023-02-03,8499,16330,1744650,107.0,107.0,106.5,107.0,-0.5,31,806
2023-02-06,8499,43645,4588432,107.0,107.0,104.0,105.5,-1.5,48,663
2023-02-07,8499,14124,1474420,105.0,105.5,104.0,105.5,0.0,21,789
2023-02-08,8499,14075,1477375,105.0,105.0,104.5,105.0,-0.5,24,825
2023-02-09,8499,14050,1472750,105.0,105.0,104.5,104.5,-0.5,29,816
2023-02-10,8499,19547,2053002,105.5,105.5,104.5,105.0,0.5,56,802
2023-02-13,8499,20197,2101661,104.0,104.5,103.5,103.5,-1.5,28,781
2023-02-14,8499,14125,1463567,103.5,104.0,103.5,104.0,0.5,17,818
2023-02-15,8499,6452,666620,103.5,103.5,103.0,103.5,-0.5,17,902
2023-02-16,8499,21348,2228540,103.5,105.5,103.5,105.5,2.0,22,785
2023-02-17,8499,5400,565169,104.5,105.0,104.5,104.5,-1.0,13,900
2023-02-20,8499,26541,2771555,106.0,106.0,103.0,104.0,-0.5,43,808
2023-02-21,8499,55015,5680992,104.5,104.5,103.0,103.0,-1.0,62,676
2023-02-22,8499,42564,4409671,103.5,104.0,103.0,103.5,0.5,53,726
2023-02-23,8499,37395,3957102,104.0,107.0,103.5,105.5,2.0,52,770
2023-02-24,8499,13182,1392701,105.5,106.0,105.0,105.0,-0.5,47,858
2023-03-01,8499,22157,2347717,105.0,106.5,105.0,106.0,1.0,207,807
2023-03-02,8499,21653,2293302,107.0,107.0,105.0,106.0,0.0,70,808
2023-03-03,8499,38970,4126224,106.5,106.5,105.5,106.5,0.5,45,742
2023-03-06,8499,33323,3555476,107.0,107.0,106.0,106.5,0.0,38,814
2023-03-07,8499,49340,5216054,106.5,106.5,105.0,105.5,-1.0,52,759
2023-03-08,8499,20364,2136579,105.0,105.5,104.5,105.5,0.0,30,845
2023-03-09,8499,41383,4346823,105.5,106.0,104.0,105.0,-0.5,42,782
2023-03-10,8499,89361,9210464,103.0,104.5,101.0,104.5,-0.5,111,703
2023-03-13,8499,183716,19448579,103.5,108.0,103.0,107.0,2.5,162,552
2023-03-14,8499,179334,19552001,105.5,111.5,105.5,107.5,0.5,160,485
2023-03-15,8499,37067,3962263,108.0,108.0,105.5,105.5,-2.0,36,738
2023-03-16,8499,186481,20286615,104.5,110.5,104.5,108.5,3.0,148,537
2023-03-17,8499,65458,7252318,109.5,112.0,109.0,109.0,0.5,77,628
2023-03-20,8499,50393,5434565,108.5,108.5,107.5,107.5,-1.5,48,654
2023-03-21,8499,87045,9500946,107.5,110.5,106.5,110.0,2.5,64,598
2023-03-22,8499,103321,11374011,110.0,111.0,109.5,110.5,0.5,59,583
2023-03-23,8499,58925,6525651,109.5,112.0,109.5,111.0,0.5,59,650
2023-03-24,8499,136010,15383483,111.5,114.5,111.5,113.0,2.0,136,555
2023-03-27,8499,381334,39728803,104.0,106.0,102.0,105.0,-8.0,935,394
2023-03-28,8499,119880,12385399,105.0,105.0,102.0,103.0,-2.0,181,575
2023-03-29,8499,102972,10488552,103.0,103.5,100.5,103.0,0.0,180,577
2023-03-30,8499,18448,1902610,103.5,103.5,102.5,102.5,-0.5,42,817
2023-03-31,8499,51299,5258302,103.5,103.5,102.0,102.5,0.0,54,652
2023-04-06,8499,112391,11740527,103.5,106.0,103.0,105.0,2.5,111,568
2023-04-07,8499,49312,5230844,105.5,107.0,105.5,106.0,1.0,66,680
2023-04-10,8499,46151,4913606,106.5,106.5,106.0,106.5,0.5,36,711
2023-04-11,8499,26720,2835181,106.5,106.5,105.5,106.0,-0.5,39,810
2023-04-12,8499,60505,6457581,106.5,107.5,106.0,107.0,1.0,59,716
2023-04-13,8499,67148,7253528,107.0,109.0,106.5,108.5,1.5,82,699
2023-04-14,8499,64679,7044384,108.5,109.5,108.5,109.0,0.5,64,687
2023-04-17,8499,37834,4140488,109.5,110.0,109.0,109.5,0.5,113,799
2023-04-18,8499,42350,4632766,110.0,110.0,109.0,109.5,0.0,53,759
2023-04-19,8499,55577,6078564,110.0,110.5,108.5,109.0,-0.5,59,727
2023-04-20,8499,33323,3617404,109.0,109.5,107.5,109.0,0.0,42,785
2023-04-21,8499,105298,11171814,108.5,109.0,105.0,105.0,-4.0,92,653
2023-04-24,8499,31154,3271684,105.0,106.0,104.5,105.0,0.0,63,751
2023-04-25,8499,38295,4036976,105.0,106.5,105.0,106.0,1.0,37,777
2023-04-26,8499,17040,1797220,105.5,106.0,105.0,105.5,-0.5,18,819
2023-04-27,8499,19100,2018600,105.5,106.5,105.0,106.0,0.5,20,783
2023-04-28,8499,34190,3640233,106.0,107.0,106.0,107.0,1.0,33,729
2023-05-02,8499,24350,2580450,106.0,106.5,105.5,106.0,-1.0,27,793
2023-05-03,8499,36674,3868268,106.0,106.0,105.0,105.5,-0.5,31,709
2023-05-04,8499,23280,2478806,105.5,108.0,105.5,107.0,1.5,29,781
2023-05-05,8499,18714,1994985,107.5,107.5,106.0,106.5,-0.5,24,811
2023-05-08,8499,61186,6507867,107.0,107.0,105.5,105.5,-1.0,63,654
2023-05-09,8499,55145,5757240,105.5,105.5,103.5,103.5,-2.0,51,690
2023-05-10,8499,39105,4033375,105.0,105.0,103.0,103.0,-0.5,38,707
2023-05-11,8499,70544,7296050,105.0,105.0,102.0,103.0,0.0,75,705
2023-05-12,8499,31548,3223090,102.0,102.5,102.0,102.0,-1.0,49,737
2023-05-15,8499,76672,7705135,102.0,102.0,99.8,100.0,-2.0,82,632
2023-05-16,8499,69302,6938369,101.5,101.5,99.6,100.0,0.0,70,647
2023-05-17,8499,54018,5508836,101.0,103.5,100.5,103.0,3.0,54,746
2023-05-18,8499,50026,5122177,103.0,103.0,101.0,102.0,-1.0,49,716
2023-05-19,8499,41215,4206146,102.0,103.0,101.5,101.5,-0.5,45,726
2023-05-22,8499,28099,2858647,102.0,102.5,101.5,101.5,0.0,28,778
2023-05-23,8499,24100,2466249,101.5,103.0,101.5,103.0,1.5,27,816
2023-05-24,8499,34217,3511851,103.5,103.5,102.0,102.5,-0.5,35,774
2023-05-25,8499,20001,2047602,102.5,103.0,102.0,102.0,-0.5,21,822
2023-05-26,8499,47602,4821952,102.5,102.5,100.5,101.0,-1.0,50,727
2023-05-29,8499,21060,2131080,101.0,102.0,100.5,101.5,0.5,24,820
2023-05-30,8499,22046,2248669,102.0,102.5,101.5,101.5,0.0,23,795
2023-05-31,8499,22001,2246102,101.5,102.5,101.5,102.5,1.0,21,811
2023-06-01,8499,21384,2179860,102.5,102.5,101.5,102.5,0.0,27,814
2023-06-02,8499,19267,1954866,101.5,101.5,101.0,101.5,-1.0,20,862
2023-06-05,8499,41804,4232584,102.0,102.0,101.0,101.0,-0.5,46,780
2023-06-06,8499,64725,6491300,101.0,101.0,100.0,100.5,-0.5,64,682
2023-06-07,8499,43578,4372378,100.5,100.5,100.0,100.5,0.0,43,776
2023-06-08,8499,23248,2333548,100.5,100.5,100.0,100.0,-0.5,35,823
2023-06-09,8499,47107,4725759,100.5,101.0,100.0,101.0,1.0,45,761
2023-06-12,8499,36447,3663320,100.5,101.0,100.0,100.5,-0.5,38,802
2023-06-13,8499,52508,5286685,101.0,101.0,100.5,100.5,0.0,60,742
2023-06-14,8499,56035,5652052,101.0,101.5,100.5,101.0,0.5,45,734
2023-06-15,8499,31544,3184615,100.5,101.5,100.5,101.5,0.5,41,806
2023-06-16,8499,39686,3996369,101.0,101.0,100.5,101.0,-0.5,45,798
2023-06-19,8499,31197,3131907,101.0,101.0,100.0,100.0,-1.0,32,801
2023-06-20,8499,59076,5914676,100.5,101.0,100.0,100.0,0.0,47,703
